% Model:              Cav_Hex_Unif_flux_v5.1.2 - Wall Distn.mph
% Version:            COMSOL 5.5.0.359
% Date:               Nov 21 2021, 10:26
% Dimension:          1
% Nodes:              328
% Expressions:        7
% Description:        Line graph
% x                       Height                   Height                   Height                   Height                   Height                   Height                   Height
0                         513.5881757132689        596.1952338233012        672.836987792424         746.3538899426721        816.645915992928         883.3240613182153        946.0209736047029
0.07645259938837923       513.0662974293143        595.5901268867029        672.1744644977014        745.6447988891118        815.8982784753125        882.5455511088259        945.2188990603433
0.15290519877675846       512.5444191453596        594.9850199501045        671.5119412029786        744.9357078355514        815.1506409576969        881.7670408994363        944.4168245159836
0.2293577981651377        512.022540861405         594.3799130135062        670.849417908256         744.2266167819911        814.4030034400813        880.9885306900469        943.614749971624
0.3058103975535169        511.5378999897946        593.8432424541769        670.2754432020264        743.6227282298431        813.7761473479615        880.3455214588487        942.9623088240947
0.38226299694189614       511.0532591181841        593.3065718948475        669.7014684957967        743.018839677695         813.1492912558414        879.7025122276505        942.3098676765653
0.4587155963302754        510.56861824657364       592.7699013355182        669.1274937895671        742.414951125547         812.5224351637213        879.0595029964522        941.657426529036
0.5351681957186548        510.09413520692374       592.2426583914012        668.5624780592601        741.8205939903796        811.9061767349081        878.4283667699376        941.0182604241207
0.6116207951070343        509.6196521672737        591.715415447284         667.997462328953         741.2262368552122        811.2899183060947        877.7972305434229        940.3790943192053
0.6880733944954137        509.1451691276238        591.188172503167         667.4324465986459        740.6318797200447        810.6736598772814        877.1660943169082        939.7399282142899
0.7645259938837929        508.682463863488         590.6751668033753        666.8861200765966        740.0613324310086        810.0859479111336        876.5679086452427        939.1378649310763
0.840978593272172         508.2197585993522        590.1621611035835        666.3397935545472        739.4907851419725        809.4982359449857        875.969722973577         938.5358016478624
0.9174311926605512        507.75705333521637       589.6491554037916        665.7934670324978        738.9202378529365        808.9105239788378        875.3715373019112        937.9337383646485
0.9938837920489304        507.28716750548966       589.1294517407383        665.2417432884876        738.3448575115992        808.318113326157         874.7688354958836        937.3273913091908
1.0703363914373094        506.81728167576284       588.6097480776851        664.6900195444771        737.7694771702619        807.7257026734761        874.1661336898559        936.721044253733
1.1467889908256887        506.3473958460361        588.0900444146318        664.1382958004667        737.1940968289247        807.1332920207954        873.5634318838282        936.1146971982753
1.2232415902140683        505.8791543699683        587.5746626638639        663.5934957994816        736.6273299437355        806.5509068485717        872.9721544086686        935.5211544968731
1.2996941896024476        505.41091289390044       587.0592809130959        663.0486957984964        736.0605630585462        805.9685216763479        872.380876933509         934.927611795471
1.376146788990827         504.94267141783257       586.543899162328         662.5038957975113        735.4937961733569        805.3861365041241        871.7895994583492        934.3340690940688
1.4525993883792063        504.4640840068854        586.0190947018638        661.9496846143566        734.9171620345427        804.7935532796755        871.1879620544136        933.7300802570117
1.5290519877675854        503.9854965959382        585.4942902413994        661.3954734312017        734.3405278957284        804.2009700552267        870.5863246504776        933.1260914199544
1.6055045871559648        503.506909184991         584.9694857809352        660.841262248047         733.7638937569142        803.6083868307779        869.9846872465417        932.5221025828972
1.681957186544344         503.03835325813657       584.4583031321503        660.3029323575402        733.2049766252417        803.0353891247456        869.4045181727085        931.9414078505881
1.758409785932723         502.5697973312821        583.9471204833652        659.7646024670332        732.646059493569         802.4623914187131        868.8243490988751        931.3607131182788
1.8348623853211024        502.1012414044276        583.4359378345803        659.2262725765264        732.0871423618966        801.8893937126807        868.2441800250418        930.7800183859696
1.911314984709482         501.6290547495001        582.9220025063893        658.6849676951994        731.525139635209         801.3134000470712        867.6612014546727        930.1967206757242
1.9877675840978608        501.15686809457253       582.4080671781982        658.1436628138722        730.9631369085214        800.7374063814617        867.0782228843034        929.6134229654787
2.0642201834862406        500.68468143964503       581.894131850007         657.6023579325451        730.4011341818339        800.1614127158522        866.4952443139342        929.0301252552331
2.1406727828746193        500.21369404792847       581.3830772511749        657.0645851578842        729.8433296310059        799.5903953321977        865.9180403198903        928.4533668619885
2.2171253822629984        499.74270665621185       580.8720226523426        656.5268123832232        729.2855250801776        799.0193779485429        865.3408363258463        927.8766084687437
2.2935779816513775        499.2717192644953        580.3609680535104        655.9890396085622        728.7277205293495        798.4483605648882        864.7636323318025        927.2998500754991
2.3700305810397566        498.80217303381016       579.8527762610688        655.4545816685317        728.1738541260306        797.8820517835146        864.1919415771814        926.7293675915859
2.4464831804281357        498.3326268031249        579.3445844686272        654.920123728501         727.6199877227116        797.3157430021408        863.6202508225601        926.1588851076725
2.522935779816515         497.86308057243974       578.8363926761856        654.3856657884704        727.0661213193926        796.7494342207672        863.0485600679389        925.5884026237593
2.5993883792048944        497.4022082555165        578.3388655915395        653.8632208486606        726.5256701641596        796.1979578616472        862.493046188558         925.0353267822422
2.675840978593274         496.94133593859317       577.8413385068934        653.3407759088506        725.9852190089266        795.6464815025271        861.9375323091768        924.4822509407251
2.7522935779816526        496.48046362166986       577.3438114222473        652.8183309690406        725.4447678536936        795.095005143407         861.3820184297958        923.9291750992079
2.8287461773700318        496.0295349092419        576.8583628435085        652.3094229378596        724.9193779034082        794.5601456867506        860.8446133398859        923.3955820223837
2.905198776758411         495.5786061968139        576.3729142647697        651.8005149066784        724.3939879531227        794.025286230094         860.3072082499758        922.8619889455593
2.9816513761467904        495.1276774843859        575.887465686031         651.2916068754972        723.8685980028373        793.4904267734375        859.7698031600657        922.328395868735
3.0581039755351695        494.68698357147105       575.4138302414127        650.7957906587654        723.3577677035153        792.9716241014429        859.2498665326127        921.8135325034501
3.134556574923549         494.2462896585562        574.9401947967943        650.2999744420334        722.8469374041932        792.452821429448         858.7299299051595        921.298669138165
3.2110091743119282        493.8055957456413        574.4665593521761        649.8041582253015        722.3361071048712        791.9340187574533        858.2099932777062        920.78380577288
3.2874617737003073        493.37325476383427       574.002941766949         649.3197126214192        721.8380104980555        791.4292446294423        857.7052470139716        920.2851355522583
3.363914373088686         492.94091378202717       573.5393241817219        648.8352670175367        721.3399138912397        790.9244705014312        857.2005007502369        919.7864653316365
3.440366972477065         492.5085728002201        573.0757065964948        648.3508214136542        720.841817284424         790.4196963734202        856.6957544865022        919.2877951110147
3.5168195718654447        492.08282243748573       572.6198550298017        647.8750529985077        720.3533521924519        789.9254815631947        856.2024237433006        918.8013067552171
3.5932721712538243        491.6570720747512        572.1640034631084        647.3992845833611        719.8648871004796        789.431266752969         855.709093000099         918.3148183994192
3.669724770642204         491.2313217120168        571.7081518964153        646.9235161682146        719.3764220085073        788.9370519427433        855.2157622568973        917.8283300436215
3.7461773700305834        490.81495903103973       571.2631168066781        646.4600789353168        718.9018878621697        788.45824026662          854.7391239348578        917.3595794520996
3.8226299694189625        490.39859635006263       570.8180817169408        645.9966417024189        718.4273537158319        787.9794285904965        854.2624856128182        916.8908288605777
3.899082568807342         489.98223366908553       570.3730466272036        645.5332044695209        717.9528195694943        787.500616914373         853.7858472907785        916.4220782690559
3.9755351681957216        489.5708974449388        569.9339716899486        645.0765061559957        717.4857830234381        787.0299946322565        853.3180030923397        915.9626146729831
4.051987767584101         489.159561220792         569.4948967526936        644.6198078424704        717.0187464773819        786.5593723501397        852.8501588939008        915.5031510769103
4.12844036697248          488.74822499664526       569.0558218154387        644.1631095289451        716.5517099313257        786.088750068023         852.382314695462         915.0436874808375
4.204892966360859         488.34230771646605       568.623336689663         643.713951698876         716.0931743949363        785.6274847111285        851.9245466480154        914.5948389452006
4.281345565749237         487.93639043628673       568.1908515638872        643.2647938688069        715.634638858547         785.1662193542338        851.4667786005687        914.1459904095635
4.357798165137615         487.53047315610746       567.7583664381116        642.8156360387378        715.1761033221576        784.7049539973392        851.0090105531219        913.6971418739264
4.434250764525995         487.13227601540154       567.3344989405549        642.3760689641978        714.7281713918105        784.2552439301887        850.5636375222977        913.261390767264
4.5107033639143745        486.7340788746955        566.9106314429984        641.9365018896576        714.2802394614635        783.8055338630381        850.1182644914733        912.8256396606014
4.587155963302754         486.3358817339895        566.4867639454417        641.4969348151176        713.8323075311164        783.3558237958875        849.672891460649         912.3898885539389
4.663608562691133         485.9466745997872        566.0732396800475        641.0690420446742        713.3973588790708        782.920288386111         849.2427057668023        911.9701293110778
4.7400611620795114        485.55746746558475       565.6597154146534        640.6411492742308        712.9624102270251        782.4847529763342        848.8125200729554        911.5503700682166
4.81651376146789          485.1682603313824        565.2461911492593        640.2132565037874        712.5274615749794        782.0492175665576        848.3823343791087        911.1306108253553
4.892966360856271         484.78207837386094       564.8359273246737        639.7890572585712        712.096649988789         781.6182164669007        847.9569872662205        910.7158847702281
4.969418960244649         484.39589641633944       564.4256635000879        639.3648580133549        711.6658384025984        781.1872153672435        847.5316401533321        910.3011587151007
5.045871559633029         484.00971445881794       564.0153996755022        638.9406587681387        711.2350268164079        780.7562142675864        847.1062930404437        909.8864326599734
5.122324159021408         483.6327761262322        563.6158312384707        638.5285332591133        710.8175719389417        780.339713628605         846.6964148026649        909.4879530270719
5.198776758409788         483.25583779364644       563.2162628014391        638.1164077500878        710.4001170614755        779.9232129896234        846.2865365648859        909.0894733941702
5.2752293577981675        482.87889946106066       562.8166943644076        637.7042822410623        709.9826621840093        779.5067123506419        845.876658327107         908.6909937612686
5.351681957186548         482.51009189127683       562.4262777482853        637.3025660240141        709.5767609830112        779.1027712010844        845.4801746748428        908.3065452202437
5.428134556574927         482.14128432149295       562.0358611321631        636.9008498069659        709.170859782013         778.6988300515268        845.0836910225786        907.9220966792186
5.504587155963305         481.77247675170906       561.6454445160408        636.4991335899177        708.7649585810149        778.2948889019692        844.6872073703144        907.5376481381936
5.581039755351685         481.41126506699135       561.263662765403         636.1070731502016        708.3696357262318        777.9023176901284        844.3027474499592        907.1657198532736
5.6574923547400635        481.0500533822736        560.8818810147651        635.7150127104853        707.9743128714485        777.5097464782874        843.9182875296038        906.7937915683534
5.733944954128442         480.6888416975558        560.5000992641272        635.3229522707691        707.5789900166654        777.1171752664466        843.5338276092485        906.4218632834333
5.810397553516822         480.33395819244          560.1258731414114        634.9394455417715        707.1930669393435        776.7346960368213        843.159997508681         906.0609372982499
5.886850152905201         479.9790746873241        559.7516470186956        634.555938812774         706.8071438620213        776.3522168071959        842.7861674081134        905.7000113130663
5.96330275229358          479.6241911822082        559.3774208959798        634.1724320837765        706.4212207846994        775.9697375775705        842.4123373075458        905.3390853278828
6.03975535168196          479.2763877016585        559.0111187794888        633.797697178619         706.044858276514         775.5975125026384        842.0493247236462        904.9893846978629
6.116207951070339         478.9285842211088        558.6448166629979        633.4229622734616        705.6684957683285        775.2252874277061        841.6863121397464        904.6396840678428
6.192660550458718         478.5807807405591        558.2785145465069        633.0482273683042        705.292133260143         774.8530623527739        841.3232995558467        904.2899834378228
6.269113149847097         478.2395610292061        557.9194610330766        632.6815960811626        704.924666929036         774.4904001140026        840.970360169743         903.9506981428793
6.345565749235476         477.898341317853         557.5604075196461        632.3149647940211        704.5572005979288        774.127737875231         840.6174207836392        903.6114128479359
6.422018348623855         477.55712160649995       557.2013540062158        631.9483335068795        704.1897342668217        773.7650756364595        840.2644813975355        903.2721275529924
6.498470948012235         477.2213983054091        556.8485153940934        631.5886951846575        703.8299339322142        773.4106115959686        839.9201241697383        902.9416607082618
6.574923547400615         476.88567500431816       556.4956767819709        631.2290568624354        703.4701335976066        773.0561475554775        839.5757669419411        902.6111938635311
6.651376146788993         476.5499517032273        556.1428381698486        630.8694185402134        703.110333262999         772.7016835149865        839.2314097141439        902.2807270188005
6.727828746177373         476.222814205437         555.7994651930014        630.5203703356461        702.7621577655361        772.3597388808039        838.9002753057547        901.9639699323541
6.804281345565752         475.8956767076466        555.4560922161542        630.1713221310788        702.413982268073         772.0177942466213        838.5691408973655        901.6472128459076
6.880733944954131         475.5685392098562        555.112719239307         629.8222739265116        702.06580677061          771.6758496124387        838.2380064889763        901.3304557594611
6.957186544342511         475.2469901127616        554.7758406970598        629.4806091357202        701.7257128598108        771.3425036983829        837.9158120460659        901.0228078024521
7.033639143730889         474.9254410156668        554.4389621548125        629.1389443449289        701.3856189490114        771.009157784327         837.5936176031553        900.7151598454432
7.110091743119269         474.6038919185721        554.1020836125654        628.7972795541375        701.0455250382121        770.6758118702712        837.2714231602447        900.4075118884342
7.1865443425076485        474.2873420382326        553.7708632069167        628.462017862544         700.7124482062742        770.3499515402913        836.9570277714975        900.1078159077344
7.262996941896027         473.9707921578931        553.439642801268         628.1267561709504        700.3793713743363        770.0240912103113        836.6426323827501        899.8081199270346
7.339449541284406         473.6542422775535        553.1084223956193        627.7914944793569        700.0462945423984        769.6982308803314        836.3282369940029        899.5084239463347
7.415902140672786         473.34537550367094       552.7860664705065        627.4661641004916        699.7240030218052        769.3838258885528        836.02577260885          899.2209455078738
7.492354740061165         473.03650872978824       552.4637105453936        627.1408337216262        699.4017115012118        769.0694208967742        835.7233082236971        898.9334670694128
7.568807339449544         472.7276419559056        552.1413546202808        626.815503342761         699.0794199806185        768.7550159049956        835.4208438385443        898.6459886309519
7.645259938837924         472.42569640909454       551.8270329682939        626.4991428857542        698.7668435012243        768.4508939096363        835.1290493477524        898.3693979097554
7.721712538226303         472.1237508622834        551.512711316307         626.1827824287473        698.4542670218301        768.146771914277         834.8372548569602        898.0928071885589
7.798165137614682         471.82180531547226       551.1983896643201        625.8664219717405        698.1416905424359        767.8426499189177        834.545460366168         897.8162164673624
7.874617737003061         471.5274284249277        550.8926689872671        625.5596457773817        697.839488053483         767.5494987645255        834.2650396023972        897.5512155568192
7.95107033639144          471.233051534383         550.5869483102141        625.2528695830229        697.5372855645302        767.2563476101333        833.9846188386264        897.2862146462759
8.02752293577982          470.9386746438383        550.2812276331612        624.946093388664         697.2350830755773        766.9631964557411        833.7041980748556        897.0212137357325
8.1039755351682           470.64885431145734       549.9806566802579        624.6450122274105        696.9390039194323        766.6764831798447        833.4304189774841        896.762951884535
8.180428134556578         470.3590339790763        549.6800857273545        624.3439310661568        696.642924763287         766.3897699039481        833.1566398801126        896.5046900333373
8.256880733944959         470.0692136466953        549.3795147744512        624.0428499049032        696.3468456071419        766.1030566280516        832.8828607827411        896.2464281821397
8.33333333333334          469.78771683933934       549.0886047850817        623.7524838475676        696.0622739671834        765.8284147929389        832.6215075369793        896.0007522394809
8.409785932721718         469.50622003198333       548.7976947957121        623.462117790232         695.7777023272248        765.5537729578261        832.3601542912173        895.7550762968219
8.486238532110095         469.2247232246273        548.5067848063426        623.1717517328964        695.4931306872662        765.2791311227134        832.0988010454555        895.5094003541631
8.562691131498475         468.94880299083354       548.2220862423324        622.8882343416058        695.2159189523703        765.0122198338502        831.8454095875016        895.2717836531579
8.639143730886852         468.67288275703964       547.937387678322         622.6047169503152        694.9387072174743        764.7453085449869        831.5920181295477        895.0341669521525
8.71559633027523          468.3969625232458        547.6526891143117        622.3211995590245        694.6614954825783        764.4783972561236        831.3386266715937        894.7965502511473
8.792048929663611         468.12637886997226       547.3742458150771        622.044604813167         694.3916996533101        764.2192477951694        831.0932117234231        894.5670061889477
8.86850152905199          467.8557952166986        547.0958025158425        621.7680100673094        694.1219038240419        763.9600983342151        830.8477967752524        894.337462126748
8.94495412844037          467.585211563425         546.8173592166079        621.4914153214519        693.8521079947736        763.7009488732609        830.6023818270817        894.1079180645485
9.021406727828749         467.3227777946999        546.5479820516462        621.2248476935627        693.5930846802465        763.4531023740409        830.3685912125576        893.8901192773812
9.097859327217128         467.0603440259747        546.2786048866843        620.9582800656734        693.3340613657194        763.2052558748208        830.1348005980333        893.6723204902139
9.174311926605506         466.79791025724955       546.0092277217226        620.6917124377842        693.0750380511923        762.9574093756007        829.9010099835091        893.4545217030466
9.250764525993885         466.53822442160276       545.7431609042497        620.4287770698436        692.8197687958431        762.7132935940334        829.6708014174694        893.2400457342939
9.327217125382266         466.27853858595586       545.4770940867768        620.1658417019031        692.5644995404937        762.469177812466         829.4405928514295        893.0255697655411
9.403669724770644         466.018852750309         545.2110272693039        619.9029063339625        692.3092302851443        762.2250620308986        829.2103842853898        892.8110937967884
9.480122324159025         465.7641104779588        544.9506390212765        619.6461638319973        692.0604723105193        761.9876228672737        828.9868763036958        892.6032122208856
9.556574923547403         465.5093682056085        544.6902507732491        619.3894213300322        691.8117143358944        761.7501837036486        828.7633683220017        892.3953306449827
9.633027522935784         465.2546259332582        544.4298625252217        619.132678828067         691.5629563612695        761.5127445400237        828.5398603403077        892.1874490690798
9.709480122324162         465.0065081600871        544.1770912168021        618.8841992231603        691.3228802402798        761.2842333739924        828.325367649642         891.9885216480268
9.785932721712541         464.75839038691595       543.9243199083825        618.6357196182535        691.08280411929          761.0557222079609        828.1108749589762        891.7895942269737
9.86238532110092          464.5102726137448        543.6715485999629        618.3872400133467        690.8427279983003        760.8272110419294        827.8963822683104        891.5906668059207
9.938837920489298         464.2668374354934        543.423946720684         618.1443134802975        690.6084766636122        760.6046934551042        827.6879441701457        891.397750805044
10.015290519877677        464.0234022572419        543.1763448414049        617.9013869472482        690.3742253289241        760.3821758682789        827.4795060719808        891.2048348041671
10.091743119266056        463.7799670789904        542.9287429621259        617.6584604141989        690.139973994236         760.1596582814536        827.271067973816         891.0119188032903
10.168195718654436        463.5413454921946        542.6865328461132        617.4212622913158        689.9116178260243        759.943056945417         827.068433512774         890.8245797296747
10.244648318042817        463.3027239053987        542.4443227301005        617.1840641684328        689.6832616578125        759.7264556093802        826.865799051732         890.637240656059
10.321100917431195        463.06410231860286       542.2021126140877        616.9468660455497        689.4549054896007        759.5098542733435        826.66316459069          890.4499015824433
10.397553516819574        462.8315515782432        541.9665521592191        616.71676945392          689.2339383695052        759.3008074309447        826.4681359601921        890.2701137239385
10.474006116207955        462.5990008378835        541.7309917043505        616.4866728622903        689.0129712494095        759.0917605885458        826.273107329694         890.0903258654336
10.550458715596333        462.36645009752385       541.4954312494818        616.2565762706607        688.7920041293138        758.8827137461469        826.078078699196         889.9105380069287
10.626911314984714        462.1401599648913        541.2667884314018        616.033813626649         688.5786125461813        758.6813388488354        825.8906956179403        889.7382665247329
10.703363914373092        461.9138698322588        541.0381456133218        615.8110509826372        688.3652209630486        758.4799639515237        825.7033125366844        889.565995042537
10.779816513761471        461.68757969962627       540.8095027952418        615.5882883386255        688.151829379916         758.2785890542121        825.5159294554285        889.3937235603412
10.856269113149853        461.4668130391378        540.586958830542         615.3720166333214        687.9451590043142        758.0840447703021        825.3353756653592        889.2281828747521
10.932721712538232        461.2460463786493        540.3644148658423        615.1557449280173        687.7384886287123        757.8895004863919        825.1548218752896        889.0626421891627
11.009174311926612        461.0252797181608        540.1418709011425        614.9394732227131        687.5318182531104        757.6949562024816        824.9742680852202        888.8971015035735
11.08562691131499         460.80969569186675       539.9249555232026        614.7291537731206        687.3312882076043        757.5066192217812        824.7998850696515        888.737608151251
11.162079510703366        460.59411166557265       539.7080401452625        614.5188343235283        687.1307581620981        757.3182822410806        824.6255020540827        888.5781147989285
11.238532110091741        460.37852763927856       539.4911247673226        614.3085148739358        686.930228116592         757.1299452603802        824.4511190385141        888.4186214466059
11.314984709480123        460.1679673302944        539.2797404175021        614.1040142392278        686.7356729434867        756.947626119933         824.2826977387673        888.2649527869135
11.391437308868502        459.9574070213102        539.0683560676815        613.8995136045197        686.5411177703813        756.7653069794858        824.1142764390205        888.1112841272209
11.467889908256883        459.746846712326         538.856971717861         613.6950129698117        686.3465625972759        756.5829878390385        823.9458551392737        887.9576154675283
11.544342507645261        459.54140814907856       538.651183631499         613.496442323184         686.1581317623898        756.4068617208968        823.7835872666462        887.8099725547654
11.62079510703364         459.3359695858311        538.4453955451368        613.2978716765564        685.9697009275035        756.230735602755         823.6213193940188        887.6623296420023
11.697247706422019        459.1305310225836        538.2396074587746        613.0993010299287        685.7812700926173        756.0546094846131        823.4590515213913        887.5146867292393
11.773700305810399        458.92943190549653       538.0386153790209        612.9057759661423        685.5979939734243        755.8836436157484        823.30186016681          887.371964711909
11.850152905198776        458.7283327884094        537.8376232992674        612.7122509023559        685.4147178542313        755.7126777468835        823.1446688122287        887.2292426945785
11.926605504587156        458.5272336713223        537.6366312195138        612.5187258385695        685.2314417350383        755.5417118780188        822.9874774576474        887.0865206772481
12.003058103975537        458.33157446379556       537.4416381126895        612.3314992010843        685.0545943644455        755.3771753599157        822.8366040477347        886.9499198140322
12.079510703363917        458.13591525626873       537.2466450058652        612.1442725635992        684.8777469938526        755.2126388418123        822.685730637822         886.8133189508162
12.155963302752296        457.94025604874196       537.0516518990408        611.957045926114         684.7008996232598        755.0481023237091        822.5348572279092        886.6767180876002
12.232415902140676        457.7483148974267        536.8607342200921        611.7740787100571        684.5283817474775        754.8878759319117        822.3881933448874        886.544163489469
12.308868501529055        457.5563737461114        536.6698165411433        611.5911114940001        684.355863871695         754.7276495401142        822.2415294618655        886.4116088913378
12.385321100917434        457.364432594796         536.4788988621945        611.4081442779432        684.1833459959125        754.5674231483167        822.0948655788437        886.2790542932066
12.461773700305812        457.17754949482475       536.293488935164         611.230864588148         684.0165391482227        754.4128070147059        821.953607519862         886.1516251577488
12.53822629969419         456.9906663948534        536.1080790081334        611.0535848983529        683.8497323005328        754.2581908810951        821.81234946088          886.0241960222908
12.61467889908257         456.80378329488207       535.9226690811028        610.8763052085578        683.6829254528429        754.1035747474842        821.6710914018981        885.8967668868328
12.69113149847095         456.62048336485253       535.741159713959         610.7030715858175        683.5202031973267        753.9529966805401        821.5337512624976        885.7730807211684
12.76758409785933         456.43718343482294       535.5596503468153        610.5298379630773        683.3574809418104        753.8024186135958        821.3964111230969        885.6493945555039
12.84403669724771         456.25388350479335       535.3781409796715        610.356604340337         683.1947586862941        753.6518405466516        821.2590709836962        885.5257083898396
12.920489296636092        456.0744968810994        535.2008833398406        610.1877671915396        683.0364588760225        753.5056179007748        821.1259425281856        885.4060360082236
12.996941896024472        455.8951102574054        535.0236257000097        610.0189300427422        682.8781590657508        753.3593952548979        820.9928140726748        885.2863636266076
13.07339449541285         455.71572363371143       534.8463680601787        609.8500928939449        682.7198592554792        753.2131726090211        820.859685617164         885.1666912449916
13.149847094801231        455.5406738868067        534.6737881833111        609.6860420815667        682.5663320451698        753.0716176049924        820.7310418165628        885.0512628766184
13.22629969418961         455.3656241399019        534.5012083064435        609.5219912691884        682.4128048348605        752.9300626009635        820.6023980159613        884.9358345082449
13.302752293577987        455.1905743929972        534.3286284295758        609.3579404568103        682.2592776245511        752.7885075969348        820.4737542153599        884.8204061398714
13.379204892966365        455.0193670546006        534.1601896886554        609.1981443519319        682.110013949696         752.6511455162579        820.3491656945671        884.7088462856203
13.455657492354742        454.84815971620395       533.9917509477348        609.0383482470536        681.960750274841         752.5137834355809        820.2245771737742        884.5972864313692
13.532110091743121        454.6769523778073        533.8233122068142        608.8785521421752        681.8114865999859        752.376421354904         820.0999886529813        884.4857265771182
13.608562691131501        454.5115588273505        533.6611160698842        608.7251598337089        681.6686355910736        752.245367356881         819.9815038971864        884.3799907965731
13.68501529051988         454.34616527689366       533.4989199329542        608.5717675252424        681.5257845821611        752.1143133588581        819.8630191413914        884.2742550160281
13.761467889908259        454.18077172643683       533.3367237960242        608.418375216776         681.3829335732487        751.9832593608352        819.7445343855965        884.168519235483
13.837920489296637        454.0184617787918        533.1778139690092        608.2683265659069        681.2434069968051        751.8554483975017        819.6291579745478        884.0657186332998
13.914373088685018        453.85615183114675       533.0189041419941        608.1182779150378        681.1038804203613        751.7276374341682        819.5137815634989        883.9629180311165
13.990825688073397        453.6938418835017        532.8599943149791        607.9682292641686        680.9643538439176        751.5998264708346        819.3984051524502        883.8601174289332
14.067278287461775        453.53430198806666       532.7040841612209        607.8212410215644        680.8278703599448        751.4749813635948        819.2858661013191        883.7599926312375
14.143730886850154        453.37476209263156       532.5481740074625        607.6742527789604        680.6913868759718        751.3501362563547        819.1733270501878        883.6598678335417
14.220183486238533        453.21522219719645       532.3922638537043        607.5272645363563        680.554903391999         751.2252911491148        819.0607879990566        883.559743035846
14.296636085626913        453.0621238431475        532.2431483364721        607.3871692531472        680.4252688001017        751.1071268836321        818.9546518054432        883.4656610966467
14.373088685015292        452.90902548909844       532.0940328192398        607.2470739699381        680.2956342082042        750.9889626181492        818.8485156118295        883.3715791574472
14.449541284403672        452.75592713504943       531.9449173020075        607.106978686729         680.1659996163069        750.8707983526664        818.7423794182158        883.2774972182477
14.525993883792053        452.6053624208408        531.7984766649307        606.9695784455522        680.0390208639209        750.7552005891348        818.638678938678         883.185693928187
14.602446483180431        452.45479770663206       531.6520360278539        606.8321782043753        679.9120421115348        750.6396028256031        818.53497845914          883.093890638126
14.678899082568812        452.30423299242335       531.5055953907771        606.6947779631985        679.7850633591488        750.5240050620715        818.4312779796021        883.0020873480651
14.755351681957192        452.157339176797         531.3630315697324        606.5612851518472        679.6619397964434        750.4121428972524        818.3311360951211        882.9136234653931
14.831804281345569        452.0104453611706        531.2204677486875        606.4277923404958        679.538816233738         750.3002807324331        818.23099421064          882.8251595827211
14.90825688073395         451.86355154554417       531.0779039276428        606.2942995291445        679.4156926710325        750.1884185676139        818.130852326159         882.7366957000492
14.984709480122328        451.7211837371479        530.9400824554833        606.1655489954851        679.2972132143105        750.0810279488737        818.0349465423734        882.6521878311994
15.061162079510707        451.57881592875157       530.8022609833238        606.0367984618257        679.1787337575885        749.9736373301334        817.9390407585877        882.5676799623496
15.137614678899086        451.43644812035524       530.6644395111642        605.9080479281663        679.0602543008665        749.8662467113933        817.8431349748021        882.4831720934999
15.214067278287464        451.29713120895565       530.5297831304483        605.7824678285647        678.9449022265281        749.7618941338802        817.7501320895751        882.4013956062099
15.290519877675845        451.157814297556         530.3951267497324        605.6568877289632        678.8295501521897        749.657541556367         817.6571292043479        882.3196191189198
15.366972477064223        451.0184973861564        530.2604703690165        605.5313076293615        678.7141980778512        749.553188978854         817.5641263191208        882.2378426316299
15.443425076452602        450.883529443459         530.130366787529         605.4103127089387        678.60336650496          749.4532083761314        817.4752736135796        882.1599347260118
15.51987767584098         450.7485615007615        530.0002632060416        605.2893177885157        678.4925349320688        749.3532277734088        817.3864209080383        882.0820268203935
15.59633027522936         450.61359355806405       529.8701596245542        605.1683228680928        678.3817033591777        749.2532471706862        817.2975682024971        882.0041189147753
15.672782874617736        450.48246963577697       529.7440646980815        605.0513651275251        678.2748478639955        749.1570993565157        817.2123367673659        881.9295715129056
15.749235474006113        450.3513457134898        529.6179697716087        604.9344073869572        678.1679923688132        749.060951542345         817.1271053322346        881.8550241110357
15.825688073394494        450.2202217912027        529.491874845136         604.8174496463894        678.061136873631         748.9648037281745        817.0418738971033        881.7804767091659
15.902140672782874        450.0933369194057        529.3701933438101        604.7049378618026        677.9586463457943        748.8728464510783        816.9605853375921        881.7095730648904
15.978593272171253        449.9664520476087        529.2485118424843        604.5924260772157        677.8561558179574        748.780889173982         816.8792967780807        881.6386694206149
16.055045871559635        449.8395671758117        529.1268303411584        604.4799142926289        677.7536652901206        748.6889318968857        816.7980082185694        881.5677657763393
16.131498470948014        449.71543696176116       529.0079799698614        604.3702457306495        677.6539561952765        748.599631741765         816.7192055880208        881.4991497979038
16.207951070336396        449.5913067477106        528.8891295985642        604.26057716867          677.5542471004323        748.5103315866443        816.6404029574721        881.4305338194681
16.284403669724774        449.46717653366          528.7702792272671        604.1509086066906        677.4545380055882        748.4210314315235        816.5616003269234        881.3619178410326
16.360856269113157        449.3470171925347        528.6555739463296        604.0453854027649        677.358869810358         748.3355828495271        816.4863955100393        881.2966087204571
16.437308868501532        449.2268578514093        528.5408686653919        603.939862198839         677.2632016151276        748.2501342675306        816.411190693155         881.2312995998816
16.51376146788991         449.10669851028393       528.4261633844543        603.8343389949133        677.1675334198974        748.1646856855341        816.3359858762708        881.1659904793061
16.59021406727829         448.9904114151096        528.3155105512074        603.7328592233947        677.0757941061244        748.0829657553262        816.2642493162602        881.1038543260738
16.666666666666668        448.8741243199351        528.2048577179605        603.6313794518761        676.9840547923512        748.0012458251183        816.1925127562497        881.0417181728415
16.743119266055047        448.7578372247607        528.0942048847136        603.5298996803575        676.8923154785781        747.9195258949104        816.1207761962391        880.9795820196091
16.81957186544343         448.64558441916887       527.9877511120925        603.4325919267836        676.8046020073132        747.8415979187805        816.0525433671162        880.9206295902811
16.896024464831807        448.53333161357693       527.8812973394713        603.3352841732096        676.7168885360481        747.7636699426506        815.9843105379931        880.861677160953
16.97247706422019         448.42107880798505       527.7748435668502        603.2379764196357        676.6291750647831        747.6857419665207        815.9160777088701        880.8027247316251
17.048929663608565        448.3115853988365        527.6712334773523        603.1434889925496        676.5441776953451        747.6103703844801        815.8502100255937        880.7459262430476
17.125382262996943        448.20209198968786       527.5676233878544        603.0490015654634        676.4591803259069        747.5349988024394        815.784342342317         880.6891277544701
17.20183486238532         448.09259858053923       527.4640132983565        602.9545141383772        676.3741829564688        747.4596272203987        815.7184746590405        880.6323292658925
17.278287461773697        447.9871748293631        527.3645277668647        602.8640770385886        676.2930771798825        747.3879161360303        815.6559863340459        880.5786023168913
17.354740061162083        447.8817510781869        527.265042235373         602.7736399387999        676.2119714032962        747.3162050516618        815.5934980090511        880.52487536789
17.43119266055046         447.77632732701073       527.1655567038813        602.6832028390112        676.1308656267098        747.2444939672932        815.5310096840565        880.4711484188887
17.507645259938844        447.6738386401072        527.0691460879884        602.5957789560537        676.0526250698362        747.1754479134479        815.4709567411611        880.4196115971857
17.58409785932722         447.57134995320354       526.9727354720956        602.5083550730961        675.9743845129624        747.1064018596024        815.4109037982655        880.3680747754826
17.6605504587156          447.46886126629994       526.8763248562027        602.4209311901386        675.8961439560887        747.037355805757         815.3508508553699        880.3165379537794
17.737003058103976        447.3700119307949        526.7836921013647        602.3371944419441        675.8214033662719        746.9715607076614        815.293761803604         880.2676603750524
17.813455657492355        447.2711625952897        526.6910593465267        602.2534576937495        675.7466627764547        746.9057656095657        815.2366727518379        880.2187827963252
17.88990825688073         447.1723132597846        526.5984265916887        602.169720945555         675.6719221866377        746.83997051147          815.1795837000719        880.1699052175981
17.966360856269112        447.07699470087886       526.5093532025483        602.0894018212829        675.6004075170199        746.7771665770756        815.1252173504156        880.1234651304328
18.04281345565749         446.981676141973         526.4202798134078        602.0090826970106        675.5288928474018        746.7143626426812        815.0708510007591        880.0770250432674
18.119266055045873        446.8863575830672        526.3312064242673        601.9287635727384        675.4573781777839        746.6515587082868        815.0164846511028        880.0305849561021
18.195718654434252        446.7942904731903        526.2454415115128        601.8516424867055        675.3888816587113        746.5915480204641        814.9646584758627        879.9864177545868
18.27217125382263         446.7022233633133        526.1596765987583        601.7745214006725        675.3203851396386        746.5315373326413        814.9128323006225        879.9422505530714
18.34862385321101         446.61015625343634       526.0739116860038        601.6974003146396        675.251888620566         746.4715266448186        814.8610061253823        879.898083351556
18.42507645259939         446.5214225164718        525.9914312823463        601.6234233139488        675.1863331229912        746.4142039262392        814.8115846242673        879.8560262242406
18.50152905198777         446.43268877950715       525.9089508786886        601.5494463132579        675.1207776254164        746.3568812076597        814.7621631231523        879.8139690969251
18.57798165137615         446.3439550425426        525.826470475031         601.475469312567         675.0552221278416        746.2995584890804        814.7127416220372        879.7719119696096
18.654434250764528        446.2583856734181        525.7471523538503        601.4045127252854        674.9924803741717        746.244804394545         814.6656221099394        879.7318825445807
18.730886850152906        446.1728163042936        525.6678342326696        601.3335561380037        674.9297386205017        746.1900503000094        814.6185025978414        879.6918531195516
18.807339449541285        446.08724693516905       525.588516111489         601.262599550722         674.8669968668316        746.1352962054739        814.5713830857435        879.6518236945226
18.883792048929667        446.0056790050794        525.5130260509801        601.1952880722322        674.8076403316882        746.0836042490926        814.5269676710262        879.6141343053495
18.960244648318046        445.92411107498964       525.4375359904714        601.1279765937423        674.7482837965446        746.0319122927111        814.4825522563087        879.5764449161762
19.036697247706428        445.84254314489993       525.3620459299625        601.0606651152525        674.6889272614011        745.9802203363298        814.4381368415914        879.538755527003
19.113149847094807        445.7636725806348        525.2892871889381        600.995941971292         674.6319558107072        745.9306862806279        814.3956434850089        879.5027538948991
19.189602446483185        445.68480201636964       525.2165284479138        600.9312188273317        674.5749843600131        745.881152224926         814.3531501284264        879.4667522627952
19.26605504587156         445.60593145210447       525.1437697068894        600.8664956833712        674.5180129093192        745.8316181692242        814.3106567718438        879.4307506306914
19.342507645259946        445.5304780672849        525.0743794017175        600.8049255735621        674.4639218471996        745.7846627352538        814.2704281027421        879.3967048559925
19.41896024464832         445.4550246824652        525.0049890965455        600.7433554637528        674.4098307850799        745.7377073012834        814.2301994336403        879.3626590812936
19.4954128440367          445.37957129764555       524.9355987913735        600.6817853539435        674.3557397229602        745.690751867313         814.1899707645385        879.3286133065948
19.571865443425082        445.30710055082386       524.8691547627408        600.6229735436203        674.3041714448553        745.6460627955864        814.1517431883823        879.2963110685637
19.648318042813457        445.23462980400205       524.802710734108         600.5641617332972        674.2526031667504        745.6013737238596        814.1135156122258        879.2640088305325
19.724770642201836        445.16215905718025       524.7362667054753        600.505349922974         674.2010348886455        745.556684652133         814.0752880360694        879.2317065925013
19.801223241590215        445.09321173998353       524.6732495221722        600.4496833644174        674.1523130911339        745.5145368524322        814.0392936371081        879.2013399510085
19.877675840978597        445.0242644227867        524.6102323388692        600.3940168058608        674.1035912936222        745.4723890527314        814.0032992381467        879.1709733095157
19.954128440366972        444.9553171055899        524.5472151555662        600.3383502473042        674.0548694961105        745.4302412530307        813.9673048391854        879.1406066680229
20.030581039755354        444.8895933860385        524.4872600074247        600.2854959245052        674.0087036913843        745.3903828752119        813.9333273426843        879.1119909101125
20.10703363914373         444.8238696664869        524.427304859283         600.2326416017061        673.962537886658         745.350524497393         813.899349846183         879.0833751522019
20.18348623853211         444.75814594693543       524.3673497111414        600.1797872789069        673.9163720819316        745.3106661195742        813.8653723496818        879.0547593942915
20.259938837920494        444.69560119518576       524.3103737809207        600.129684490331         673.8727254551123        745.273081223461         813.8334106872853        879.0279036540653
20.336391437308873        444.63305644343603       524.2533978506999        600.079581701755         673.829078828293         745.2354963273476        813.8014490248886        879.001047913839
20.41284403669725         444.5705116916863        524.1964219204792        600.0294789131791        673.7854322014736        745.1979114312344        813.769487362492         878.9741921736128
20.489296636085633        444.5117146708894        524.1430296355666        599.9826731925777        673.7447714459221        745.162983624125         813.7398490967976        878.9493361176976
20.565749235474012        444.4529176500924        524.0896373506539        599.9358674719764        673.7041106903705        745.1280558170155        813.710210831103         878.9244800617822
20.642201834862394        444.3941206292954        524.0362450657412        599.889061751375         673.6634499348189        745.0931280099061        813.6805725654085        878.8996240058669
20.71865443425077         444.33765918772826       523.9850756795458        599.8443075091657        673.6246421342677        745.0598426387412        813.6523662250331        878.8759984836415
20.795107033639148        444.28119774616107       523.9339062933503        599.7995532669563        673.5858343337163        745.0265572675762        813.6241598846576        878.8523729614159
20.871559633027523        444.22473630459393       523.8827369071548        599.754799024747         673.547026533165         744.9932718964112        813.5959535442821        878.8287474391902
20.948012232415905        444.1719513113646        523.8351137634496        599.7132774846826        673.5111126658668        744.9625383400829        813.5699638965468        878.8070219358887
21.024464831804284        444.1191663181351        523.7874906197443        599.6717559446183        673.4751987985685        744.9318047837545        813.5439742488114        878.7852964325868
21.100917431192663        444.0663813249057        523.739867476039         599.630234404554         673.4392849312703        744.9010712274261        813.5179846010761        878.7635709292852
21.177370030581038        444.01666397658215       523.695170685376         599.591347023042         673.4057105964605        744.8723890419121        813.4937685862141        878.7433590603554
21.253822629969417        443.96694662825854       523.650473894713         599.55245964153          673.3721362616506        744.843706856398         813.469552571352         878.7231471914254
21.330275229357795        443.91722927993493       523.6057771040499        599.513572260018         673.3385619268407        744.8150246708839        813.4453365564899        878.7029353224955
21.406727828746178        443.87078036800807       523.5641212594763        599.4774211301846        673.3074141434707        744.7884622064803        813.4229462840987        878.6842775846457
21.483180428134553        443.82433145608115       523.5224654149027        599.441270000351         673.2762663601006        744.7618997420766        813.4005560117073        878.6656198467957
21.55963302752293         443.77788254415424       523.4808095703291        599.4051188705175        673.2451185767306        744.735337277673         813.378165739316         878.6469621089459
21.636085626911314        443.7345407823585        523.4420123371422        599.3715095882665        673.2162052950721        744.7107171397788        813.3574454971385        878.6297249844606
21.712538226299692        443.69119902056275       523.4032151039551        599.3379003060153        673.1872920134134        744.6860970018845        813.3367252549608        878.6124878599752
21.78899082568807         443.647857258767         523.3644178707681        599.3042910237642        673.1583787317549        744.6614768639903        813.3160050127831        878.5952507354899
21.865443425076457        443.6073816251408        523.3283132888943        599.2730960351826        673.1315977241733        744.6387141857499        813.29688210413          878.5793706776961
21.941896024464835        443.5669059915146        523.2922087070203        599.2419010466008        673.1048167165916        744.6159515075095        813.2777591954767        878.5634906199023
22.018348623853214        443.5264303578884        523.2561041251464        599.2107060580191        673.07803570901          744.5931888292691        813.2586362868236        878.5476105621084
22.094801223241593        443.4893380935764        523.2231506437566        599.1823438849553        673.053765237498         744.5726185752527        813.2414014064613        878.5333358987154
22.171253822629968        443.45224582926437       523.1901971623669        599.1539817118914        673.029494765986         744.5520483212362        813.2241665260988        878.5190612353224
22.247706422018346        443.4151535649524        523.1572436809771        599.1256195388277        673.0052242944739        744.5314780672197        813.2069316457363        878.5047865719293
22.324159021406725        443.38056957585786       523.1266197062604        599.0993421755035        672.9827846386221        744.5124888624067        813.19104391757          878.4916453512952
22.40061162079511         443.3459855867632        523.0959957315436        599.0730648121792        672.9603449827703        744.4934996575935        813.1751561894037        878.4785041306609
22.47706422018349         443.31140159766863       523.0653717568268        599.046787448855         672.9379053269184        744.4745104527804        813.1592684612373        878.4653629100267
22.553516819571872        443.2799950993673        523.0377600180818        599.0232103194043        672.9178339495909        744.4575654440843        813.1451209152159        878.4536841916599
22.629969418960247        443.2485886010658        523.0101482793367        598.9996331899534        672.8977625722632        744.4406204353879        813.1309733691944        878.442005473293
22.70642201834863         443.2171821027644        522.9825365405916        598.9760560605027        672.8776911949357        744.4236754266917        813.1168258231729        878.4303267549261
22.782874617737004        443.18882986276554       522.957749211316         598.95496019755          672.8597681195255        744.4085668963652        813.1042298061733        878.4199437270564
22.859327217125383        443.16047762276656       522.9329618820404        598.9338643345972        672.8418450441152        744.3934583660385        813.0916337891736        878.4095606991866
22.935779816513758        443.13212538276764       522.9081745527649        598.9127684716444        672.8239219687049        744.378349835712         813.0790377721738        878.3991776713168
23.01223241590214         443.1068838104723        522.8862758629049        598.8941731275563        672.8081359259223        744.365053003492         813.0679626265689        878.3900580533534
23.08868501529052         443.08164223817687       522.864377173045         598.8755777834681        672.7923498831397        744.351756171272         813.056887480964         878.3809384353898
23.1651376146789          443.0564006658815        522.842478483185         598.85698243938          672.7765638403571        744.338459339052         813.045812335359         878.3718188174262
23.24159021406728         443.0339975003904        522.8231624221264        598.8406048851064        672.7626750276328        744.3267774927691        813.0360967546073        878.3638310995882
23.318042813455662        443.0115943348992        522.8038463610678        598.8242273308327        672.7487862149084        744.3150956464862        813.0263811738556        878.35584338175
23.394495412844037        442.989191169408         522.7845303000092        598.8078497765591        672.734897402184         744.3034138002032        813.0166655931039        878.3478556639119
23.47094801223242         442.9698573218781        522.7679078796042        598.7937578049015        672.722953597066         744.2933788945844        813.008331621752         878.3410140219936
23.547400611620795        442.9505234743482        522.751285459199         598.7796658332437        672.711009791948         744.2833439889655        812.9999976503999        878.3341723800752
23.623853211009177        442.9311896268183        522.734663038794         598.765573861586         672.69906598683          744.2733090833467        812.9916636790479        878.3273307381568
23.700305810397555        442.9147395210366        522.7205837744261        598.7536468202068        672.6889669474988        744.2648368294598        812.9846390170874        878.3215730763442
23.776758409785934        442.89828941525485       522.7065045100582        598.7417197788277        672.6788679081676        744.2563645755728        812.9776143551267        878.3158154145315
23.853211009174313        442.8818393094731        522.6924252456903        598.7297927374485        672.6687688688364        744.2478923216858        812.9705896931661        878.3100577527188
23.929663608562695        442.8688638936692        522.6813900059293        598.7204504787738        672.66086087989          744.2412625334239        812.9650977214582        878.3055610804065
24.006116207951074        442.85588847786516       522.6703547661682        598.711108220099         672.6529528909437        744.2346327451618        812.9596057497502        878.3010644080942
24.082568807339452        442.8429130620612        522.6593195264072        598.7017659614244        672.6450449019973        744.2280029568998        812.9541137780421        878.296567735782
24.159021406727835        442.8323555405252        522.6504195592837        598.6942301509343        672.6386664115065        744.2226609623889        812.9496958695488        878.2929573676716
24.235474006116213        442.82179801898917       522.6415195921601        598.6866943404443        672.6322879210156        744.2173189678779        812.9452779610552        878.2893469995612
24.31192660550459         442.8112404974531        522.6326196250365        598.6791585299543        672.6259094305249        744.2119769733669        812.9408600525617        878.2857366314508
24.38837920489297         442.8034903516778        522.6260598333464        598.6735907252544        672.6211957418666        744.2080330560065        812.9376042572851        878.2830811263386
24.46483180428135         442.79574020590235       522.6195000416564        598.6680229205546        672.6164820532081        744.2040891386459        812.9343484620083        878.2804256212262
24.541284403669728        442.7879900601269        522.6129402499663        598.6624551158546        672.6117683645497        744.2001452212854        812.9310926667316        878.2777701161139
24.61773700305811         442.7836761573408        522.6092765880433        598.659330130522         672.6091209258778        744.1979328362137        812.9292706319536        878.2762880501206
24.694189602446485        442.77936225455454       522.6056129261202        598.6562051451892        672.6064734872059        744.1957204511419        812.9274485971754        878.2748059841272
24.770642201834864        442.77504835176836       522.6019492641972        598.6530801598566        672.6038260485341        744.1935080660702        812.9256265623973        878.2733239181338
24.847094801223246        442.7736855633833        522.6008285616192        598.6521190747386        672.6030126359863        744.1928298708309        812.9250690446416        878.2728708293561
24.923547400611625        442.7723227749982        522.5997078590411        598.6511579896206        672.6021992234384        744.1921516755915        812.9245115268859        878.2724177405784
25                        442.7709599866131        522.5985871564632        598.6501969045026        672.6013858108906        744.1914734803522        812.9239540091302        878.2719646518007
