% Model:              Cav_Hex_Unif_flux_v5.1 - Base Case.mph
% Version:            COMSOL 5.5.0.359
% Date:               Oct 25 2021, 20:52
% Dimension:          1
% Nodes:              430
% Expressions:        5
% Description:        Line graph
% x                       Height                   Height                   Height                   Height                   Height
0                         767.7059410650618        952.4555992619621        1047.7094481605009       1115.2697334560262       1168.640262135498
0.2331002331002331        767.7757513497089        952.1223265856723        1046.8840430777093       1113.9385965989252       1166.809672181111
0.4662004662004662        767.8455616343559        951.7890539093826        1046.0586379949177       1112.6074597418242       1164.979082226724
0.6993006993006993        767.9153719190031        951.4557812330928        1045.2332329121261       1111.2763228847232       1163.1484922723369
0.9324009324009324        768.1402363054641        951.3651998785772        1044.7379656300654       1110.373572908311        1161.8540333166295
1.1655011655011656        768.365100691925         951.2746185240616        1044.242698348005        1109.4708229318985       1160.559574360922
1.3986013986013985        768.5899650783861        951.184037169546         1043.7474310659443       1108.568072955486        1159.2651154052144
1.6317016317016317        768.8955561123681        951.2115655771           1043.4238490221762       1107.9021677288863       1158.278517845869
1.8648018648018643        769.2011471463501        951.239093984654         1043.100266978408        1107.2362625022863       1157.2919202865235
2.0979020979020975        769.506738180332         951.2666223922081        1042.77668493464         1106.5703572756865       1156.305322727178
2.3310023310023307        769.8334403451003        951.2967311642473        1042.4578175168874       1105.9238070836484       1155.3599802158176
2.5641025641025634        770.1601425098683        951.3268399362862        1042.138950099135        1105.2772568916103       1154.4146377044574
2.797202797202796         770.4868446746362        951.3569487083251        1041.8200826813825       1104.630706699572        1153.469295193097
3.03030303030303          770.8127850592422        951.3672504693585        1041.4970454288405       1104.0115104765569       1152.5895475605046
3.2634032634032635        771.138725443848         951.3775522303916        1041.1740081762985       1103.3923142535414       1151.709799927912
3.4965034965034967        771.4646658284539        951.3878539914249        1040.8509709237564       1102.773118030526        1150.8300522953195
3.7296037296037294        771.7516131298493        951.2951943173475        1040.3981199919217       1102.010904421306        1149.8007233697865
3.962703962703962         772.0385604312446        951.2025346432699        1039.9452690600867       1101.2486908120857       1148.7713944442535
4.195804195804195         772.32550773264          951.1098749691924        1039.492418128252        1100.4864772028657       1147.7420655187204
4.428904428904428         772.5530780143517        950.8838264622034        1038.87603751071         1099.5488763920862       1146.5352383898926
4.6620046620046605        772.7806482960634        950.6577779552142        1038.2596568931679       1098.6112755813067       1145.3284112610645
4.895104895104893         773.0082185777752        950.4317294482252        1037.6432762756258       1097.6736747705272       1144.1215841322366
5.128205128205128         773.1768971820643        950.1010778897249        1036.9165429342793       1096.6310867120083       1142.8173390588313
5.3613053613053605        773.3455757863532        949.7704263312246        1036.1898095929328       1095.588498653489        1141.5130939854257
5.594405594405594         773.514254390642         949.4397747727243        1035.4630762515862       1094.5459105949699       1140.2088489120204
5.827505827505827         773.6022607910814        948.9590565254335        1034.5648516491094       1093.3244890218393       1138.7225748785802
6.060606060606059         773.6902671915208        948.4783382781427        1033.6666270466324       1092.1030674487088       1137.2363008451398
6.2937062937062915        773.7782735919601        947.9976200308519        1032.7684024441553       1090.8816458755782       1135.7500268116996
6.526806526806525         773.7786310931123        947.359060179009         1031.6936230988974       1089.4853364422559       1134.1029122179996
6.759906759906759         773.7789885942642        946.7205003271661        1030.6188437536396       1088.0890270089333       1132.4557976242997
6.9930069930069925        773.7793460954163        946.0819404753231        1029.5440644083817       1086.6927175756107       1130.8086830305997
7.226107226107226         773.7137303555489        945.3334309900492        1028.3471598443266       1085.1698856979986       1129.033342287404
7.459207459207458         773.6481146156815        944.5849215047754        1027.1502552802713       1083.6470538203866       1127.2580015442081
7.692307692307692         773.582498875814         943.8364120195015        1025.9533507162162       1082.1242219427745       1125.4826608010123
7.925407925407924         773.4302153571408        942.9599322954024        1024.6297278326188       1080.484024550069        1123.6016299074001
8.158508158508157         773.2779318384675        942.0834525713033        1023.3061049490212       1078.8438271573636       1121.720599013788
8.391608391608388         773.1256483197942        941.2069728472042        1021.9824820654237       1077.2036297646582       1119.8395681201757
8.624708624708623         772.8882074269305        940.1991272690766        1020.5172855637974       1075.4190949694525       1117.8127415366014
8.857808857808857         772.6507665340667        939.1912816909489        1019.0520890621708       1073.6345601742466       1115.7859149530268
9.09090909090909          772.413325641203         938.1834361128214        1017.5868925605442       1071.850025379041        1113.7590883694525
9.324009324009324         772.1048808639578        937.080531824833         1016.0266842133949       1069.9729776783827       1111.641734718076
9.557109557109555         771.7964360867124        935.9776275368445        1014.4664758662454       1068.0959299777242       1109.5243810666993
9.79020979020979          771.4879913094671        934.874723248856         1012.906267519096        1066.2188822770659       1107.4070274153228
10.023310023310023        771.1197996128209        933.6946336565239        1011.270684823343        1064.267752786194        1105.2159912596082
10.256410256410257        770.7516079161745        932.5145440641918        1009.6351021275898       1062.316623295322        1103.024955103894
10.48951048951049         770.3834162195282        931.3344544718597        1007.9995194318367       1060.3654938044501       1100.8339189481794
10.722610722610721        769.9720174753121        930.1060738826209        1006.320034647493        1058.3752159036032       1098.6078625716566
10.955710955710956        769.5606187310958        928.877693293382         1004.6405498631491       1056.3849380027564       1096.3818061951335
11.188811188811187        769.1492199868796        927.6493127041432        1002.9610650788052       1054.3946601019095       1094.1557498186105
11.42191142191142         768.6813964701154        926.369039580584         1001.246858347038        1052.3845205271339       1091.9194964032822
11.65501165501165         768.2135729533509        925.0887664570246        999.5326516152708        1050.3743809523583       1089.683242987954
11.888111888111883        767.7457494365865        923.8084933334652        997.8184448835035        1048.3642413775826       1087.4469895726256
12.121212121212116        767.2384020999978        922.4976462616568        996.0946038881904        1046.3641057286793       1085.236696873383
12.35431235431235         766.7310547634089        921.1867991898481        994.370762892877         1044.3639700797758       1083.02640417414
12.587412587412583        766.2237074268202        919.8759521180395        992.6469218975637        1042.3638344308724       1080.8161114748973
12.820512820512816        765.6763328868383        918.5380633042525        990.9113814263247        1040.3653501332294       1078.6202000581243
13.053613053613049        765.1289583468563        917.2001744904654        989.1758409550855        1038.3668658355864       1076.4242886413513
13.286713286713281        764.5815838068743        915.8622856766783        987.4403004838463        1036.3683815379434       1074.2283772245783
13.519813519813518        763.9971088081363        914.5108126703618        985.7094054463436        1034.386904162045        1072.0574085830156
13.75291375291375         763.4126338093984        913.1593396640451        983.9785104088407        1032.405426786147        1069.8864399414526
13.986013986013985        762.8281588106604        911.8078666577284        982.2476153713379        1030.4239494102487       1067.7154712998897
14.219114219114218        762.220633792145         910.4417955537463        980.5056211590788        1028.4316710547296       1065.533237271279
14.452214452214449        761.6131087736295        909.0757244497639        978.7636269468195        1026.4393926992102       1063.3510032426682
14.68531468531468         761.005583755114         907.7096533457817        977.0216327345602        1024.4471143436908       1061.1687692140574
14.918414918414914        760.3686629353201        906.3290437060543        975.2768173966061        1022.4595965584328       1058.9967565701902
15.151515151515147        759.7317421155261        904.9484340663267        973.5320020586519        1020.4720787731748       1056.8247439263228
15.38461538461538         759.0948212957322        903.5678244265993        971.7871867206977        1018.4845609879168       1054.6527312824553
15.617715617715614        758.4415289401537        902.1982459793762        970.0726054463638        1016.5406835973706       1052.5344263740474
15.850815850815845        757.7882365845751        900.8286675321531        968.3580241720298        1014.5968062068243       1050.4161214656394
16.08391608391608         757.1349442289965        899.4590890849299        966.6434428976959        1012.6529288162781       1048.2978165572315
16.317016317016314        756.4703090538397        898.1009152758802        964.9551605879983        1010.7465407057309       1046.226904033173
16.55011655011654         755.8056738786829        896.7427414668302        963.2668782783007        1008.8401525951836       1044.1559915091145
16.783216783216776        755.1410387035262        895.3845676577803        961.5785959686032        1006.9337644846363       1042.085078985056
17.01631701631701         754.4644986193357        894.0378008775497        959.9174525018608        1005.0635766117467       1040.0555434861406
17.24941724941724         753.7879585351452        892.691034097319         958.2563090351184        1003.193388738857        1038.0260079872248
17.482517482517476        753.1114184509547        891.3442673170883        956.595165568376         1001.3232008659674       1035.9964724883093
17.71561771561771         752.4253392766841        890.0090474919177        954.959626552258         999.4872309770062        1034.0068614151444
17.948717948717942        751.7392601024134        888.673827666747         953.3240875361399        997.651261088045         1032.0172503419792
18.181818181818173        751.0531809281428        887.3386078415764        951.6885485200219        995.8152911990837        1030.0276392688143
18.41491841491841         750.3583743487059        886.0224628470424        950.0888132690883        994.0280714742705        1028.0980138971954
18.648018648018645        749.6635677692689        884.7063178525083        948.4890780181546        992.2408517494573        1026.1683885255763
18.881118881118876        748.968761189832         883.3901728579742        946.8893427672209        990.4536320246441        1024.2387631539575
19.11421911421911         748.2645186390123        882.0908395991386        945.321148836135         988.7076061285494        1022.3564554485515
19.347319347319342        747.5602760881925        880.7915063403028        943.7529549050489        986.9615802324546        1020.4741477431455
19.580419580419576        746.8560335373727        879.4921730814671        942.1847609739629        985.2155543363599        1018.5918400377395
19.813519813519807        746.1462761286972        878.2070393204052        940.6418896695509        983.503593098582         1016.7525523836854
20.04662004662004         745.4365187200215        876.9219055593433        939.0990183651387        981.7916318608039        1014.9132647296311
20.279720279720273        744.7267613113459        875.6367717982813        937.5561470607266        980.0796706230259        1013.073977075577
20.51282051282051         744.0078664546464        874.3610478556537        936.0321401228149        978.3937877443402        1011.26692927313
20.745920745920742        743.2889715979468        873.0853239130261        934.5081331849029        976.7079048656544        1009.4598814706828
20.979020979020977        742.5700767412472        871.8095999703984        932.984126246991         975.0220219869688        1007.6528336682356
21.21212121212121         741.8513480208608        870.5531166682865        931.4901645541568        973.3718073707923        1005.8833274211888
21.445221445221442        741.1326193004742        869.2966333661745        929.9962028613224        971.7215927546158        1004.1138211741418
21.678321678321677        740.4138905800876        868.0401500640626        928.5022411684882        970.0713781384393        1002.3443149270948
21.91142191142191         739.6932653461304        866.7986908500131        927.0311710452419        968.4487759705307        1000.6056537309896
22.144522144522142        738.972640112173         865.5572316359636        925.5601009219955        966.8261738026222        998.8669925348843
22.377622377622373        738.2520148782157        864.3157724219142        924.0890307987491        965.2035716347136        997.128331338779
22.610722610722608        737.5332319207606        863.0959410403235        922.647970435655         963.6156335577377        995.4271036908377
22.84382284382284         736.8144489633054        861.8761096587327        921.2069100725607        962.0276954807617        993.7258760428963
23.07692307692307         736.0956660058501        860.656278277142         919.7658497094665        960.4397574037858        992.0246483949549
23.3100233100233          735.3849387301167        859.4672407278254        918.3672186210904        958.9020696022931        990.3792576314866
23.54312354312353         734.674211454383         858.2782031785088        916.9685875327142        957.3643818008001        988.7338668680181
23.776223776223766        733.9634841786494        857.0891656291922        915.5699564443381        955.826693999307         987.0884761045498
24.009324009324           733.2569911322927        855.931465959512         914.2167388730793        954.3434232638717        985.504156427027
24.242424242424235        732.5504980859358        854.7737662898319        912.8635213018204        952.8601525284362        983.9198367495043
24.47552447552447         731.844005039579         853.6160666201517        911.5103037305615        951.3768817930007        982.3355170719815
24.708624708624708        731.1376466753408        852.4768878696098        910.186475327593         949.9314708409823        980.7974995020139
24.94172494172493         730.4312883111025        851.3377091190677        908.8626469246243        948.4860598889637        979.2594819320464
25.174825174825166        729.7249299468643        850.1985303685257        907.5388185216556        947.0406489369452        977.7214643620788
25.4079254079254          729.0257208715066        849.0792250149301        906.2395490275585        945.6224596722701        976.2122790290373
25.641025641025628        728.3265117961487        847.9599196613343        904.9402795334613        944.2042704075948        974.7030936959957
25.87412587412586         727.6273027207909        846.8406143077386        903.6410100393641        942.7860811429196        973.1939083629541
26.1072261072261          726.9347968964022        845.7460535450509        902.3757657008701        941.4088712233735        971.731559270588
26.340326340326335        726.2422910720132        844.651492782363         901.110521362376         940.0316613038273        970.2692101782219
26.573426573426566        725.5497852476244        843.5569320196751        899.8452770238819        938.6544513842812        968.8068610858558
26.8065268065268          724.8641187375327        842.4869444779566        898.6133650182499        937.3161219857357        967.3878748182203
27.03962703962703         724.1784522274409        841.4169569362381        897.3814530126176        935.9777925871902        965.9688885505847
27.272727272727263        723.4927857173491        840.3469693945196        896.1495410069855        934.6394631886446        964.5499022829491
27.505827505827494        722.8153370338789        839.3039185179576        894.9518971364861        933.3392552426853        963.17189985463
27.73892773892773         722.1378883504086        838.2608676413955        893.7542532659866        932.0390472967259        961.7938974263108
27.97202797202796         721.4604396669384        837.2178167648334        892.556609395487         930.7388393507666        960.4158949979915
28.205128205128194        720.796038006539         836.2012498218055        891.3894126485006        929.4709558963718        959.071276400947
28.438228438228425        720.1316363461395        835.1846828787774        890.2222159015141        928.2030724419768        957.7266578039023
28.67132867132866         719.4672346857401        834.1681159357494        889.0550191545276        926.9351889875819        956.3820392068577
28.904428904428894        718.8159064278377        833.1803516359244        887.923705542632         925.7083727540875        955.0824020696145
29.13752913752912         718.1645781699352        832.1925873360992        886.7923919307361        924.4815565205929        953.7827649323712
29.370629370629352        717.5132499120328        831.2048230362742        885.6610783188404        923.2547402870983        952.4831277951279
29.60372960372959         716.8732294852581        830.2462621440437        884.5659086018513        922.0685766051403        951.2275241601169
29.83682983682982         716.2332090584833        829.2877012518131        883.470738884862         920.8824129231821        949.9719205251058
30.069930069930056        715.5931886317086        828.3291403595827        882.3755691678729        919.6962492412239        948.7163168900947
30.30303030303029         714.9616168680357        827.3887092184335        881.3000122089463        918.5283683803799        947.47628009688
30.536130536130525        714.3300451043627        826.4482780772843        880.2244552500197        917.3604875195358        946.2362433036651
30.769230769230756        713.6984733406898        825.507846936135         879.148898291093         916.1926066586918        944.9962065104502
31.00233100233099         713.0766013796137        824.5894768057648        878.0997284068654        915.052863345168         943.7848198263441
31.235431235431218        712.4547294185376        823.6711066753944        877.0505585226376        913.9131200316441        942.5734331422378
31.468531468531452        711.8328574574614        822.752736545024         876.0013886384098        912.7733767181203        941.3620464581317
31.701631701631683        711.2220575856098        821.8591728129302        874.9831704513522        911.6690889532193        940.1901208390342
31.934731934731918        710.6112577137582        820.9656090808362        873.9649522642944        910.5648011883181        939.0181952199366
32.16783216783215         710.0004578419065        820.0720453487422        872.9467340772368        909.460513423417         937.8462696008392
32.40093240093238         709.4014722537464        819.2028479719245        871.9584850747136        908.389867753562         936.7104170919654
32.63403263403262         708.8024866655862        818.3336505951066        870.9702360721903        907.3192220837069        935.5745645830915
32.86713286713285         708.203501077426         817.4644532182888        869.9819870696672        906.2485764138519        934.4387120742177
33.10023310023308         707.6141011777311        816.6154269684358        869.0182433714842        905.2055886906087        933.3336742955597
33.333333333333314        707.024701278036         815.7664007185828        868.054499673301         904.1626009673654        932.2286365169015
33.566433566433545        706.435301378341         814.9173744687297        867.090755975118         903.1196132441221        931.1235987382433
33.79953379953378         705.8577601134265        814.0888344936144        866.15098247114          902.1031422753745        930.04795922074
34.03263403263402         705.2802188485118        813.260294518499         865.2112089671617        901.0866713066266        928.9723197032366
34.26573426573425         704.7026775835973        812.4317545433837        864.2714354631835        900.0702003378788        927.8966801857332
34.49883449883448         704.1350659190952        811.618634390095         863.3478031792616        899.0698691302476        926.8371733179051
34.731934731934714        703.5674542545929        810.8055142368063        862.4241708953397        898.0695379226164        925.7776664500769
34.965034965034945        702.9998425900908        809.9923940835175        861.5005386114178        897.0692067149852        924.7181595822487
35.19813519813519         702.44258008961          809.2011400061119        860.6048075927526        896.1017204059568        923.6955960719656
35.43123543123542         701.8853175891293        808.4098859287062        859.7090765740874        895.1342340969283        922.6730325616822
35.66433566433565         701.3280550886485        807.6186318513006        858.8133455554221        894.1667477878998        921.650469051399
35.89743589743589         700.7822486661437        806.8490176161815        857.9434881578798        893.2280539299032        920.658740512449
36.130536130536115        700.2364422436387        806.0794033810623        857.0736307603373        892.2893600719066        919.6670119734987
36.363636363636346        699.6906358211339        805.3097891459432        856.2037733627949        891.3506662139099        918.6752834345485
36.59673659673659         699.1561125668444        804.5601639273304        855.3579608744974        890.4394911842967        917.7139353749534
36.82983682983682         698.6215893125548        803.8105387087174        854.5121483861997        889.5283161546834        916.7525873153581
37.06293706293705         698.0870660582651        803.0609134901044        853.666335897902         888.6171411250701        915.791239255763
37.29603729603729         697.5652451326317        802.3306478848297        852.8424130795989        887.7289162273526        914.8530763751045
37.529137529137515        697.0434242069982        801.6003822795548        852.0184902612957        886.8406913296349        913.9149134944458
37.762237762237746        696.5216032813647        800.87011667428          851.1945674429926        885.9524664319172        912.9767506137873
37.99533799533799         696.0104890391908        800.1573965229281        850.3917716806474        885.0882251085487        912.0649232433724
38.22843822843822         695.4993747970168        799.4446763715762        849.588975918302         884.2239837851803        911.1530958729572
38.46153846153846         694.9882605548429        798.7319562202242        848.7861801559567        883.3597424618118        910.2412685025422
38.694638694638684        694.4894114021976        798.0396429741048        848.0067743798301        882.5214544291791        909.3579117381254
38.927738927738915        693.9905622495521        797.3473297279853        847.2273686037033        881.6831663965463        908.4745549737083
39.160839160839146        693.4917130969068        796.6550164818659        846.4479628275766        880.8448783639136        907.5911982092913
39.393939393939384        693.0020060921123        795.9792958298153        845.688432332689         880.0281756360934        906.7303643081542
39.627039627039615        692.5122990873176        795.3035751777646        844.9289018378013        879.211472908273         905.869530407017
39.86013986013985         692.022592082523         794.627854525714         844.1693713429137        878.3947701804526        905.0086965058799
40.093240093240084        691.5439533856763        793.971994460241         843.4335037750047        877.6038561804428        904.1749676963689
40.326340326340315        691.0653146888295        793.3161343947678        842.6976362070956        876.8129421804329        903.3412388868577
40.55944055944055         690.5866759919828        792.6602743292946        841.9617686391864        876.022028180423         902.5075100773466
40.792540792540784        690.118562760783         792.0228467274745        841.2480025860764        875.2554337845346        901.6996151355074
41.025641025641015        689.650449529583         791.3854191256543        840.5342365329662        874.4888393886459        900.891720193668
41.25874125874124         689.1823362983832        790.7479915238341        839.8204704798562        873.7222449927573        900.0838252518287
41.49184149184147         688.7244265391395        790.1285466423001        839.1291036239058        872.9811340161865        899.3037427936599
41.72494172494171         688.2665167798957        789.5091017607658        838.4377367679555        872.2400230396156        898.523660335491
41.958041958041946        687.808607020652         788.8896568792317        837.7463699120051        871.4989120630447        897.743577877322
42.19114219114218         687.361624054322         788.2880452297516        837.0754620289107        870.779412926612         896.9854645466412
42.42424242424241         686.9146410879919        787.6864335802713        836.4045541458163        870.0599137901793        896.2273512159603
42.65734265734264         686.4676581216619        787.0848219307911        835.7336462627219        869.3404146537465        895.4692378852795
42.89044289044287         686.0298948303097        786.4953455012353        835.0753307099627        868.6338103352874        894.7245159777002
43.12354312354311         685.5921315389572        785.9058690716793        834.4170151572034        867.9272060168282        893.9797940701208
43.35664335664334         685.1543682476049        785.3163926421232        833.7586996044441        867.2206016983691        893.2350721625414
43.58974358974358         684.726792534871         784.7415410724449        833.1176059406392        866.5340404211812        892.5132018574965
43.82284382284381         684.2992168221369        784.1666895027664        832.4765122768341        865.8474791439932        891.7913315524513
44.055944055944046        683.871641109403         783.5918379330881        831.8354186130291        865.1609178668051        891.0694612474061
44.28904428904429         683.4564892397345        783.0356292132094        831.215667579944         864.4968946326508        890.3703062300026
44.522144522144515        683.0413373700659        782.4794204933306        830.5959165468587        863.8328713984963        889.6711512125988
44.755244755244746        682.6261855003974        781.9232117734518        829.9761655137735        863.168848164342         888.9719961951952
44.98834498834499         682.2205033298384        781.3794684428635        829.3690169143018        862.5169551742807        888.284207153626
45.22144522144522         681.8148211592792        780.835725112275         828.7618683148299        861.8650621842193        887.5964181120567
45.45454545454545         681.4091389887201        780.2919817816866        828.1547197153582        861.2131691941578        886.9086290704873
45.68764568764569         681.0137526543243        779.7621814400073        827.5623397126134        860.5767859377129        886.2370536036643
45.920745920745915        680.6183663199283        779.2323810983279        826.9699597098684        859.9404026812678        885.5654781368412
46.153846153846146        680.2229799855324        778.7025807566486        826.3775797071235        859.3040194248227        884.8939026700181
46.386946386946384        679.837927114253         778.1911692744626        825.8082376263477        858.6938944068313        884.2511021481935
46.62004662004661         679.4528742429735        777.6797577922764        825.2388955455718        858.0837693888398        883.6083016263688
46.85314685314684         679.067821371694         777.1683463100903        824.669553464796         857.4736443708483        882.9655011045442
47.08624708624708         678.6922710716831        776.6710928741714        824.1164700321254        856.8809454773327        882.3410616830723
47.3193473193473          678.3167207716721        776.1738394382523        823.5633865994547        856.288246583817         881.7166222616003
47.55244755244754         677.941170471661         775.6765860023334        823.0103031667841        855.6955476903013        881.0921828401282
47.78554778554778         677.575147846024         775.192856639071         822.472193979446         855.1191162555366        880.4851311950783
48.01864801864801         677.209125220387         774.7091272758084        821.9340847921078        854.5426848207718        879.8780795500282
48.25174825174824         676.84310259475          774.225397912546         821.3959756047695        853.9662533860071        879.2710279049783
48.48484848484847         676.4859868075747        773.754483514883         820.8729975172972        853.4071921347688        878.6835004782879
48.717948717948694        676.1288710203994        773.2835691172198        820.3500194298248        852.8481308835305        878.0959730515973
48.951048951048925        675.7717552332241        772.8126547195567        819.8270413423525        852.2890696322922        877.5084456249068
49.18414918414916         675.4247391983382        772.3563101221758        819.3206142443702        851.7482557776099        876.9409619355534
49.4172494172494          675.0777231634522        771.8999655247948        818.8141871463878        851.2074419229275        876.3734782461999
49.65034965034964         674.7307071285662        771.4436209274138        818.3077600484054        850.6666280682451        875.8059945568464
49.88344988344987         674.3946461468586        771.0035868924014        817.8198449893152        850.1455951110431        875.2590719506566
50.1165501165501          674.0585851651508        770.5635528573888        817.331929930225         849.6245621538411        874.7121493444666
50.349650349650325        673.7225241834432        770.1235188223762        816.8440148711347        849.1035291966391        874.1652267382767
50.58275058275056         673.3954719919292        769.6969664850478        816.3717553476724        848.5995599427035        873.6363871739482
50.8158508158508          673.0684198004151        769.2704141477193        815.8994958242099        848.0955906887679        873.1075476096195
51.04895104895104         672.741367608901         768.8438618103909        815.4272363007475        847.5916214348323        872.5787080452908
51.28205128205128         672.4238166469269        768.4317365789267        814.971456431032         847.1054561225262        872.0686330752103
51.5151515151515          672.1062656849526        768.0196113474623        814.5156765613164        846.6192908102199        871.5585581051297
51.74825174825173         671.7887147229784        767.607486115998         814.0598966916007        846.1331254979137        871.0484831350492
51.98135198135197         671.4805463191836        767.2085059829972        813.618521981011         845.6621423632683        870.5542002665077
52.2144522144522          671.1723779153888        766.8095258499962        813.1771472704212        845.1911592286227        870.059917397966
52.44755244755243         670.864209511594         766.4105457169953        812.7357725598314        844.7201760939771        869.5656345294244
52.68065268065268         670.5655838200116        766.0251469202218        812.3093772483858        844.265064972627         869.087924128571
52.91375291375291         670.2669581284291        765.6397481234482        811.8829819369399        843.8099538512768        868.6102137277175
53.14685314685315         669.9683324368466        765.2543493266746        811.4565866254942        843.3548427299265        868.1325033268639
53.379953379953385        669.6777923487681        764.8808622407711        811.04394633383          842.9147389245275        867.6706344615833
53.613053613053616        669.3872522606895        764.5073751548674        810.6313060421656        842.4746351191283        867.2087655963026
53.84615384615384         669.096712172611         764.1338880689638        810.2186657505014        842.0345313137291        866.7468967310219
54.079254079254085        668.8146025089437        763.7727899726075        809.8205344572311        841.6102590058022        866.3017512148234
54.312354312354316        668.5324928452764        763.4116918762512        809.4224031639607        841.1859866978753        865.8566056986248
54.54545454545454         668.250383181609         763.0505937798949        809.0242718706902        840.7617143899483        865.4114601824263
54.778554778554785        667.9766137831716        762.6996822829663        808.636489857381         840.3477895242333        864.976815339136
55.011655011655           667.7028443847341        762.3487707860376        808.2487078440715        839.9338646585182        864.5421704958457
55.24475524475524         667.4290749862968        761.9978592891089        807.8609258307622        839.5199397928031        864.1075256525553
55.47785547785548         667.1622486560626        761.6556453584777        807.482053579409         839.1150052445827        863.6820874479354
55.71095571095571         666.8954223258283        761.3134314278466        807.1031813280557        838.7100706963621        863.2566492433153
55.94405594405595         666.6285959955942        760.9712174972154        806.7243090767025        838.3051361481415        862.8312110386954
56.177156177156185        666.3702093199656        760.6411556466948        806.3591169729855        837.9149129444821        862.4212650131409
56.4102564102564          666.1118226443369        760.311093796174         805.9939248692683        837.5246897408225        862.0113189875863
56.64335664335664         665.8534359687084        759.9810319456533        805.6287327655513        837.134466537163         861.6013729620316
56.87645687645688         665.6021681451323        759.6607102262216        805.2750129884924        836.7572926862074        861.2057536966805
57.10955710955711         665.3509003215561        759.3403885067897        804.9212932114334        836.3801188352516        860.8101344313294
57.34265734265735         665.09963249798          759.020066787358         804.5675734343745        836.0029449842957        860.4145151659783
57.575757575757585        664.8553096012562        758.7093952424011        804.2247397731924        835.6375270615531        860.0313648226013
57.808857808857816        664.6109867045321        758.3987236974441        803.8819061120101        835.2721091388104        859.6482144792243
58.04195804195805         664.3666638078082        758.0880521524872        803.5390724508279        834.9066912160678        859.2650641358473
58.27505827505828         664.1298644926576        757.7879536559493        803.2078737116447        834.5535804604517        858.8947408334759
58.50815850815851         663.8930651775069        757.4878551594113        802.8766749724614        834.2004697048357        858.5244175311044
58.741258741258726        663.6562658623561        757.1877566628734        802.5454762332781        833.8473589492196        858.1540942287329
58.97435897435897         663.4263952087998        756.8971147102017        802.2248242252152        833.5055445602496        857.7955533067169
59.20745920745921         663.1965245552434        756.6064727575298        801.9041722171522        833.1637301712796        857.4370123847007
59.44055944055944         662.966653901687         756.3158308048579        801.5835202090893        832.8219157823096        857.0784714626845
59.67365967365967         662.7436141920384        756.0343335120416        801.273158970252         832.4913310728881        856.7318921054641
59.9067599067599          662.5205744823899        755.7528362192252        800.9627977314145        832.1607463634664        856.3853127482435
60.13986013986013         662.2975347727413        755.4713389264089        800.6524364925771        831.8301616540447        856.0387333910229
60.37296037296037         662.0813284399063        755.1985572520806        800.3516087226698        831.510094576871         855.7039577744587
60.60606060606061         661.8651221070712        754.9257755777522        800.0507809527625        831.1900274996972        855.3691821578943
60.83916083916084         661.6489157742362        754.652993903424         799.7499531828552        830.8699604225234        855.0344065413301
61.07226107226108         661.4387599058277        754.3879717360094        799.4576846538181        830.5593072100908        854.7101199312241
61.30536130536131         661.2286040374191        754.1229495685947        799.165416124781         830.2486539976579        854.385833321118
61.53846153846154         661.0184481690106        753.8579274011801        798.873147595744         829.9380007852252        854.0615467110119
61.771561771561785        660.8143828000085        753.6018878683495        798.5912194621917        829.6383424205274        853.7485895488077
62.004662004662016        660.6103174310063        753.3458483355189        798.3092913286393        829.3386840558293        853.4356323866033
62.237762237762254        660.406252062004         753.0898088026884        798.027363195087         829.0390256911313        853.1226752243989
62.47086247086249         660.2084403149906        752.842451562585         797.75513858213          828.7497204514324        852.8205574680667
62.70396270396271         660.0106285679773        752.5950943224815        797.482913969173         828.4604152117333        852.5184397117345
62.93706293706294         659.8128168209639        752.347737082378         797.210689356216         828.1711099720343        852.2163219554022
63.17016317016319         659.6213843679085        752.1091081155589        796.9482838121063        827.8922965807216        851.9251904943367
63.40326340326341         659.429951914853         751.8704791487397        796.6858782679965        827.6134831894088        851.6340590332711
63.636363636363654        659.2385194617975        751.6318501819205        796.4234727238867        827.3346697980961        851.3429275722056
63.86946386946391         659.0506386656049        751.3967084860838        796.165101016514         827.0599461904853        851.0552312520165
64.10256410256414         658.8627578694121        751.1615667902469        795.9067293091412        826.7852225828746        850.7675349318274
64.33566433566438         658.6748770732195        750.9264250944101        795.6483576017685        826.5104989752638        850.4798386116383
64.5687645687646          658.492138939549         750.6980627875025        795.3977069082861        826.2440561019043        850.2007179985045
64.80186480186482         658.3094008058785        750.4697004805948        795.1470562148036        825.9776132285448        849.9215973853705
65.03496503496504         658.126662672208         750.2413381736873        794.8964055213212        825.7111703551853        849.6424767722367
65.26806526806527         657.9502115845273        750.0211524691683        794.6548461474875        825.4545263229899        849.3736841236259
65.5011655011655          657.7737604968465        749.8009667646494        794.4132867736537        825.1978822907942        849.1048914750149
65.73426573426572         657.5973094091657        749.5807810601304        794.1717273998198        824.9412382585984        848.8360988264039
65.96736596736596         657.4273638678           749.3690920158226        793.9393759912849        824.6942380024817        848.5773630640392
66.2004662004662          657.2574183264342        749.1574029715148        793.7070245827499        824.4472377463649        848.3186273016744
66.43356643356643         657.0874727850684        748.945713927207         793.474673174215         824.200237490248         848.0598915393095
66.66666666666669         656.9234549684594        748.7415891081007        793.2509073354204        823.9626630209256        847.8111605984948
66.8997668997669          656.7594371518504        748.5374642889943        793.0271414966256        823.725088551603         847.5624296576799
67.13286713286713         656.5954193352414        748.333339469888         792.803375657831         823.4875140822804        847.313698716865
67.36596736596738         656.4373790467434        748.1370559345579        792.5883252943273        823.2592593788663        847.0748096471592
67.59906759906761         656.2793387582453        747.9407723992277        792.3732749308235        823.0310046754521        846.8359205774533
67.83216783216784         656.1212984697472        747.7444888638977        792.1582245673197        822.802749972038         846.5970315077475
68.06526806526809         655.9681916790096        747.5540177785109        791.9495137483826        822.5816522726421        846.3665472046063
68.2983682983683          655.8150848882717        747.363546693124         791.7408029294454        822.3605545732461        846.1360629014649
68.53146853146853         655.661978097534         747.1730756077371        791.5320921105083        822.1394568738501        845.9055785983236
68.76456876456876         655.5140814954922        746.9895986372953        791.3310119235616        821.9265633874653        845.6838755782732
68.997668997669           655.3661848934503        746.8061216668534        791.1299317366147        821.7136699010803        845.4621725582226
69.23076923076924         655.2182882914084        746.6226446964115        790.9288515496679        821.5007764146952        845.2404695381721
69.46386946386949         655.074732213343         746.4440725288893        790.7323806093742        821.2916646035004        845.0214731330385
69.6969696969697          654.9311761352776        746.2655003613669        790.5359096690804        821.0825527923054        844.8024767279048
69.93006993006993         654.7876200572122        746.0869281938446        790.3394387287866        820.8734409811104        844.5834803227712
70.16317016317016         654.6478176991681        745.9138670954527        790.14971716946          820.671837369338         844.3726028256291
70.39627039627038         654.5080153411238        745.7408059970606        789.9599956101333        820.4702337575654        844.1617253284868
70.62937062937063         654.3682129830797        745.5677448986687        789.7702740508067        820.2686301457929        843.9508478313445
70.86247086247086         654.2330240330695        745.4007951998697        789.5873792425601        820.0744098696066        843.7478793833886
71.09557109557109         654.0978350830592        745.2338455010705        789.4044844343134        819.88018959342          843.5449109354327
71.32867132867132         653.9626461330489        745.0668958022713        789.2215896260667        819.6859693172336        843.3419424874767
71.56177156177155         653.8318611106884        744.905373012246         789.0446298458651        819.4981059140454        843.1457124437036
71.7948717948718          653.7010760883278        744.7438502222205        788.8676700656633        819.310242510857         842.9494823999303
72.02797202797203         653.5702910659672        744.5823274321951        788.6907102854617        819.1223791076688        842.7532523561571
72.26107226107226         653.4443201017591        744.42698798997          788.5204511934263        818.9415734754391        842.5643775386711
72.49417249417249         653.3183491375509        744.2716485477448        788.3501921013907        818.7607678432092        842.3755027211851
72.72727272727272         653.1923781733427        744.1163091055196        788.1799330093551        818.5799622109795        842.186627903699
72.96037296037295         653.0707314257298        743.9665108803794        788.0156976803136        818.4055494381251        842.0044406938196
73.19347319347318         652.9490846781168        743.8167126552389        787.851462351272         818.2311366652706        841.82225348394
73.42657342657341         652.8274379305038        743.6669144300986        787.6872270222304        818.0567238924161        841.6400662740605
73.65967365967366         652.7100694751406        743.5221708613334        787.5284859382514        817.8881900274835        841.4640498709651
73.89277389277387         652.5927010197772        743.3774272925681        787.3697448542723        817.7196561625506        841.2880334678697
74.12587412587412         652.4753325644139        743.2326837238028        787.2110037702932        817.5511222976177        841.1120170647742
74.35897435897435         652.3621033948986        743.0931710512803        787.0579579223984        817.3886426851436        840.9423189931606
74.59207459207458         652.2488742253831        742.9536583787576        786.9049120745034        817.2261630726695        840.7726209215467
74.8251748251748          652.1356450558678        742.8141457062351        786.7518662266085        817.0636834601953        840.6029228499328
75.05827505827504         652.0262049330868        742.6795840198504        786.6041528146524        816.9068386765872        840.4391274598732
75.29137529137527         651.9167648103056        742.5450223334656        786.456439402696         816.7499938929789        840.2753320698134
75.52447552447552         651.8073246875244        742.4104606470808        786.3087259907396        816.5931491093705        840.1115366797537
75.75757575757576         651.701425083024         742.2801083194098        786.1657136985407        816.4414609500681        839.953374784342
75.990675990676           651.5955254785234        742.1497559917387        786.0227014063416        816.2897727907655        839.7952128889301
76.22377622377623         651.4896258740229        742.0194036640678        785.8796891141426        816.1380846314629        839.6370509935183
76.45687645687646         651.3870774302521        741.8933983949526        785.7417901345864        815.9920308950409        839.4849074473716
76.68997668997667         651.2845289864813        741.7673931258372        785.60389115503          815.8459771586187        839.3327639012247
76.92307692307692         651.1819805427104        741.641387856722         785.4659921754737        815.6999234221964        839.1806203550778
77.15617715617715         651.083040145898         741.520054413569         785.3332698619514        815.5593745912329        839.0341950656042
77.3892773892774          650.9840997490855        741.398720970416         785.2005475484291        815.4188257602692        838.8877697761303
77.62237762237763         650.8851593522731        741.2773875272629        785.0678252349068        815.2782769293057        838.7413444866565
77.85547785547786         650.7901420256901        741.1610738119576        784.9407325884339        815.1437592346552        838.6012322102138
78.08857808857807         650.6951246991069        741.0447600966522        784.8136399419609        815.0092415400048        838.4611199337709
78.32167832167832         650.6001073725239        740.9284463813468        784.686547295488         814.8747238453544        838.321007657328
78.55477855477855         650.5093527748115        740.8174295937995        784.565487276498         814.7467501394217        838.1877914649377
78.78787878787878         650.4185981770992        740.706412806252         784.4444272575076        814.618776433489         838.0545752725473
79.02097902097901         650.3278435793868        740.5953960187046        784.3233672385173        814.4908027275562        837.9213590801568
79.25407925407924         650.2407300010301        740.48895326439          784.2077133118028        814.3688885716059        837.7946658116599
79.48717948717949         650.1536164226733        740.3825105100753        784.0920593850881        814.2469744156555        837.6679725431629
79.72027972027972         650.0665028443165        740.2760677557607        783.9764054583735        814.1250602597052        837.5412792746661
79.95337995337997         649.9835034530985        740.1751265631655        783.8670924692428        814.0101805535751        837.4222399569627
80.1864801864802          649.9005040618804        740.0741853705701        783.757779480112         813.8953008474449        837.3032006392592
80.41958041958044         649.8175046706624        739.973244177975         783.6484664909813        813.7804211413147        837.1841613215557
80.65268065268067         649.7376356228975        739.8755161125771        783.5419960937037        813.6678367416936        837.0667730205167
80.8857808857809          649.6577665751325        739.7777880471792        783.435525696426         813.5552523420723        836.9493847194775
81.11888111888112         649.5778975273677        739.6800599817814        783.3290552991484        813.4426679424512        836.8319964184384
81.35198135198135         649.5016793537375        739.5860944967485        783.22589213301          813.3327706279188        836.7165821913928
81.5850815850816          649.4254611801072        739.4921290117155        783.1227289668716        813.2228733133861        836.6011679643472
81.81818181818183         649.349243006477         739.3981635266825        783.0195658007332        813.1129759988536        836.4857537373015
82.05128205128206         649.2766379644376        739.3092717184326        782.9222825324746        813.0096418347389        836.3775332027908
82.28438228438229         649.2040329223979        739.2203799101825        782.824999264216         812.906307670624         836.2693126682799
82.51748251748252         649.1314278803584        739.1314881019325        782.7277159959574        812.802973506509         836.1610921337691
82.75058275058275         649.0623265224763        739.0469812632562        782.6353456133564        812.7050010306252        836.0586359900777
82.983682983683           648.993225164594         738.9624744245797        782.5429752307555        812.6070285547412        835.9561798463862
83.21678321678323         648.9241238067119        738.8779675859032        782.4506048481545        812.5090560788573        835.8537237026948
83.44988344988347         648.8585932380086        738.7978500581772        782.3631340681101        812.416453492993         835.7570512674646
83.68298368298369         648.7930626693051        738.7177325304511        782.2756632880656        812.3238509071286        835.6603788322343
83.91608391608392         648.7275321006016        738.6376150027252        782.1881925080212        812.2312483212643        835.5637063970041
84.14918414918415         648.6652685028931        738.5615796178203        782.1052568554471        812.1436011489434        835.4723592568855
84.38228438228437         648.6030049051844        738.4855442329153        782.022321202873         812.0559539766224        835.3810121167667
84.61538461538461         648.5407413074759        738.4095088480104        781.9393855502988        811.9683068043014        835.2896649766478
84.84848484848484         648.4820963225955        738.3379035989378        781.8613024229892        811.8858297046239        835.203770845164
85.08158508158506         648.4234513377148        738.2662983498651        781.7832192956794        811.8033526049463        835.11787671368
85.31468531468529         648.3648063528343        738.1946931007925        781.7051361683697        811.7208755052689        835.031982582196
85.54778554778554         648.3093553847775        738.1270432528925        781.6316927170085        811.6435061400143        834.9514862837932
85.78088578088577         648.2539044167206        738.0593934049924        781.5582492656472        811.5661367747597        834.8709899853902
86.01398601398603         648.1984534486638        737.9917435570924        781.484805814286         811.488767409505         834.7904936869872
86.24708624708624         648.1460056202484        737.9278889163586        781.4155423528822        811.4158239480769        834.7146354197068
86.48018648018646         648.0935577918328        737.8640342756247        781.3462788914783        811.3428804866486        834.6387771524263
86.71328671328669         648.0411099634173        737.8001796348909        781.2770154300745        811.2699370252204        834.5629188851458
86.94638694638692         647.9918098835266        737.7403336576742        781.2121827058961        811.2016910864311        834.4919789931843
87.17948717948717         647.9425098036357        737.6804876804574        781.1473499817175        811.1334451476416        834.4210391012225
87.4125874125874          647.8932097237449        737.6206417032406        781.0825172575389        811.0651992088522        834.3500992092609
87.64568764568764         647.8469188710433        737.5645934602893        781.0218626285607        811.0013673197385        834.2837590487229
87.87878787878788         647.8006280183416        737.5085452173379        780.9612079995824        810.9375354306248        834.2174188881849
88.1118881118881          647.75433716564          737.4524969743866        780.900553370604         810.8737035415112        834.1510787276468
88.34498834498835         647.711135636724         737.4002593542921        780.8440836746361        810.8143153518546        834.0893937581988
88.5780885780886          647.6679341078078        737.3480217341975        780.787613978668         810.7549271621979        834.0277087887506
88.81118881118883         647.6247325788918        737.2957841141028        780.7311442826999        810.6955389725413        833.9660238193024
89.04428904428904         647.5845250509792        737.2472884093087        780.678758867659         810.6404544400821        833.9088105799862
89.27738927738926         647.5443175230665        737.1987927045144        780.626373452618         810.5853699076227        833.8515973406697
89.51048951048949         647.5041099951538        737.1502969997202        780.5739880375771        810.5302853751634        833.7943841013534
89.74358974358972         647.466620199197         737.1051109768719        780.5251944973517        810.4789653125538        833.7410604190535
89.97668997668995         647.42913040324          737.0599249540234        780.4764009571261        810.4276452499441        833.6877367367534
90.20979020979019         647.3916406072832        737.0147389311749        780.4276074169006        810.3763251873345        833.6344130544534
90.44289044289043         647.3570051289204        736.9729093355221        780.3823763053359        810.328672723647         833.5848141300073
90.67599067599066         647.3223696505573        736.9310797398692        780.337145193771         810.2810202599593        833.5352152055611
90.9090909090909          647.2877341721944        736.8892501442165        780.2919140822061        810.2333677962716        833.485616281115
91.14219114219115         647.2557202277245        736.8508429573244        780.2502981738181        810.189402456749         833.4397254845001
91.37529137529137         647.2237062832545        736.8124357704322        780.20868226543          810.1454371172263        833.393834687885
91.60839160839159         647.1916923387845        736.77402858354          780.1670663570419        810.1014717777036        833.34794389127
91.84149184149182         647.1623838094051        736.7387574086486        780.1287530040048        810.0608991035938        833.3054948281133
92.07459207459205         647.1330752800258        736.703486233757         780.0904396509676        810.0203264294839        833.2630457649565
92.30769230769228         647.1037667506464        736.6682150588655        780.0521262979305        809.9797537553741        833.2205967017998
92.54079254079252         647.0774147945152        736.6364032786051        780.0174837110135        809.9429816116854        833.1820352284635
92.77389277389275         647.051062838384         736.6045914983446        779.9828411240964        809.9062094679965        833.143473755127
93.00699300699299         647.0247108822529        736.5727797180841        779.9481985371792        809.8694373243078        833.1049122817906
93.24009324009323         647.0009587705596        736.5439885415861        779.9167504021908        809.8359616147253        833.0697118079997
93.47319347319346         646.9772066588663        736.515197365088         779.8853022672023        809.8024859051427        833.0345113342087
93.70629370629372         646.953454547173         736.4864061885901        779.8538541322139        809.7690101955601        832.9993108604177
93.93939393939395         646.9322666616042        736.4607543535077        779.8257971564256        809.7391135483238        832.9678497566499
94.17249417249417         646.9110787760354        736.4351025184252        779.7977401806371        809.7092169010873        832.936388652882
94.4055944055944          646.8898908904666        736.4094506833427        779.7696832048488        809.679320253851         832.9049275491142
94.63869463869464         646.8715129562407        736.3872198103236        779.7453469578267        809.6533391338886        832.8775270132274
94.87179487179486         646.8531350220148        736.3649889373042        779.7210107108044        809.627358013926         832.8501264773406
95.1048951048951          646.834757087789         736.342758064285         779.6966744637822        809.6013768939634        832.8227259414539
95.33799533799534         646.8186682369264        736.3233515506888        779.6755026636661        809.5788014185567        832.798928353868
95.57109557109557         646.8025793860639        736.3039450370925        779.6543308635498        809.5562259431499        832.7751307662818
95.8041958041958          646.7864905352014        736.2845385234963        779.6331590634336        809.5336504677432        832.7513331786957
96.03729603729604         646.7729142217065        736.2681638811451        779.6153137704964        809.5146265266945        832.7312743690092
96.27039627039628         646.7593379082115        736.2517892387939        779.5974684775591        809.4956025856458        832.7112155593223
96.5034965034965          646.7457615947166        736.2354145964426        779.5796231846219        809.4765786445971        832.6911567496356
96.73659673659674         646.734604185642         736.2220848533785        779.5651312379258        809.461130341784         832.6748727043779
96.96969696969695         646.7234467765671        736.2087551103143        779.5506392912296        809.4456820389707        832.6585886591199
97.20279720279719         646.7122893674924        736.1954253672502        779.5361473445334        809.4302337361574        832.642304613862
97.43589743589743         646.7034855990463        736.1850446241637        779.5249043199786        809.4182543775687        832.6296837817241
97.66899766899768         646.6946818306           736.1746638810771        779.5136612954236        809.4062750189798        832.617062949586
97.90209790209792         646.6858780621537        736.1642831379905        779.5024182708687        809.3942956603911        832.604442117448
98.13519813519817         646.6796662032633        736.1569465076618        779.4944594855143        809.3858166624779        832.595514853527
98.36829836829838         646.6734543443728        736.1496098773331        779.4865007001598        809.3773376645645        832.5865875896059
98.6013986013986          646.6672424854823        736.1422732470044        779.4785419148053        809.3688586666512        832.5776603256847
98.83449883449883         646.6634082341563        736.1377366407247        779.4736187592483        809.363616115287         832.5721440035774
99.06759906759906         646.6595739828304        736.133200034445         779.4686956036912        809.3583735639226        832.5666276814699
99.30069930069929         646.6557397315044        736.1286634281654        779.4637724481343        809.3531310125582        832.5611113593625
99.53379953379954         646.6545192553233        736.127216799906         779.4622059372958        809.3514626026649        832.5593531089017
99.76689976689975         646.6532987791421        736.1257701716466        779.4606394264573        809.3497941927716        832.5575948584409
100                       646.6520783029611        736.1243235433873        779.4590729156188        809.3481257828782        832.55583660798
