% Model:              Cav_Hex_Unif_flux_v5.1 - Base Case.mph
% Version:            COMSOL 5.5.0.359
% Date:               Oct 25 2021, 20:54
% Dimension:          1
% Nodes:              454
% Expressions:        5
% Description:        Line graph
% x                       Height                   Height                   Height                   Height                   Height
0                         942.2455182369247        1142.1953880931198       1214.7484687809026       1258.7777936921286       1291.06283057944
0.4415011037527594        943.164422335039         1142.8505932026444       1214.8197541247607       1258.2342072107626       1289.9148170527099
0.8830022075055188        944.0833264331532        1143.5057983121687       1214.8910394686186       1257.6906207293964       1288.7668035259796
1.3245033112582785        945.0022305312674        1144.1610034216933       1214.9623248124765       1257.1470342480302       1287.6187899992494
1.7660044150110379        946.5639992066962        1145.7991311033197       1216.2552642387097       1258.053878817101        1288.1448343231357
2.2075055187637975        948.1257678821247        1147.437258784946        1217.5482036649432       1258.9607233861714       1288.670878647022
2.649006622516557         949.6875365575534        1149.0753864665724       1218.8411430911765       1259.867567955242        1289.1969229709082
3.0905077262693164        951.5105542885103        1151.086387956105        1220.6009712284201       1261.3358224617846       1290.3783790283665
3.5320088300220753        953.333572019467         1153.0973894456376       1222.3607993656635       1262.804076968327        1291.5598350858247
3.9735099337748343        955.1565897504239        1155.1083909351703       1224.1206275029072       1264.2723314748696       1292.741291143283
4.415011037527595         957.0978465410803        1157.2119802553852       1225.9869690434891       1265.885969769983        1294.1177737341238
4.856512141280354         959.0391033317367        1159.3155695756          1227.853310584071        1267.499608065096        1295.4942563249645
5.298013245033114         960.980360122393         1161.4191588958147       1229.719652124653        1269.1132463602091       1296.8707389158053
5.739514348785873         962.9138739184987        1163.409071987404        1231.453915836893        1270.6192177560663       1298.1874935237854
6.181015452538631         964.8473877146042        1165.3989850789933       1233.188179549133        1272.1251891519232       1299.5042481317653
6.622516556291392         966.7809015107098        1167.3888981705827       1234.922443261373        1273.6311605477804       1300.8210027397452
7.0640176600441515        968.6285359631489        1169.1818504001496       1236.44180879736         1274.9335417286313       1301.9582521458556
7.5055187637969105        970.4761704155878        1170.9748026297166       1237.9611743333467       1276.2359229094823       1303.095501551966
7.94701986754967          972.3238048680269        1172.7677548592835       1239.4805398693334       1277.5383040903332       1304.2327509580764
8.38852097130243          974.0396959045204        1174.290077576243        1240.698306363107        1278.5300831162597       1305.0541909898132
8.830022075055192         975.7555869410137        1175.8124002932022       1241.9160728568802       1279.5218621421861       1305.8756310215497
9.27152317880795          977.4714779775071        1177.3347230101617       1243.1338393506535       1280.5136411681126       1306.6970710532862
9.713024282560712         978.9373170104227        1178.3545267422899       1243.7557826206046       1280.8626307166096       1306.8450665286393
10.15452538631347         980.4031560433382        1179.3743304744178       1244.377725890556        1281.2116202651066       1306.9930620039922
10.59602649006623         981.8689950762537        1180.3941342065457       1244.999669160507        1281.5606098136036       1307.1410574793454
11.03752759381899         983.0761734054919        1180.929421343919        1245.058072270916        1281.3036199484352       1306.6548582912342
11.479028697571747        984.2833517347299        1181.4647084812925       1245.1164753813248       1281.0466300832668       1306.1686591031228
11.920529801324506        985.490530063968         1181.999995618666        1245.1748784917336       1280.7896402180984       1305.6824599150113
12.362030905077265        986.4739937284838        1182.157578602018        1244.8175919282683       1280.1010283387575       1304.7550023281651
12.803532008830024        987.4574573929995        1182.31516158537         1244.460305364803        1279.4124164594164       1303.8275447413187
13.245033112582783        988.4409210575152        1182.4727445687222       1244.1030188013376       1278.7238045800755       1302.9000871544722
13.686534216335543        989.1691048080854        1182.2229625417433       1243.291225161413        1277.550191581707        1301.4683173427745
14.128035320088303        989.8972885586555        1181.9731805147644       1242.4794315214883       1276.3765785833386       1300.0365475310764
14.569536423841065        990.6254723092256        1181.7233984877855       1241.6676378815637       1275.2029655849701       1298.6047777193785
15.011037527593825        991.0340720377455        1180.9635150459017       1240.290718237497        1273.4358410542245       1296.5566878213826
15.452538631346584        991.4426717662653        1180.2036316040176       1238.91379859343         1271.6687165234787       1294.5085979233866
15.894039735099344        991.8512714947852        1179.4437481621335       1237.5368789493634       1269.901591992733        1292.4605080253907
16.335540838852104        991.9699237656666        1178.244005527149        1235.7100004949016       1267.7068147767907       1290.0099665036862
16.77704194260486         992.0885760365478        1177.0442628921649       1233.8831220404395       1265.5120375608483       1287.5594249819815
17.21854304635762         992.207228307429         1175.8445202571804       1232.0562435859777       1263.317260344906        1285.108883460277
17.660044150110384        992.0943299594047        1174.3286604193793       1229.920006954207        1260.8370757969394       1282.4018013542266
18.101545253863137        991.9814316113803        1172.812800581578        1227.7837703224368       1258.3568912489732       1279.694719248176
18.543046357615896        991.8685332633561        1171.2969407437768       1225.6475336906663       1255.8767067010067       1276.9876371421255
18.984547461368656        991.5261240307873        1169.4942930649056       1223.23551268554         1253.1390846644592       1274.0451096682455
19.426048565121416        991.1837147982184        1167.6916453860347       1220.8234916804138       1250.4014626279115       1271.1025821943654
19.867549668874176        990.8413055656495        1165.8889977071635       1218.4114706752875       1247.6638405913639       1268.1600547204853
20.309050772626936        990.2481511018852        1163.7989546085257       1215.7344600590293       1244.6760425555153       1264.9731401543258
20.750551876379696        989.6549966381209        1161.7089115098877       1213.0574494427708       1241.6882445196666       1261.7862255881662
21.192052980132456        989.0618421743566        1159.6188684112499       1210.3804388265123       1238.7004464838178       1258.5993110220068
21.633554083885212        988.2616341918475        1157.315020653957        1207.520406857325        1235.553257780678        1255.2668652885488
22.07505518763797         987.4614262093382        1155.0111728966638       1204.6603748881378       1232.4060690775384       1251.934419555091
22.516556291390728        986.661218226829         1152.7073251393708       1201.8003429189505       1229.2588803743986       1248.601973821633
22.958057395143488        985.6993866565507        1150.2460596106566       1198.8029481872113       1225.9843063536202       1245.146588870676
23.399558498896244        984.7375550862722        1147.7847940819424       1195.8055534554721       1222.7097323328417       1241.6912039197189
23.841059602649004        983.7757235159938        1145.3235285532282       1192.808158723733        1219.435158312063        1238.2358189687618
24.282560706401764        982.6781910814412        1142.7483716959978       1189.7236325885212       1216.0867553010044       1234.7096858873713
24.724061810154524        981.5806586468885        1140.173214838767        1186.6391064533093       1212.7383522899454       1231.1835528059805
25.165562913907284        980.4831262123358        1137.5980579815364       1183.5545803180976       1209.3899492788864       1227.6574197245898
25.607064017660047        979.2350852473393        1134.895196570029        1180.3663250644533       1205.955710730091        1224.0637463385003
26.048565121412807        977.9870442823425        1132.1923351585217       1177.1780698108091       1202.5214721812954       1220.470072952411
26.490066225165563        976.7390033173457        1129.4894737470142       1173.989814557165        1199.0872336324999       1216.8763995663217
26.931567328918327        975.35633541514          1126.7030908660056       1170.751277384308        1195.6204309459824       1213.263596549061
27.37306843267108         973.9736675129343        1123.9167079849967       1167.5127402114508       1192.153628259465        1209.6507935318004
27.81456953642384         972.5909996107285        1121.1303251039878       1164.274203038594        1188.6868255729476       1206.0379905145398
28.2560706401766          971.1227800890451        1118.2989324120301       1161.0177306138517       1185.2207005159703       1202.4419041991414
28.69757174392936         969.6545605673616        1115.4675397200722       1157.7612581891096       1181.7545754589928       1198.8458178837427
29.139072847682122        968.1863410456781        1112.6361470281145       1154.5047857643674       1178.2884504020155       1195.249731568344
29.580573951434882        966.6235251658335        1109.762469905106        1151.238054850591        1174.8300118419513       1191.671937461624
30.02207505518764         965.0607092859889        1106.8887927820972       1147.9713239368143       1171.3715732818869       1188.094143354904
30.4635761589404          963.4978934061443        1104.0151156590887       1144.704593023038        1167.9131347218226       1184.5163492481838
30.905077262693162        961.8402150353855        1101.1032831450852       1141.4269894391682       1164.4569627194255       1180.9491503811537
31.34657836644592         960.1825366646267        1098.1914506310816       1138.1493858552985       1161.0007907170284       1177.3819515141238
31.78807947019868         958.5248582938679        1095.2796181170781       1134.8717822714289       1157.5446187146313       1173.8147526470937
32.229580573951445        956.8009230344302        1092.3476277719442       1131.5986537604908       1154.1094707325594       1170.2799072100447
32.6710816777042          955.0769877749924        1089.4156374268102       1128.3255252495528       1150.6743227504874       1166.7450617729958
33.11258278145696         953.3530525155547        1086.4836470816763       1125.0523967386148       1147.2391747684153       1163.2102163359468
33.55408388520972         951.5805073324963        1083.545054752258        1121.7830344476768       1143.8088426085717       1159.679164768985
33.99558498896248         949.8079621494378        1080.6064624228397       1118.5136721567387       1140.3785104487279       1156.1481132020228
34.437086092715234        948.0354169663793        1077.6678700934215       1115.2443098658007       1136.948178288884        1152.617061635061
34.878587196468           946.2246850407477        1074.7456951701859       1112.0071089809296       1133.5538801984223       1149.123533266267
35.32008830022075         944.4139531151159        1071.8235202469502       1108.7699080960585       1130.1595821079604       1145.630004897473
35.76158940397351         942.6032211894842        1068.9013453237146       1105.5327072111875       1126.7652840174987       1142.1364765286792
36.20309050772627         940.7575266939735        1066.0198365177362       1102.3647853747293       1123.4503913983924       1138.7234107578317
36.64459161147903         938.9118321984628        1063.1383277117575       1099.1968635382714       1120.135498779286        1135.3103449869843
37.08609271523179         937.066137702952         1060.256818905779        1096.0289417018132       1116.8206061601798       1131.897279216137
37.52759381898455         935.2077775166744        1057.416458834215        1092.9201575355735       1113.5747155792249       1128.5617321571258
37.96909492273731         933.3494173303966        1054.5760987626509       1089.8113733693338       1110.3288249982697       1125.2261850981147
38.41059602649007         931.4910571441188        1051.7357386910867       1086.702589203094        1107.0829344173146       1121.8906380391036
38.85209713024283         929.6243283574061        1048.9375060658926       1083.6576774585747       1103.9158187388875       1118.6467104871144
39.29359823399559         927.7575995706932        1046.1392734406986       1080.612765714055        1100.7487030604605       1115.4027829351255
39.735099337748345        925.8908707839804        1043.3410408155046       1077.5678539695357       1097.5815873820334       1112.1588553831364
40.17660044150111         924.0229980388442        1040.5971833050671       1074.5975088193807       1094.5004101242312       1109.0086019913422
40.61810154525386         922.1551252937079        1037.8533257946297       1071.6271636692254       1091.4192328664287       1105.8583485995478
41.05960264900662         920.2872525485717        1035.1094682841922       1068.6568185190704       1088.3380556086265       1102.7080952077533
41.50110375275938         918.4266111345172        1032.4364371552615       1065.7745853396582       1085.348954165368        1099.6471025596736
41.94260485651214         916.5659697204625        1029.7634060263306       1062.892352160246        1082.3598527221093       1096.5861099115937
42.384105960264904        914.7053283064078        1027.0903748973997       1060.0101189808338       1079.3707512788508       1093.5251172635137
42.82560706401767         912.8520118089007        1024.468220203679        1057.1867047122446       1076.440455422919        1090.5191512595966
43.267108167770424        910.9986953113935        1021.8460655099582       1054.3632904436552       1073.510159566987        1087.5131852556797
43.70860927152318         909.1453788138863        1019.2239108162374       1051.5398761750657       1070.5798637110552       1084.5072192517625
44.15011037527594         907.2950773584561        1016.6389668552324       1048.7618463405643       1067.6959572050237       1081.54460763137
44.59161147902869         905.4447759030257        1014.0540228942273       1045.9838165060626       1064.812050698992        1078.581996010977
45.033112582781456        903.5944744475954        1011.4690789332222       1043.205786671561        1061.9281441929604       1075.6193843905842
45.47461368653423         901.7607625824004        1008.9514629743834       1040.5102400835585       1059.1328245282727       1072.7488590150554
45.91611479028699         899.9270507172052        1006.4338470155443       1037.8146934955557       1056.3375048635849       1069.8783336395263
46.35761589403975         898.0933388520102        1003.9162310567053       1035.1191469075532       1053.5421851988972       1067.0078082639975
46.79911699779252         896.2609065195201        1001.4301752057316       1032.4606886309114       1050.7887601618531       1064.1871762713058
47.24061810154528         894.4284741870298        998.9441193547577        1029.8022303542693       1048.035335124809        1061.3665442786141
47.68211920529804         892.5960418545395        996.4580635037839        1027.1437720776275       1045.281910087765        1058.5459122859224
48.1236203090508          890.7798510872755        994.0140656546909        1024.5323667527718       1042.5803654721415       1055.783315082716
48.56512141280355         888.9636603200113        991.5700678055975        1021.9209614279163       1039.878820856518        1053.0207178795092
49.006622516556305        887.1474695527471        989.1260699565042        1019.3095561030606       1037.1772762408943       1050.2581206763027
49.448123620309076        885.3486155043965        986.7237314688939        1016.7440140841502       1034.5244831048267       1047.5470169940425
49.88962472406185         883.5497614560459        984.3213929812835        1014.1784720652397       1031.8716899687588       1044.8359133117822
50.33112582781461         881.7509074076953        981.9190544936731        1011.6129300463293       1029.2188968326911       1042.124809629522
50.772626931567366        879.9697870254328        979.5730476547216        1009.1197006323237       1026.6486665681955       1039.5035128194766
51.21412803532012         878.1886666431702        977.2270408157699        1006.626471218318        1024.0784363036996       1036.8822160094314
51.655629139072865        876.4075462609077        974.8810339768182        1004.1332418043123       1021.5082060392039       1034.260919199386
52.09713024282563         874.6511109011939        972.5926474643936        1001.7054983203783       1019.0075908925804       1031.7118362268934
52.53863134657838         872.89467554148          970.3042609519689        999.2777548364442        1016.5069757459569       1029.1627532544007
52.98013245033113         871.1382401817662        968.0158744395442        996.85001135251          1014.0063605993333       1026.613670281908
53.4216335540839          869.4035142461819        965.7772853439061        994.4794282756116        1011.5654109809678       1024.1244047758537
53.86313465783667         867.6687883105975        963.5386962482678        992.1088451987129        1009.1244613626021       1021.635139269799
54.30463576158943         865.9340623750131        961.3001071526295        989.7382621218143        1006.6835117442365       1019.1458737637444
54.746136865342194        864.2233108035489        959.1118495590803        987.4234645252845        1004.2979524661098       1016.7082513444
55.18763796909496         862.5125592320845        956.9235919655309        985.1086669287546        1001.9123931879828       1014.2706289250555
55.62913907284771         860.8018076606203        954.7353343719817        982.7938693322247        999.5268339098559        1011.8330065057111
56.07064017660048         859.1261237373016        952.608991948969         980.5467004822605        997.2105405876598        1009.4646351177287
56.51214128035323         857.4504398139827        950.4826495259563        978.2995316322961        994.8942472654636        1007.096263729746
56.95364238410599         855.7747558906639        948.3563071029436        976.0523627823317        992.5779539432675        1004.7278923417634
57.395143487858746        854.1317635060461        946.2863634572969        973.8701948032276        990.3328915270969        1002.4370525314415
57.8366445916115          852.4887711214283        944.2164198116503        971.6880268241234        988.0878291109261        1000.1462127211195
58.27814569536426         850.8457787368104        942.1464761660037        969.5058588450192        985.8427666947554        997.8553729107974
58.719646799117015        849.229280784211         940.1254319731793        967.3796835535339        983.659388661806         995.6318324685783
59.16114790286978         847.6127828316114        938.1043877803548        965.2535082620486        981.4760106288566        993.4082920263589
59.602649006622535        845.9962848790119        936.0833435875304        963.1273329705633        979.2926325959072        991.1847515841397
60.0441501103753          844.4141207501195        934.1223130308575        961.0640533594367        977.1712032542229        989.0210938840432
60.48565121412806         842.831956621227         932.1612824741845        959.00077374831          975.0497739125385        986.8574361839466
60.927152317880825        841.2497924923346        930.2002519175117        956.9374941371834        972.9283445708542        984.6937784838499
61.36865342163358         839.7019642421668        928.2938093094544        954.9332367379981        970.8680453277854        982.5929732549466
61.81015452538634         838.1541359919989        926.387366701397         952.9289793388126        968.8077460847165        980.4921680260433
62.251655629139094        836.6063077418311        924.4809240933397        950.9247219396273        966.7474468416477        978.39136279714
62.69315673289186         835.0894510716068        922.6245122039868        948.9783164292335        964.7507117399825        976.3581320794315
63.134657836644614        833.5725944013825        920.7681003146337        947.0319109188395        962.7539766383172        974.3249013617228
63.57615894039738         832.0557377311582        918.9116884252805        945.0855054084454        960.757241536652         972.2916706440143
64.01766004415015         830.5675679754113        917.1012040294976        943.1911583814176        958.817002518454         970.3189577391183
64.4591611479029          829.0793982196643        915.2907196337144        941.2968113543895        956.8767635002558        968.3462448342221
64.90066225165566         827.5912284639174        913.4802352379313        939.4024643273616        954.9365244820576        966.373531929326
65.34216335540842         826.1323431804419        911.7140326397417        937.5560657076883        953.0471345414758        964.4542539495093
65.78366445916117         824.6734578969664        909.9478300415519        935.7096670880147        951.1577446008938        962.5349759696925
66.22516556291393         823.2145726134909        908.1816274433622        933.8632684683413        949.2683546603118        960.6156979898758
66.6666666666667          821.7929862755981        906.4682528511357        932.074083657861         947.4396387285012        958.7601121467511
67.10816777041944         820.3713999377052        904.7548782589091        930.2848988473806        945.6109227966904        956.9045263036263
67.54966887417221         818.9498135998124        903.0415036666826        928.4957140369004        943.7822068648795        955.0489404605015
67.99116997792498         817.5562825910932        901.3672472013844        926.7462372868847        941.9917794168277        953.2300397894113
68.43267108167773         816.1627515823739        899.6929907360862        924.9967605368689        940.2013519687757        951.411139118321
68.87417218543047         814.7692205736545        898.0187342707881        923.2472837868532        938.4109245207238        949.5922384472308
69.31567328918324         813.4079657358787        896.396788416381         921.5555730179516        936.6796371441986        947.8324425150124
69.757174392936           812.0467108981029        894.7748425619739        919.8638622490497        934.9483497676733        946.072646582794
70.19867549668876         810.6854560603272        893.1528967075668        918.1721514801479        933.2170623911481        944.3128506505757
70.64017660044154         809.3585407612715        891.5814301826096        916.5351418434299        931.5424965628484        942.610988493583
71.08167770419428         808.0316254622157        890.0099636576522        914.8981322067116        929.8679307345486        940.9091263365902
71.52317880794703         806.70471016316          888.4384971326948        913.2611225699933        928.1933649062489        939.2072641795976
71.9646799116998          805.4085245256227        886.9065457204806        911.6637648172872        926.5571280349279        937.5428641161462
72.40618101545256         804.1123388880854        885.3745943082663        910.0664070645809        924.9208911636067        935.8784640526947
72.8476821192053          802.8161532505482        883.842642896052         908.4690493118746        923.2846542922855        934.2140639892431
73.28918322295807         801.5439014096418        882.3445782374739        906.9078483690115        921.6860617477264        932.5891814271334
73.73068432671081         800.2716495687353        880.8465135788956        905.3466474261483        920.0874692031672        930.9642988650236
74.17218543046359         798.9993977278288        879.3484489203174        903.7854464832851        918.4888766586081        929.3394163029138
74.61368653421636         797.7583098244071        877.8946001933435        902.2732065620118        916.9430258592107        927.7699561940943
75.0551876379691          796.5172219209853        876.4407514663694        900.7609666407383        915.3971750598132        926.2004960852747
75.49668874172187         795.2761340175635        874.9869027393954        899.2487267194649        913.8513242604157        924.6310359764551
75.93818984547462         794.0669846060979        873.5760678400886        897.780795607097         912.3502942729884        923.1068006033908
76.3796909492274          792.8578351946321        872.1652329407817        896.3128644947291        910.849264285561         921.5825652303263
76.82119205298014         791.6486857831663        870.7543980414748        894.8449333823611        909.3482342981337        920.0583298572618
77.2626931567329          790.4661246761078        869.3786413484543        893.4143832761429        907.8858309934661        918.5734301285032
77.70419426048565         789.2835635690493        868.0028846554335        891.9838331699245        906.4234276887985        917.0885303997446
78.1456953642384          788.1010024619908        866.6271279624127        890.5532830637062        904.9610243841308        915.603630670986
78.58719646799118         786.9445676331378        865.2859399090046        889.1597719683244        903.5366190906171        914.1570603903306
79.02869757174393         785.7881328042847        863.9447518555963        887.7662608729424        902.1122137971033        912.7104901096751
79.4701986754967          784.6316979754317        862.6035638021882        886.3727497775606        900.6878085035895        911.2639198290196
79.91169977924947         783.5036811396084        861.3030524603556        885.0250427347236        899.3116211324378        909.8664302389038
80.35320088300222         782.3756643037848        860.0025411185229        883.6773356918864        897.9354337612859        908.4689406487879
80.79470198675497         781.2476474679613        858.7020297766902        882.3296286490493        896.5592463901341        907.071451058672
81.23620309050773         780.1499098408349        857.4402521383024        881.0221044725497        895.2237019360587        905.7149151963891
81.67770419426049         779.0521722137082        856.1784744999144        879.71458029605          893.888157481983         904.3583793341062
82.11920529801326         777.9544345865816        854.9166968615265        878.4070561195505        892.5526130279073        903.0018434718232
82.56070640176603         776.8800231406309        853.6843809666651        877.1300988616575        891.24848097918          901.6773359813627
83.00220750551875         775.8056116946801        852.4520650718036        875.8531416037646        889.9443489304526        900.3528284909021
83.44370860927152         774.7312002487295        851.2197491769422        874.5761843458716        888.6402168817252        899.0283210004415
83.8852097130243          773.6813899141133        850.0155257707398        873.3266568773385        887.3638994759016        897.7330398307722
84.32671081677705         772.631579579497         848.8113023645374        872.0771294088051        886.0875820700778        896.4377586611029
84.76821192052981         771.5817692448809        847.6070789583349        870.8276019402718        884.811264664254         895.1424774914335
85.20971302428256         770.5588755211022        846.4340509194325        869.6083744194904        883.5631236633996        893.872901342051
85.65121412803532         769.5359817973234        845.2610228805299        868.3891468987088        882.3149826625449        892.6033251926684
86.09271523178808         768.5130880735446        844.0879948416274        867.1699193779273        881.0668416616903        891.3337490432858
86.53421633554085         767.5198290864358        842.9532284581886        865.9919696145244        879.8620102549255        890.10878609037
86.97571743929358         766.5265700993269        841.8184620747497        864.8140198511213        878.6571788481606        888.883823137454
87.41721854304635         765.533311112218         840.6836956913108        863.6360700877184        877.4523474413958        887.6588601845381
87.85871964679913         764.5611517300882        839.5737538184917        862.4836549322724        876.2737904446803        886.4609115990091
88.3002207505519          763.5889923479583        838.4638119456723        861.3312397768264        875.0952334479649        885.26296301348
88.74172185430466         762.6168329658284        837.353870072853         860.1788246213803        873.9166764512495        884.0650144279509
89.18322295805743         761.6699905864024        836.2762534301742        859.0620727209036        872.7761220010843        882.9063836622049
89.62472406181018         760.7231482069764        835.1986367874952        857.945320820427         871.6355675509191        881.7477528964587
90.06622516556294         759.7763058275503        834.1210201448162        856.8285689199504        870.4950131007538        880.5891221307124
90.5077262693157          758.856764468071         833.0786978466699        855.7494809390764        869.3931683621078        879.4696828599301
90.94922737306842         757.9372231085915        832.0363755485237        854.6703929582023        868.2913236234616        878.3502435891477
91.39072847682118         757.0176817491122        830.9940532503774        853.5913049773284        867.1894788848155        877.2308043183654
91.83222958057395         756.123409800465         829.9840954702008        852.5469580359708        866.1239137579511        876.148856201279
92.27373068432671         755.2291378518177        828.9741376900241        851.502611094613         865.0583486310866        875.0669080841926
92.71523178807946         754.3348659031703        827.9641799098475        850.4582641532553        863.9927835042221        873.9849599671063
93.15673289183223         753.4634785498583        826.9837696151676        849.4457965306241        862.9603210274419        872.9368873141339
93.598233995585           752.5920911965462        826.0033593204874        848.4333289079927        861.9278585506615        871.8888146611612
94.03973509933778         751.7207038432341        825.0229490258074        847.4208612853614        860.8953960738812        870.8407420081885
94.48123620309055         750.8750917984222        824.0744034543274        846.44187088154          859.8968793836492        869.826873328717
94.92273730684327         750.0294797536102        823.1258578828472        845.4628804777185        858.898362693417         868.8130046492454
95.36423841059603         749.1838677087983        822.177312311367         844.483890073897         857.8998460031848        867.7991359697738
95.80573951434882         748.3634676826437        821.2594004674692        843.5368618088734        856.933500240331         866.8175143711418
96.24724061810157         747.543067656489         820.3414886235712        842.5898335438495        855.967154477477         865.8358927725095
96.68874172185434         746.7226676303344        819.4235767796732        841.6428052788258        855.0008087146232        864.8542711738774
97.13024282560708         745.9238720894565        818.5285129443063        840.7169747811371        854.0539750698265        863.8905321555056
97.57174392935983         745.1250765485785        817.6334491089392        839.7911442834481        853.1071414250297        862.9267931371338
98.01324503311258         744.3262810077005        816.7383852735722        838.8653137857592        852.160307780233         861.9630541187621
98.45474613686535         743.5488672278076        815.8681255741745        837.9656101946763        851.2398728048652        861.0252370183483
98.8962472406181          742.7714534479146        814.9978658747768        837.0659066035931        850.3194378294972        860.0874199179344
99.33774834437088         741.9940396680217        814.1276061753791        836.1662030125101        849.3990028541293        859.1496028175205
99.77924944812364         741.2388794860316        813.2827495837088        835.2947247068822        848.5104418559499        858.2475091573561
100.2207505518764         740.4837193040413        812.4378929920383        834.4232464012541        847.6218808577705        857.3454154971915
100.66225165562916        739.728559122051         811.593036400368         833.5517680956261        846.7333198595911        856.443321837027
101.10375275938192        738.9985773085574        810.7767830612551        832.7092885838335        845.8747070688034        855.5723564066826
101.54525386313468        738.2685954950637        809.960529722142         831.8668090720407        845.0160942780157        854.701390976338
101.98675496688745        737.5386136815699        809.144276383029         831.024329560248         844.157481487228         853.8304255459934
102.42825607064022        736.8282497701522        808.351961151094         830.2071040645674        843.3247439449744        852.9856282983731
102.86975717439297        736.1178858587342        807.5596459191588        829.3898785688866        842.4920064027207        852.1408310507526
103.31125827814573        735.4075219473164        806.7673306872236        828.5726530732059        841.659268860467         851.2960338031322
103.7527593818985         734.7170021354711        805.9983120888461        827.7789950871573        840.8501514247424        850.475211014404
104.19426048565126        734.0264823236257        805.2292934904684        826.9853371011087        840.0410339890176        849.6543882256756
104.635761589404          733.3359625117804        804.4602748920909        826.1916791150601        839.2319165532928        848.8335654369472
105.07726269315675        732.6686171084914        803.7181699470865        825.425581961374         838.4509498898055        848.041769074596
105.5187637969095         732.0012717052023        802.976065002082         824.6594848076877        837.6699832263182        847.2499727122447
105.96026490066227        731.3339263019133        802.2339600570775        823.8933876540016        836.889016562831         846.4581763498935
106.40176600441504        730.6861235991036        801.5145117242695        823.150425550059         836.1306322389244        845.6877989912394
106.8432671081678         730.0383208962938        800.7950633914613        822.4074634461164        835.3722479150177        844.9174216325854
107.28476821192055        729.3905181934841        800.0756150586532        821.6645013421737        834.6138635911111        844.1470442739313
107.72626931567332        728.7566497775875        799.3718984458071        820.937309975011         833.870954385595         843.3919792466472
108.16777041942608        728.1227813616908        798.6681818329608        820.2101186078481        833.128045180079         842.6369142193631
108.60927152317883        727.4889129457941        797.9644652201146        819.4829272406853        832.3851359745629        841.881849192079
109.05077262693158        726.8715493117314        797.2799872078747        818.7758923243418        831.6627762779024        841.1475427851221
109.49227373068432        726.2541856776686        796.5955091956346        818.0688574079982        830.9404165812418        840.4132363781652
109.93377483443709        725.6368220436058        795.9110311833946        817.3618224916546        830.2180568845813        839.6789299712083
110.37527593818986        725.0385884584718        795.249888335195         816.679947230659         829.5222107697406        838.9722086066936
110.81677704194261        724.4403548733379        794.5887454869952        815.9980719696632        828.8263646548997        838.2654872421787
111.25827814569537        723.842121288204         793.9276026387955        815.3161967086675        828.130518540059         837.5587658776639
111.69977924944816        723.2613030833546        793.2864323246779        814.655664789067         827.4570119920485        836.875090141679
112.1412803532009         722.6804848785051        792.64526201056          813.9951328694665        826.7835054440377        836.1914144056941
112.58278145695367        722.0996666736556        792.0040916964423        813.334600949866         826.109998896027         835.5077386697092
113.02428256070642        721.5326720900632        791.3780059744993        812.6896952477595        825.452598672797         834.8404183647291
113.46578366445917        720.9656775064708        790.7519202525561        812.0447895456529        824.7951984495668        834.1730980597489
113.90728476821192        720.3986829228784        790.125834530613         811.3998838435464        824.1377982263366        833.5057777547688
114.3487858719647         719.8468534501654        789.5163626291544        810.7715835991784        823.4963013944207        832.8533983919552
114.79028697571744        719.2950239774524        788.9068907276957        810.1432833548103        822.8548045625047        832.2010190291415
115.2317880794702         718.7431945047394        788.2974188262369        809.5149831104421        822.2133077305887        831.5486396663279
115.67328918322298        718.2086174357121        787.7081245706262        808.9075740321464        821.5929434050419        830.9176712198757
116.11479028697572        717.6740403666847        787.1188303150153        808.3001649538506        820.972579079495         830.2867027734235
116.55629139072849        717.1394632976574        786.5295360594046        807.6927558755549        820.352214753948         829.6557343269714
116.99779249448125        716.6201646717186        785.9590192325983        807.1057054856211        819.7535359868531        829.0478212991891
117.43929359823399        716.1008660457798        785.3885024057918        806.5186550956873        819.1548572197579        828.4399082714066
117.88079470198674        715.581567419841         784.8179855789853        805.9316047057536        818.5561784526628        827.8319952436241
118.32229580573953        715.0742304242387        784.2615973416334        805.3604007596032        817.9752034475043        827.2435192851633
118.76379690949229        714.5668934286364        783.7052091042815        804.7891968134527        817.3942284423457        826.6550433267024
119.20529801324506        714.0595564330341        783.1488208669297        804.2179928673022        816.8132534371871        826.0665673682416
119.64679911699783        713.5689883044131        782.6120734254235        803.6673945732928        816.2537554530089        825.5004031934113
120.0883002207506         713.0784201757921        782.0753259839173        803.1167962792832        815.6942574688306        824.9342390185809
120.52980132450335        712.587852047171         781.5385785424111        802.5661979852737        815.1347594846525        824.3680748437505
120.9713024282561         712.1118338818748        781.0155808656376        802.0290605929852        814.5884654161633        823.8144403002556
121.41280353200885        711.6358157165785        780.492583188864         801.4919232006965        814.042171347674         823.2608057567605
121.85430463576161        711.1597975512822        779.9695855120905        800.9547858084079        813.4958772791847        822.7071712132656
122.29580573951438        710.6963279362303        779.4594136722478        800.430142554205         812.9614038732744        822.1644483188685
122.7373068432671         710.2328583211784        778.9492418324049        799.905499300002         812.4269304673641        821.6217254244714
123.17880794701986        709.7693887061264        778.4390699925622        799.3808560457991        811.8924570614537        821.0790025300743
123.62030905077265        709.3195549253577        777.9445231633406        798.8721393504817        811.3741781315001        820.5528936204211
124.06181015452542        708.8697211445888        777.4499763341189        798.3634226551642        810.8558992015464        820.0267847107677
124.50331125827819        708.41988736382          776.9554295048972        797.8547059598467        810.3376202715929        819.5006758011145
124.94481236203094        707.9850682205689        776.4784966640154        797.3647298149336        809.8388873998379        818.9948612118607
125.38631346578369        707.5502490773176        776.0015638231336        796.8747536700205        809.3401545280826        818.4890466226066
125.82781456953643        707.1154299340665        775.5246309822517        796.3847775251073        808.8414216563275        817.9832320333526
126.2693156732892         706.6960222033877        775.0645551267679        795.9122475544497        808.3606695598967        817.495939561232
126.71081677704194        706.2766144727087        774.6044792712839        795.4397175837918        807.8799174634656        817.0086470891114
127.1523178807947         705.8572067420299        774.1444034158001        794.9671876131339        807.3991653670347        816.5213546169907
127.5938189845475         705.4490381418864        773.6964425576033        794.5066511600002        806.9305391838121        816.0464157179779
128.03532008830027        705.0408695417428        773.2484816994064        794.0461147068663        806.4619130005894        815.5714768189649
128.47682119205302        704.6327009415993        772.8005208412095        793.5855782537326        805.9932868173668        815.096537919952
128.9183222958058         704.2366868930683        772.3653230853789        793.1369723495105        805.5358946049674        814.6322722051716
129.35982339955854        703.8406728445373        771.9301253295481        792.6883664452884        805.0785023925681        814.1680064903911
129.8013245033113         703.4446587960063        771.4949275737173        792.2397605410663        804.6211101801688        813.7037407756106
130.24282560706408        703.0633553412578        771.0764456475538        791.8088174095859        804.1825101324205        813.2594004009485
130.68432671081678        702.6820518865092        770.6579637213902        791.3778742781054        803.7439100846722        812.8150600262862
131.12582781456953        702.3007484317607        770.2394817952267        790.9469311466249        803.3053100369239        812.370719651624
131.5673289183223         701.9341179945783        769.8377337318836        790.533595460915         802.8850232563151        811.9453965126206
132.00883002207505        701.5674875573958        769.4359856685406        790.120259775205         802.4647364757063        811.5200733736173
132.45033112582783        701.2008571202134        769.0342376051976        789.706924089495         802.0444496950976        811.0947502346139
132.8918322295806         700.8446917828006        768.6444389886923        789.305712068822         801.6361490182303        810.6811871546299
133.33333333333334        700.4885264453876        768.2546403721869        788.904500048149         801.2278483413629        810.2676240746458
133.7748344370861         700.1323611079747        767.8648417556816        788.503288027476         800.8195476644955        809.8540609946618
134.21633554083886        699.7887009916979        767.4885044734943        788.1149338128378        800.4233380824007        809.4518557776869
134.6578366445916         699.4450408754208        767.112167191307         787.7265795981996        800.0271285003058        809.0496505607117
135.09933774834437        699.1013807591438        766.7358299091196        787.3382253835614        799.630918918211         808.6474453437365
135.54083885209715        698.7698999843636        766.372609771219         786.9633711204877        799.2488171001304        808.2604414459119
135.9823399558499         698.4384192095833        766.0093896333182        786.588516857414         798.8667152820497        807.873437548087
136.42384105960267        698.106938434803         765.6461694954174        786.2136625943402        798.484613463969         807.4864336502624
136.86534216335545        697.7805657541214        765.2892458374013        785.8480785792128        798.113629532891         807.1111803752473
137.30684326710818        697.4541930734398        764.932322179385         785.4824945640853        797.7426456018127        806.7359271002322
137.74834437086093        697.1278203927582        764.5753985213688        785.1169105489579        797.3716616707345        806.3606738252171
138.18984547461372        696.8083315270151        764.2263049210354        784.7605703324123        797.0107299833031        805.9956021860838
138.63134657836645        696.4888426612719        763.8772113207019        784.4042301158665        796.6497982958715        805.6305305469505
139.07284768211923        696.1693537955287        763.5281177203684        784.0478898993209        796.2888666084399        805.2654589078172
139.514348785872          695.8617512881384        763.1919909861446        783.7036045892355        795.9391230363894        804.9109544147116
139.95584988962472        695.5541487807482        762.8558642519206        783.35931927915          795.5893794643389        804.5564499216057
140.3973509933775         695.2465462733579        762.5197375176967        783.0150339690645        795.2396358922883        804.2019454284999
140.83885209713026        694.9506664779453        762.1960901600655        782.6825961745678        794.9014707646817        803.8590396424593
141.280353200883          694.6547866825327        761.8724428024343        782.3501583800711        794.5633056370748        803.5161338564184
141.72185430463577        694.3589068871202        761.5487954448031        782.0177205855744        794.225140509468         803.1732280703775
142.16335540838853        694.0718335498417        761.2349487316187        781.6951203615904        793.8966980742265        802.8399948981775
142.60485651214128        693.7847602125631        760.9211020184342        781.3725201376063        793.5682556389847        802.5067617259772
143.046357615894          693.4976868752846        760.6072553052497        781.0499199136223        793.239813203743         802.173528553777
143.48785871964682        693.2203702645874        760.3045382628334        780.7386325701973        792.9226388471267        801.8515186774033
143.9293598233996         692.9430536538899        760.0018212204168        780.4273452267721        792.6054644905103        801.5295088010295
144.37086092715236        692.6657370431926        759.6991041780003        780.1160578833469        792.2882901338938        801.2074989246557
144.81236203090515        692.3988743416836        759.4090980892121        779.8183019581802        791.9849572440628        800.8995019772508
145.25386313465788        692.1320116401745        759.1190920004237        779.5205460330134        791.6816243542315        800.5915050298458
145.6953642384106         691.8651489386655        758.8290859116355        779.2227901078465        791.3782914644003        800.2835080824409
146.13686534216336        691.6073880069564        758.5501477203271        778.9369321215306        791.0872093811712        799.9879860738796
146.5783664459161         691.3496270752472        758.2712095290186        778.6510741352146        790.796127297942         799.6924640653182
147.01986754966887        691.091866143538         757.9922713377102        778.3652161488985        790.5050452147128        799.3969420567569
147.46136865342163        690.8419319696573        757.722313400474         778.0884444273739        790.2230123969247        799.1105153395293
147.90286975717441        690.5919977957764        757.4523554632377        777.8116727058492        789.9409795791363        798.8240886223016
148.3443708609272         690.3420636218956        757.1823975260015        777.5349009843246        789.658946761348         798.5376619050738
148.78587196467996        690.1017456957536        756.9228371420211        777.2686234723908        789.387733026251         798.2625485240059
149.22737306843268        689.8614277696115        756.6632767580405        777.0023459604569        789.1165192911538        797.9874351429377
149.6688741721854         689.6211098434694        756.40371637406          776.7360684485229        788.8453055560567        797.7123217618696
150.1103752759382         689.3909894356291        756.1554224224911        776.4814452185401        788.586296248331         797.4499923294749
150.55187637969098        689.1608690277885        755.9071284709222        776.2268219885572        788.3272869406052        797.1876628970799
150.99337748344374        688.9307486199481        755.6588345193533        775.9721987585743        788.0682776328795        796.9253334646851
151.43487858719652        688.7086397894202        755.4196556510364        775.7271569294702        787.8190530663594        796.6727781710885
151.87637969094925        688.4865309588922        755.1804767827194        775.4821151003658        787.5698284998391        796.4202228774917
152.317880794702          688.2644221283642        754.9412979144025        775.2370732712615        787.3206039333189        796.167667583895
152.7593818984548         688.0500028724059        754.710584451796         775.000718378111         787.0802206325918        795.9240382999835
153.20088300220752        687.8355836164476        754.4798709891893        774.7643634849603        786.8398373318645        795.6804090160718
153.64238410596028        687.6211643604893        754.2491575265827        774.5280085918097        786.5994540311372        795.4367797321603
154.08388520971303        687.416440259351         754.0292732249086        774.3027485034906        786.3704122939513        795.2048917180726
154.52538631346576        687.2117161582128        753.8093889232343        774.0774884151714        786.1413705567652        794.9730037039848
154.96688741721852        687.0069920570745        753.5895046215601        773.8522283268521        785.9123288195792        794.7411156898969
155.40838852097127        686.8114091110237        753.3786503420761        773.6351553242206        785.6905833400307        794.5156741861084
155.84988962472403        686.6158261649729        753.167796062592         773.4180823215889        785.468837860482         794.2902326823198
156.2913907284768         686.4202432189221        752.9569417831078        773.2010093189573        785.2470923809334        794.0647911785312
156.73289183222957        686.2300335463577        752.7523853528112        772.991582413033         785.0340773254812        793.8488001424472
157.17439293598235        686.0398238737932        752.5478289225144        772.7821555071087        784.821062270029         793.6328091063631
157.61589403973508        685.8496142012287        752.3432724922178        772.5727286011843        784.6080472145767        793.416818070279
158.05739514348787        685.6659421913655        752.1461532484301        772.3718124988958        784.4044788276469        793.2110944471497
158.49889624724062        685.4822701815021        751.9490340046423        772.1708963966073        784.200910440717         793.0053708240202
158.9403973509934         685.2985981716388        751.7519147608546        771.9699802943188        783.9973420537873        792.799647200891
159.3818984547462         685.1221975743404        751.5629177125485        771.7784388258787        783.8043262454034        792.6054144635078
159.82339955849895        684.9457969770418        751.3739206642423        771.5868973574385        783.6113104370194        792.4111817261245
160.26490066225168        684.7693963797434        751.1849236159362        771.3953558889983        783.4182946286354        792.2169489887411
160.70640176600446        684.6009730307557        751.0049146971743        771.2132103193295        783.2350598250285        792.0329347784715
161.14790286975722        684.4325496817679        750.8249057784122        771.0310647496606        783.0518250214215        791.8489205682017
161.58940397350995        684.2641263327802        750.6448968596503        770.8489191799918        782.8685902178145        791.6649063579321
162.03090507726273        684.1002998389679        750.4688398289068        770.670537874308         782.6891824420916        791.4848717323173
162.47240618101546        683.9364733451555        750.2927827981631        770.4921565686241        782.5097746663686        791.3048371067024
162.91390728476824        683.7726468513431        750.1167257674196        770.3137752629401        782.3303668906456        791.1248024810875
163.355408388521          683.6137428484004        749.9444342966241        770.1386294639916        782.1541073055785        790.9480459701829
163.79690949227376        683.4548388454576        749.7721428258286        769.9634836650429        781.9778477205112        790.7712894592781
164.2384105960265         683.2959348425148        749.5998513550331        769.7883378660943        781.801588135444         790.5945329483735
164.67991169977927        683.1453243813829        749.4367744144593        769.6225642880917        781.6346272402396        790.426935073626
165.12141280353205        682.9947139202508        749.2736974738854        769.456790710089         781.4676663450351        790.2593371988785
165.5629139072848         682.8441034591187        749.1106205333115        769.2910171320864        781.3007054498306        790.091739324131
166.00441501103754        682.7009192852391        748.9559329220675        769.1337882829431        781.1421788888772        789.9323292868152
166.4459161147903         682.5577351113594        748.8012453108234        768.9765594337997        780.9836523279236        789.7729192494991
166.88741721854302        682.4145509374797        748.6465576995794        768.8193305846563        780.8251257669699        789.6135092121831
167.3289183222958         682.2774815176491        748.4985358306262        768.668882050298         780.6733670082775        789.4607976878601
167.7704194260486         682.1404120978185        748.3505139616731        768.5184335159394        780.5216082495849        789.3080861635369
168.21192052980135        682.0033426779879        748.2024920927199        768.3679849815809        780.3698494908924        789.1553746392137
168.65342163355416        681.8732728821435        748.0623658195483        768.225887465267         780.2268407106833        789.0118685042232
169.09492273730692        681.7432030862991        747.9222395463765        768.0837899489529        780.083831930474         788.8683623692326
169.5364238410597         681.6131332904547        747.7821132732049        767.941692432639         779.9408231502649        788.7248562342421
169.97792494481246        681.4899892273897        747.6486665032323        767.8055981528681        779.8030602304311        788.5858112600706
170.41942604856519        681.3668451643248        747.5152197332598        767.6695038730971        779.6652973105972        788.446766285899
170.86092715231794        681.2437011012598        747.3817729632872        767.5334095933262        779.5275343907634        788.3077213117275
171.3024282560707         681.126721893971         747.2548358176947        767.4035079052863        779.3955283406775        788.173859332822
171.74392935982345        681.009742686682         747.1278986721022        767.2736062172464        779.2635222905914        788.0399973539162
172.1854304635762         680.892763479393         747.0009615265097        767.1437045292065        779.1315162405052        787.9061353750105
172.62693156732897        680.7809123199379        746.8795381240636        767.0191035309057        779.0044774911946        787.7767792820832
173.06843267108172        680.6690611604827        746.7581147216175        766.8945025326047        778.8774387418838        787.6474231891558
173.50993377483448        680.5572100010274        746.6366913191714        766.7699015343038        778.7503999925731        787.5180670962284
173.95143487858726        680.4520257609562        746.523455043632         766.6541733890308        778.6326414979382        787.3982000437464
174.39293598234002        680.3468415208847        746.4102187680925        766.5384452437577        778.5148830033031        787.2783329912645
174.83443708609278        680.2416572808133        746.2969824925531        766.4227170984846        778.3971245086681        787.1584659387826
175.27593818984556        680.1427146179044        746.1898559616839        766.3125522470557        778.2839980460211        787.0420290312007
175.7174392935983         680.0437719549953        746.0827294308144        766.2023873956267        778.1708715833739        786.9255921236188
176.15894039735105        679.9448292920863        745.9756028999451        766.0922225441977        778.0577451207268        786.8091552160369
176.60044150110383        679.8510980145593        745.8735025971409        765.9871681059968        777.950451002001         786.6999855183059
177.04194260485656        679.7573667370323        745.7714022943367        765.8821136677958        777.843156883275         786.5908158205747
177.48344370860931        679.6636354595053        745.6693019915324        765.7770592295949        777.7358627645491        786.4816461228436
177.9249448123621         679.574364382899         745.5721151213564        765.6771875984178        777.6342617971992        786.3790203915233
178.36644591611483        679.4850933062927        745.4749282511805        765.5773159672407        777.5326608298491        786.276394660203
178.80794701986758        679.3958222296864        745.3777413810045        765.4774443360635        777.4310598624991        786.1737689288827
179.24944812362034        679.312397466158         745.287244101674         765.384434612974         777.3362510954854        786.0777542211562
179.6909492273731         679.2289727026296        745.1967468223435        765.2914248898844        777.2414423284716        785.9817395134295
180.13245033112588        679.1455479391012        745.106249543013         765.1984151667949        777.1466335614579        785.8857248057028
180.57395143487864        679.0685618719461        745.0231875368193        765.1130387150141        777.0593550762898        785.7969470258042
181.01545253863145        678.991575804791         744.9401255306254        765.0276622632332        776.9720765911215        785.7081692459055
181.4569536423842         678.9145897376358        744.8570635244316        764.9422858114523        776.8847981059535        785.619391466007
181.89845474613696        678.8433150674567        744.7809669295074        764.8643733441752        776.805187333204         785.5382911223403
182.3399558498897         678.7720403972776        744.704870334583         764.7864608768981        776.7255765604543        785.4571907786735
182.78145695364242        678.7007657270985        744.6287737396588        764.708548409621         776.6459657877048        785.3760904350069
183.2229580573952         678.6344478200604        744.5588871707605        764.6375303128507        776.5736095323009        785.3023561769387
183.66445916114793        678.5681299130221        744.4890006018621        764.5665122160802        776.5012532768968        785.2286219188703
184.10596026490066        678.5018120059839        744.4191140329638        764.4954941193099        776.4288970214927        785.154887660802
184.54746136865347        678.4399670166406        744.3531409966888        764.4280380177172        776.3599508701756        785.0844648536729
184.98896247240623        678.3781220272972        744.2871679604139        764.3605819161244        776.2910047188582        785.0140420465436
185.430463576159          678.3162770379539        744.2211949241389        764.2931258145315        776.2220585675409        784.9436192394144
185.87196467991177        678.2590430146743        744.1590174793947        764.2289071668921        776.1560533806396        784.8759102307314
186.31346578366453        678.2018089913946        744.0968400346504        764.1646885192526        776.0900481937382        784.8082012220484
186.75496688741728        678.144574968115         744.0346625899061        764.1004698716132        776.0240430068368        784.7404922133654
187.19646799117004        678.0926782686373        743.9786361205333        764.0429301343598        775.9653013976294        784.6807540837355
187.63796909492277        678.0407815691595        743.9226096511604        763.9853903971064        775.906559788422         784.6210159541054
188.07947019867555        677.9888848696819        743.8665831817876        763.927850659853         775.8478181792145        784.5612778244753
188.52097130242834        677.9411932982188        743.8147379788394        763.8746481644462        775.7939049758584        784.5070325508407
188.9624724061811         677.8935017267556        743.7628927758911        763.8214456690392        775.7399917725022        784.4527872772059
189.40397350993385        677.8458101552925        743.7110475729429        763.7682431736324        775.686078569146         784.3985420035712
189.8454746136866         677.8040574898455        743.6658259772679        763.7217547630643        775.6389109197601        784.3509799939619
190.28697571743933        677.7623048243984        743.6206043815928        763.6752663524961        775.591743270374         784.3034179843524
190.72847682119206        677.7205521589513        743.5753827859177        763.628777941928         775.544575620988         784.2558559747431
191.16997792494487        677.6853175983703        743.537591972577         763.5899373986286        775.5050731858018        784.2158555865186
191.61147902869763        677.6500830377893        743.4998011592362        763.5510968553292        775.4655707506155        784.175855198294
192.0529801324504         677.6148484772083        743.4620103458955        763.5122563120299        775.4260683154292        784.1358548100694
192.49448123620317        677.5842763817825        743.4297332429377        763.4795551767153        775.3929634705617        784.1023283537744
192.9359823399559         677.5537042863567        743.3974561399798        763.4468540414007        775.3598586256938        784.0688018974791
193.37748344370866        677.5231321909309        743.3651790370219        763.4141529060861        775.326753780826         784.0352754411839
193.81898454746138        677.4972648440853        743.3382656607752        763.3873396559117        775.2998960368155        784.0082155813059
194.2604856512141         677.4713974972395        743.3113522845284        763.3605264057371        775.2730382928049        783.9811557214277
194.70198675496687        677.4455301503939        743.2844389082817        763.3337131555626        775.2461805487944        783.9540958615496
195.14348785871962        677.4266127778739        743.265697753794         763.3157847876499        775.2286969804356        783.936714541267
195.5849889624724         677.4076954053538        743.2469565993063        763.2978564197373        775.2112134120767        783.9193332209841
196.02649006622516        677.3887780328338        743.2282154448185        763.2799280518246        775.193729843718         783.9019519007013
196.46799116997792        677.3752682068238        743.2139341901591        763.2654508057763        775.1790852796515        783.8871836857336
196.90949227373068        677.3617583808136        743.1996529354996        763.2509735597279        775.164440715585         783.8724154707656
197.35099337748346        677.3482485548036        743.1853716808401        763.2364963136795        775.1497961515184        783.8576472557978
197.79249448123622        677.3385190323507        743.1741149860603        763.2244977286172        775.137407027578         783.8451159887252
198.233995584989          677.3287895098978        743.1628582912804        763.2124991435547        775.1250179036374        783.8325847216523
198.67549668874173        677.3190599874448        743.1516015965004        763.2005005584924        775.1126287796968        783.8200534545796
199.11699779249454        677.3156505951379        743.1476522625331        763.1962651698514        775.1082528501454        783.8156489470772
199.55849889624727        677.3122412028308        743.1437029285659        763.1920297812102        775.1038769205937        783.8112444395746
200                       677.3088318105238        743.1397535945986        763.187794392569         775.0995009910422        783.8068399320721
