0.0	686.1646119775648
1.0	0.0
2.0	135.35940168209612
3.0	71.65154535829349
4.0	67.71367283677402
5.0	71.20933361731852
6.0	85.88178099169517
7.0	98.33913908543298
8.0	76.67940072573137
9.0	100.63483988135314
10.0	104.25026634174527
11.0	0.0
12.0	104.84276097906678
13.0	103.10500702820482
14.0	96.97968345985767
15.0	103.24031921457082
16.0	0.0
17.0	108.65856463458795
18.0	112.94249087528192
19.0	95.70890050109259
20.0	48.87361012232448
21.0	51.03284713880288
22.0	94.94654588514113
23.0	91.18947347646818
24.0	79.71212108994254
25.0	0.0
26.0	80.41091352609408
27.0	82.96632735035617
28.0	84.48643020995715
29.0	41.86155988587648
30.0	44.09463129238768
31.0	88.1615782872416
32.0	91.59220284884964
33.0	95.29849576086035
34.0	0.0
35.0	93.50426192761228
36.0	95.8618550933725
37.0	93.90114696513685
38.0	42.523294056859534
39.0	47.64855692458438
40.0	90.3049924148625
41.0	95.6923175608034
42.0	89.98319700382218
43.0	0.0
44.0	88.80027483874903
45.0	94.45342221429745
46.0	90.66549286916793
47.0	40.73379327115154
48.0	43.465464173577104
49.0	84.18320999522186
50.0	81.35069984514361
51.0	80.87559520873411
52.0	0.0
53.0	79.83412114825151
54.0	77.15162016084622
55.0	82.08187047220429
56.0	35.95827969993855
57.0	41.21675113895863
58.0	80.20079333532625
59.0	79.48629109675765
60.0	79.00836177527293
61.0	0.0
62.0	81.28085175211984
63.0	79.79475215399673
64.0	79.09546009918947
65.0	36.794258540186
66.0	43.56064524139107
67.0	78.38850695628787
68.0	78.29558185930742
69.0	79.22443236261674
70.0	19.09598354679266
71.0	58.91297727553072
72.0	76.78215276947678
73.0	75.04314945528729
74.0	36.65562700193901
75.0	38.63422052222942
76.0	73.33168130732825
77.0	74.96283631777095
78.0	69.80899039457512
79.0	0.0
80.0	73.32511230488892
81.0	71.21455437315775
82.0	70.09623652491686
83.0	35.52741928445772
84.0	38.04023249497627
85.0	68.41409820656608
86.0	69.95599329761299
87.0	70.04338505320287
88.0	0.0
89.0	69.89377849610614
90.0	64.35366857755605
91.0	68.88751456203832
92.0	33.935815167000804
93.0	35.353084163890436
94.0	69.73687113774903
95.0	64.13011228168159
96.0	65.7975074649959
97.0	0.0
98.0	67.59432497273744
99.0	65.79378842509986
100.0	65.00080437796493
101.0	29.16328901190528
102.0	32.29604213262654
103.0	61.26886655455641
104.0	64.0040372307003
105.0	60.40892902426277
106.0	13.790626345965102
107.0	47.02857699552857
108.0	63.22855346516665
109.0	64.20398594815985
110.0	29.494562996779667
111.0	32.95936023253665
112.0	57.53350262171142
113.0	60.18948844404816
114.0	62.35911876042029
115.0	14.691630400030487
116.0	46.66302319110967
117.0	62.26420743088472
118.0	57.86923676652027
119.0	27.796828286429534
120.0	33.26281003510598
121.0	59.78523174648229
122.0	56.1889757664824
123.0	57.459644449386765
124.0	14.320014400470296
125.0	44.32086310509398
126.0	56.99348599346537
127.0	54.711966115318795
128.0	26.45978438950874
129.0	29.5673478702447
130.0	51.778283475508196
131.0	56.74612625122014
132.0	55.46837393631082
133.0	13.299518097329178
134.0	42.18334036247787
135.0	52.49024333492588
136.0	52.47070082349335
137.0	22.79525554070459
138.0	27.622213712733632
139.0	54.89639856126884
140.0	52.55230438630037
141.0	50.47233825624898
142.0	12.099848082151972
143.0	40.00115476578293
144.0	54.08159172283011
145.0	50.025999179333034
146.0	23.161955929753297
147.0	27.98393265636972
148.0	50.20995438959328
149.0	52.45305100415293
150.0	52.50767787232325
151.0	11.254478296845152
152.0	39.57381695372371
153.0	49.95872843893391
154.0	48.30849020831555
155.0	22.3892072855527
156.0	25.947329179398526
157.0	49.31674279004827
158.0	47.085666719110016
159.0	45.86436356858686
160.0	10.844926134175818
161.0	35.47496709859277
162.0	46.47347984011931
163.0	46.202816184718806
164.0	23.303026019581146
165.0	25.071111775385567
166.0	44.61698536516977
167.0	44.051009727584386
168.0	47.11445100589378
169.0	0.0
170.0	47.02329424277397
171.0	45.39911178911935
172.0	43.362484125949024
173.0	20.897769164988446
174.0	24.584302595191048
175.0	43.44758261846586
176.0	42.67902420805334
177.0	42.47206213030935
178.0	0.0
179.0	42.32748153948423
180.0	44.100313810159875
181.0	42.4323461046203
182.0	19.48199753764741
183.0	23.374362055009726
184.0	42.44527337484275
185.0	42.4706985895397
186.0	42.24119445884325
187.0	0.0
188.0	41.388226471184154
189.0	41.36106155688203
190.0	39.9900000268874
191.0	17.706192739097496
192.0	21.475887069401416
193.0	41.03490039224894
194.0	42.518368009056815
195.0	39.872681700228206
196.0	9.06157074567464
197.0	30.65807328079971
198.0	40.147989018600626
199.0	36.29427027953205
200.0	19.51059908464876
201.0	21.187195952284874
202.0	38.48414163274745
203.0	37.39732230396789
204.0	37.98471837169941
205.0	0.0
206.0	37.451528618893875
207.0	38.37853975944927
208.0	38.187628705085324
209.0	17.240762802568415
210.0	21.594210099807018
211.0	35.16362602752095
212.0	37.653296854659494
213.0	35.781248093637984
214.0	8.078478032601247
215.0	27.880128025806993
216.0	36.32876751662864
217.0	36.476253593186385
218.0	18.11072624124481
219.0	18.017519470512614
220.0	36.648870087902274
221.0	34.924861690500656
222.0	36.37059148878588
223.0	0.0
224.0	34.492972554620664
225.0	35.33101891435797
226.0	33.0845113592175
227.0	16.713423511601807
228.0	17.8423263394107
229.0	32.74957938317081
230.0	33.27075298908376
231.0	33.16197749931316
232.0	0.0
233.0	33.864638606250935
234.0	34.14167721927996
235.0	33.89858020341508
236.0	15.714929466416798
237.0	17.31857763689375
238.0	32.32439402066211
239.0	32.28731738785156
240.0	32.39878472682478
241.0	0.0
242.0	32.323576734921396
243.0	31.84122468330641
244.0	30.77277051384592
245.0	15.319954373476216
246.0	17.275859328719367
247.0	29.92106097065864
248.0	30.63114226171417
249.0	29.127785592232044
250.0	0.0
251.0	30.138372386469683
252.0	27.85435966720104
253.0	29.20798689187041
254.0	14.579124772124773
255.0	15.348604897327725
256.0	28.160368981656525
257.0	26.792129219396415
258.0	26.853628077274657
259.0	0.0
260.0	27.12845084735307
261.0	25.57006932722674
262.0	25.830119240550076
263.0	11.763510036587066
264.0	13.433600233154174
265.0	23.859506538730837
266.0	23.038919677447257
267.0	22.41322235382207
268.0	0.0
269.0	23.058795627215602
270.0	20.487626051542716
271.0	20.55443596334
272.0	9.807669846086878
273.0	10.075468021388216
274.0	18.782201813851838
275.0	18.96670367690452
276.0	16.811032218818767
277.0	0.0
278.0	13.616236549964093
279.0	13.886120344656284
280.0	13.647461412002274
281.0	5.160214416331871
282.0	6.416847032019523
283.0	9.690822769675618
284.0	7.848274822695317
285.0	5.836314718672734
286.0	0.0
287.0	4.146007517256057
288.0	2.09172516032831
289.0	0.3612340766746136
290.0	0.037778010840308615
291.0	0.04663951955593932
292.0	0.0
293.0	0.0
294.0	0.0
295.0	0.0
296.0	0.0
297.0	0.0
298.0	0.0
299.0	0.0
300.0	0.0
301.0	0.0
302.0	0.0
303.0	0.0
304.0	0.0
305.0	0.0
306.0	0.0
307.0	0.0
308.0	0.0
309.0	0.0
310.0	0.0
311.0	0.0
312.0	0.0
313.0	0.0
314.0	0.0
315.0	0.0
316.0	0.0
317.0	0.0
318.0	0.0
319.0	0.0
320.0	0.0
321.0	0.0
322.0	0.0
323.0	0.0
324.0	0.0
325.0	0.0
326.0	0.0
327.0	0.0
328.0	0.0
329.0	0.0
330.0	0.0
331.0	0.0
332.0	0.0
333.0	0.0
334.0	0.0
335.0	0.0
336.0	0.0
337.0	0.0
338.0	0.0
339.0	0.0
340.0	0.0
341.0	0.0
342.0	0.0
343.0	0.0
344.0	0.0
345.0	0.0
346.0	0.0
347.0	0.0
348.0	0.0
349.0	0.0
350.0	0.0
351.0	0.0
352.0	0.0
353.0	0.0
354.0	0.0
355.0	0.0
356.0	0.0
357.0	0.0
358.0	0.0
359.0	0.0
360.0	0.0
361.0	0.0
362.0	0.0
363.0	0.0
364.0	0.0
365.0	0.0
366.0	0.0
367.0	0.0
368.0	0.0
369.0	0.0
370.0	0.0
371.0	0.0
372.0	0.0
373.0	0.0
374.0	0.0
375.0	0.0
376.0	0.0
377.0	0.0
378.0	0.0
379.0	0.0
380.0	0.0
381.0	0.0
382.0	0.0
383.0	0.0
384.0	0.0
385.0	0.0
386.0	0.0
387.0	0.0
388.0	0.0
389.0	0.0
390.0	0.0
391.0	0.0
392.0	0.0
393.0	0.0
394.0	0.0
395.0	0.0
396.0	0.0
397.0	0.0
398.0	0.0
399.0	0.0
400.0	0.0
