0.0	669.4585834280317
1.0	0.0
2.0	214.2474990036746
3.0	0.0
4.0	180.3894407802952
5.0	56.28191561526517
6.0	105.25809475732085
7.0	75.69650639371238
8.0	133.80747712564067
9.0	93.93905003829222
10.0	118.65420178576568
11.0	116.25124949193795
12.0	29.15917952710964
13.0	86.08647625437374
14.0	116.97889710502866
15.0	116.00311106776918
16.0	111.97812118680423
17.0	52.37795175677568
18.0	61.02562207342974
19.0	112.36598052093868
20.0	100.67990927246015
21.0	98.28696985432485
22.0	46.712541179239935
23.0	47.869342015130115
24.0	87.39609667244088
25.0	79.67180150312174
26.0	90.5678257649486
27.0	47.58921560419424
28.0	67.10421263935378
29.0	45.83779784468382
30.0	130.7088010098259
31.0	37.7900590938623
32.0	35.639138541687664
33.0	24.381155754882048
34.0	156.06200643894684
35.0	36.19067292525811
36.0	135.99270929798985
37.0	0.0
38.0	173.19108631546877
39.0	0.0
40.0	322.0554355783273
41.0	0.0
42.0	588.0794855900517
43.0	278.3996123727371
44.0	300.7085782196289
45.0	320.9181360147398
46.0	386.7151884767381
47.0	384.7126305009672
48.0	364.225133835984
49.0	316.8475817986241
50.0	399.7623590222336
51.0	0.0
52.0	381.73420387583667
53.0	389.8001171798732
54.0	364.7577271257261
55.0	373.09932973514657
56.0	0.0
57.0	375.69016208700015
58.0	364.6519386889906
59.0	350.50303457193854
60.0	176.1434104088729
61.0	179.5885978423895
62.0	365.7128387947545
63.0	359.4242002435417
64.0	351.0472379070248
65.0	0.0
66.0	340.2739184984364
67.0	329.8371653899079
68.0	310.39729158585027
69.0	167.06504186860735
70.0	136.94989654782887
71.0	279.30298379762013
72.0	251.69646174019385
73.0	258.4872836958045
74.0	0.0
75.0	228.40288578743
76.0	215.4896007902347
77.0	193.39082361190654
78.0	101.11804027693658
79.0	94.87339750395809
80.0	182.20472796228316
81.0	176.9719252114382
82.0	178.02042158033413
83.0	0.0
84.0	171.0995738207256
85.0	153.267940504161
86.0	153.3387455839088
87.0	86.94390007383353
88.0	71.14202703126418
89.0	138.31860656674792
90.0	131.78230680325035
91.0	133.58703807279358
92.0	0.0
93.0	126.50513458692811
94.0	117.76573711241048
95.0	107.0428960954295
96.0	47.583039926560645
97.0	55.13137257480942
98.0	101.90193195497542
99.0	95.98773012580881
100.0	84.07845607724751
101.0	0.0
102.0	81.55232629024088
103.0	75.63110040885397
104.0	74.88503967339686
105.0	31.772449621757158
106.0	35.823618876409405
107.0	70.1598658428261
108.0	68.29026957270669
109.0	68.34899367486696
110.0	13.495596181326
111.0	47.871187021934844
112.0	56.879311910643516
113.0	56.583481938124514
114.0	27.230314472691777
115.0	29.34345364513067
116.0	51.469827298653165
117.0	48.182504547583605
118.0	48.045640904346534
119.0	0.0
120.0	42.7778210987348
121.0	42.85289236858478
122.0	42.25078373290839
123.0	18.37590356274778
124.0	20.81229302600451
125.0	39.687543174597565
126.0	36.79165024449184
127.0	32.188227533450394
128.0	0.0
129.0	39.06925585255573
130.0	27.546618782062552
131.0	36.08566517028975
132.0	15.028347533646738
133.0	17.960498118124594
134.0	24.468871893792954
135.0	34.26001475076567
136.0	26.62445412050619
137.0	0.0
138.0	24.77056105649885
139.0	30.00222307045736
140.0	23.129133545290305
141.0	11.099936755541028
142.0	14.92999254452603
143.0	21.27815868025099
144.0	20.344596080557
145.0	22.6800544483487
146.0	6.0585251452618785
147.0	15.923504463161054
148.0	24.495799146170402
149.0	19.563313913999615
150.0	7.245964353674745
151.0	11.26892616155964
152.0	23.220824421453894
153.0	18.89360946046912
154.0	20.017858638435715
155.0	2.336248750855091
156.0	13.117179711762697
157.0	15.775163326416784
158.0	17.366124347504876
159.0	7.137560227227568
160.0	7.266544792839495
161.0	14.491067296113737
162.0	14.570801099961477
163.0	13.604944707237332
164.0	2.8091871399449753
165.0	9.047729622960379
166.0	11.943010040685094
167.0	13.143369669728168
168.0	4.36876964819465
169.0	6.390026882911861
170.0	11.537232285765686
171.0	9.034074821212466
172.0	11.137835775696232
173.0	1.6579137310918572
174.0	11.129422370317696
175.0	10.391516274290893
176.0	11.05222685155295
177.0	5.098180812894186
178.0	4.846878321012436
179.0	9.908062953644265
180.0	9.450863461900207
181.0	9.829869210194383
182.0	3.160454320923358
183.0	9.882578413618551
184.0	10.966073904879064
185.0	10.740692242158461
186.0	5.153141502785575
187.0	4.548096752622173
188.0	8.009645537225623
189.0	7.284205508150144
190.0	10.490587534984682
191.0	0.9362413691811524
192.0	4.48546691301685
193.0	8.828012753670516
194.0	8.314387196868156
195.0	3.7372501627143935
196.0	4.966091146294213
197.0	7.790943571991177
198.0	6.473676460274693
199.0	8.769803270358972
200.0	1.7168667888222542
201.0	5.939902942205069
202.0	5.845053933086972
203.0	5.9390987565203766
204.0	2.151826132399651
205.0	4.149441064550774
206.0	4.25821627428102
207.0	4.368111852413221
208.0	6.07501858328728
209.0	0.0
210.0	5.952362109356201
211.0	7.394388661560128
212.0	5.668252519464133
213.0	2.1294274523445047
214.0	2.213723590421274
215.0	3.583653951653248
216.0	5.702013733986708
217.0	5.886211874937392
218.0	0.4705142257396593
219.0	4.279989179066651
220.0	4.305059775667599
221.0	3.0893812468131583
222.0	1.2972060776861327
223.0	1.3303527599149905
224.0	3.8778150282614363
225.0	4.643675810181223
226.0	5.367993143766565
227.0	0.0
228.0	2.7738124912592705
229.0	4.696610005682624
230.0	4.445494713276685
231.0	2.098517870155782
232.0	2.4081857074656687
233.0	5.413361458551897
234.0	3.704844587842148
235.0	2.1256051128257183
236.0	0.0
237.0	2.8122033557181494
238.0	3.3331561031734065
239.0	2.906184177897015
240.0	0.7743307024792185
241.0	2.221230947581794
242.0	3.0111336440951804
243.0	2.2985438455708485
244.0	1.3387454354946395
245.0	0.0
246.0	3.5330884100173914
247.0	2.883063358973359
248.0	2.947360245790967
249.0	3.164582951973886
250.0	0.9914255405551973
251.0	1.8047481507417582
252.0	1.0867789774168677
253.0	1.9777728283933569
254.0	0.0
255.0	2.9839838630632842
256.0	1.03681809391546
257.0	1.2812138130659148
258.0	0.36023060662202244
259.0	0.8992726685558874
260.0	1.4754148320948623
261.0	1.7338148661369766
262.0	2.1916911488901123
263.0	0.0
264.0	2.263339122764279
265.0	1.4473425843703955
266.0	1.3052443209375266
267.0	1.7153006133476507
268.0	0.5065433667793923
269.0	2.0413329474476183
270.0	0.6524077823262382
271.0	0.5902683957712174
272.0	0.0
273.0	1.1744924734554376
274.0	1.6474114740922887
275.0	1.1740667173733983
276.0	0.8209646424757486
277.0	1.3719110138382178
278.0	1.9389521106334027
279.0	2.3958451177610947
280.0	2.0295009650040066
281.0	0.0
282.0	0.9873395367980814
283.0	1.039161225193565
284.0	1.5819524992769465
285.0	1.5328309935926003
286.0	1.0694360010456567
287.0	1.287359838035065
288.0	1.3970581699964442
289.0	0.7664154967962956
290.0	0.0
291.0	0.0
292.0	0.0
293.0	0.0
294.0	0.0
295.0	0.0
296.0	0.0
297.0	0.0
298.0	0.0
299.0	0.0
300.0	0.0
301.0	0.0
302.0	0.0
303.0	0.0
304.0	0.0
305.0	0.0
306.0	0.0
307.0	0.0
308.0	0.0
309.0	0.0
310.0	0.0
311.0	0.0
312.0	0.0
313.0	0.0
314.0	0.0
315.0	0.0
316.0	0.0
317.0	0.0
318.0	0.0
319.0	0.0
320.0	0.0
321.0	0.0
322.0	0.0
323.0	0.0
324.0	0.0
325.0	0.0
326.0	0.0
327.0	0.0
328.0	0.0
329.0	0.0
330.0	0.0
331.0	0.0
332.0	0.0
333.0	0.0
334.0	0.0
335.0	0.0
336.0	0.0
337.0	0.0
338.0	0.0
339.0	0.0
340.0	0.0
341.0	0.0
342.0	0.0
343.0	0.0
344.0	0.0
345.0	0.0
346.0	0.0
347.0	0.0
348.0	0.0
349.0	0.0
350.0	0.0
351.0	0.0
352.0	0.0
353.0	0.0
354.0	0.0
355.0	0.0
356.0	0.0
357.0	0.0
358.0	0.0
359.0	0.0
360.0	0.0
361.0	0.0
362.0	0.0
363.0	0.0
364.0	0.0
365.0	0.0
366.0	0.0
367.0	0.0
368.0	0.0
369.0	0.0
370.0	0.0
371.0	0.0
372.0	0.0
373.0	0.0
374.0	0.0
375.0	0.0
376.0	0.0
377.0	0.0
378.0	0.0
379.0	0.0
380.0	0.0
381.0	0.0
382.0	0.0
383.0	0.0
384.0	0.0
385.0	0.0
386.0	0.0
387.0	0.0
388.0	0.0
389.0	0.0
390.0	0.0
391.0	0.0
392.0	0.0
393.0	0.0
394.0	0.0
395.0	0.0
396.0	0.0
397.0	0.0
398.0	0.0
399.0	0.0
400.0	0.0
