% Model:              Cav_Hex_Unif_flux_v5.2.1 - Lin. Distn.mph
% Version:            COMSOL 5.5.0.359
% Date:               Dec 7 2021, 15:21
% Dimension:          1
% Nodes:              1330
% Expressions:        1
% Description:        Line graph
% x                       Height
0                         317.98515041564167
0.06551832037375029       317.91581007287664
0.13103664074750057       317.8464697301116
0.19655496112125082       317.7771293873466
0.26207328149500114       317.70778904458155
0.3332450673637735        317.03141417966526
0.40441685323254595       316.355039314749
0.4755886391013183        315.67866444983275
0.5467604249700907        315.00228958491647
0.6363986307162877        314.57509594214366
0.7260368364624845        314.14790229937086
0.8156750422086816        313.72070865659805
0.9053132479548786        313.29351501382524
0.9949514537010756        315.2147597294288
1.0845896594472726        317.13600444503237
1.1742278651934694        319.05724916063593
1.2638660709396665        320.9784938762395
1.376896327496862         324.19331766282266
1.4899265840540572        327.4081414494059
1.6029568406112524        330.62296523598906
1.7159870971684477        333.8377890225722
1.8290173537256433        338.5942196865621
1.9420476102828386        343.350650350552
2.055077866840034         348.10708101454185
2.1681081233972295        352.8635116785317
2.2819515277306           359.174393263294
2.395794932063971         365.4852748480563
2.5096383363973414        371.7961564328185
2.6234817407307123        378.1070380175808
2.737325145064083         386.68528982967416
2.851168549397454         395.2635416417676
2.965011953730825         403.841793453861
3.078855358064196         412.42004526595434
3.1932164123247624        421.11569148603013
3.3075774665853293        429.8113377061059
3.421938520845896         438.5069839261817
3.5362995751064625        447.2026301462575
3.6512029292907595        456.3445563562924
3.766106283475056         465.48648256632737
3.8810096376593526        474.6284087763623
3.9959129918436496        483.7703349863972
4.1108163460279465        490.62830582935936
4.2257197002122435        497.4862766723216
4.3406230543965405        504.34424751528377
4.4555264085808375        511.202218358246
4.570449482762361         516.675722942041
4.685372556943883         522.1492275258361
4.800295631125406         527.622732109631
4.91521870530693          533.096236693426
5.030102339493999         537.8430974341326
5.144985973681069         542.589958174839
5.259869607868139         547.3368189155456
5.374753242055209         552.083679656252
5.48963687624228          556.1727231172717
5.604520510429349         560.2617665782916
5.719404144616421         564.3508100393115
5.834287778803492         568.4398535003313
5.9491714129905615        572.8217349129789
6.064055047177631         577.2036163256263
6.178938681364701         581.5854977382737
6.293822315551771         585.9673791509213
6.408705949738841         590.519845066686
6.5235895839259115        595.0723109824507
6.638473218112982         599.6247768982154
6.753356852300053         604.1772428139801
6.868240486487124         607.4237729503368
6.983124120674193         610.6703030866936
7.098007754861263         613.9168332230504
7.212891389048333         617.1633633594071
7.327775023235403         621.6320789319202
7.442658657422474         626.1007945044335
7.557542291609543         630.5695100769466
7.672425925796613         635.0382256494597
7.787309559983683         638.3092927270067
7.902193194170753         641.5803598045536
8.01707682835782          644.8514268821007
8.131960462544892         648.1224939596476
8.246844096731962         651.5323371899743
8.361727730919034         654.942180420301
8.476611365106107         658.3520236506278
8.591494999293177         661.7618668809545
8.706378633480249         664.8222307570544
8.821262267667317         667.8825946331544
8.936145901854387         670.9429585092544
9.051029536041456         674.0033223853543
9.165913170228526         677.3750771398418
9.280796804415598         680.7468318943294
9.395680438602666         684.118586648817
9.510564072789737         687.4903414033045
9.625447706976807         689.8916008762479
9.740331341163879         692.2928603491914
9.855214975350949         694.6941198221348
9.970098609538018         697.0953792950783
10.08498224372509         699.6851338080409
10.19986587791216         702.2748883210033
10.314749512099231        704.864642833966
10.429633146286301        707.4543973469285
10.544516780473371        709.4761921650213
10.65940041466044         711.497986983114
10.77428404884751         713.5197818012066
10.88916768303458         715.5415766192993
11.00405131722165         717.6685342955238
11.118934951408722        719.7954919717481
11.233818585595792        721.9224496479725
11.348702219782863        724.0494073241969
11.463585853969933        726.1772233737793
11.578469488157001        728.3050394233619
11.693353122344073        730.4328554729444
11.808236756531143        732.560671522527
11.923120390718214        734.7285830719807
12.038004024905284        736.8964946214344
12.152887659092354        739.064406170888
12.267771293279424        741.2323177203417
12.382654927466492        743.1262856917494
12.497538561653563        745.0202536631572
12.612422195840633        746.9142216345649
12.727305830027705        748.8081896059726
12.842189464214774        750.073456397552
12.957073098401846        751.3387231891313
13.071956732588916        752.6039899807107
13.186840366775987        753.8692567722901
13.301724000963057        755.6645659879312
13.416607635150127        757.4598752035721
13.531491269337199        759.255184419213
13.646374903524269        761.0504936348541
13.761258537711337        762.6015988248027
13.876142171898408        764.1527040147514
13.991025806085476        765.7038092047002
14.105909440272548        767.2549143946488
14.220793074459618        768.6466377104908
14.33567670864669         770.038361026333
14.450560342833759        771.430084342175
14.565443977020829        772.821807658017
14.6803276112079          773.898266894945
14.79521124539497         774.974726131873
14.910094879582044        776.051185368801
15.024978513769113        777.1276446057291
15.139862147956183        778.3799878669023
15.254745782143253        779.6323311280755
15.369629416330321        780.8846743892487
15.484513050517391        782.137017650422
15.59939668470446         783.4001628880939
15.714280318891532        784.6633081257658
15.829163953078602        785.9264533634378
15.944047587265674        787.1895986011097
16.058931221452745        788.1808517949174
16.17381485563981         789.1721049887252
16.288698489826878        790.163358182533
16.403582124013948        791.1546113763408
16.518465758201017        792.0730187082746
16.633349392388087        792.9914260402084
16.748233026575157        793.9098333721422
16.863116660762227        794.8282407040759
16.978000294949297        795.8856290959566
17.092883929136367        796.9430174878372
17.20776756332344         798.0004058797178
17.32265119751051         799.0577942715985
17.437534831697583        799.8557677700541
17.552418465884656        800.6537412685097
17.66730210007173         801.4517147669653
17.782185734258803        802.249688265421
17.897069368445873        803.094939509411
18.01195300263294         803.9401907534009
18.12683663682001         804.7854419973909
18.241720271007082        805.6306932413809
18.356603905194152        806.3881374316667
18.471487539381222        807.1455816219525
18.586371173568292        807.9030258122382
18.70125480775536         808.660470002524
18.816138441942435        809.4067128438999
18.931022076129505        810.1529556852756
19.04590571031657         810.8991985266515
19.16078934450364         811.6454413680274
19.275672978690707        812.1402075632537
19.39055661287778         812.6349737584803
19.50544024706485         813.1297399537067
19.620323881251917        813.6245061489332
19.735207515438987        814.2532370755998
19.850091149626063        814.8819680022665
19.964974783813133        815.5106989289332
20.079858418000203        816.1394298555998
20.194742052187273        816.7386957086652
20.309625686374343        817.3379615617306
20.424509320561416        817.937227414796
20.539392954748486        818.5364932678614
20.654276588935556        819.1298766364866
20.769160223122626        819.7232600051118
20.884043857309692        820.3166433737371
20.998927491496765        820.9100267423623
21.113811125683835        821.4802015851548
21.2286947598709          822.0503764279472
21.34357839405797         822.6205512707396
21.458462028245044        823.190726113532
21.573345662432118        823.6786040725093
21.68822929661919         824.1664820314866
21.803112930806265        824.654359990464
21.917996564993338        825.1422379494412
22.032880199180408        825.6894555745179
22.147763833367474        826.2366731995945
22.26264746755454         826.7838908246712
22.377531101741607        827.3311084497478
22.492414735928676        827.6780320436346
22.60729837011575         828.0249556375215
22.72218200430282         828.3718792314083
22.83706563848989         828.7188028252951
22.95194927267696         829.0908083036416
23.06683290686403         829.462813781988
23.1817165410511          829.8348192603343
23.29660017523817         830.2068247386807
23.40713638939425         830.5397376967898
23.517672603550327        830.8726506548988
23.62820881770641         831.2055636130079
23.738745031862486        831.538476571117
23.849281246018567        831.9509007311539
23.959817460174644        832.3633248911906
24.070353674330725        832.7757490512274
24.180889888486803        833.1881732112641
24.283278652425953        833.3649245039875
24.385667416365102        833.5416757967109
24.488056180304252        833.7184270894343
24.590444944243398        833.8951783821577
24.69283370818255         833.9757225840176
24.7952224721217          834.0562667858774
24.89761123606085         834.1368109877371
25                        834.217355189597
0                         317.08796128572317
0.10060794298339443       314.818150272581
0.20121588596678885       312.5483392594389
0.3018238289501832        310.2785282462967
0.4024317719335777        308.0087172331545
0.507859787652115         308.8397469405687
0.6132878033706523        309.67077664798296
0.7187158190891897        310.5018063553972
0.8241438348077269        311.33283606281145
0.9295718505262643        313.07966973893394
1.034999866244802         314.8265034150565
1.1404278819633393        316.57333709117904
1.2458558976818768        318.32017076730153
1.3606824075523714        323.8245311404593
1.475508917422866         329.3288915136171
1.5903354272933603        334.833251886775
1.705161937163855         340.33761225993277
1.8200006399599844        349.45726948013805
1.9348393427561137        358.5769267003433
2.049678045552243         367.6965839205485
2.1645167483483725        376.8162411407538
2.279355451144502         385.19372103674317
2.3941941539406315        393.5712009327326
2.5090328567367615        401.948680828722
2.623871559532891         410.32616072471143
2.7387102623290205        415.6924200252894
2.85354896512515          421.0586793258673
2.968387667921279         426.42493862644517
3.0832263707174086        431.79119792702306
3.198065073513538         438.5106958981656
3.3129037763096676        445.230193869308
3.4277424791057967        451.9496918404505
3.542581181901926         458.66918981159296
3.6574198846980557        466.8584344677574
3.772258587494185         475.04767912392185
3.887097290290315         483.2369237800863
4.001935993086445         491.42616843625075
4.116774695882574         497.9176006110226
4.231613398678704         504.40903278579435
4.346452101474833         510.9004649605662
4.461290804270963         517.391897135338
4.576129507067092         523.3933552334167
4.690968209863222         529.3948133314954
4.805806912659351         535.396271429574
4.920645615455481         541.3977295276527
5.03548431825161          546.6805539770072
5.15032302104774          551.9633784263617
5.265161723843869         557.2462028757161
5.380000426639999         562.5290273250706
5.494839129436129         567.8123902537261
5.60967783223226          573.0957531823815
5.724516535028388         578.379116111037
5.839355237824519         583.6624790396925
5.954193940620647         588.4010217985077
6.069032643416776         593.139564557323
6.1838713462129045        597.8781073161382
6.298710049009033         602.6166500749534
6.4135487518051635        606.8586197082006
6.528387454601292         611.1005893414479
6.6432261573974225        615.3425589746952
6.758064860193553         619.5845286079424
6.872903562989682         624.0437819892865
6.987742265785812         628.5030353706306
7.102580968581942         632.9622887519747
7.217419671378071         637.4215421333189
7.3322583741742005        641.4005583669924
7.44709707697033          645.3795746006658
7.5619357797664595        649.3585908343393
7.676774482562589         653.3376070680129
7.7916131853587185        656.5901925771909
7.906451888154846         659.8427780863691
8.021290590950976         663.0953635955473
8.136129293747105         666.3479491047253
8.250967996543235         669.5376911646568
8.365806699339366         672.7274332245884
8.480645402135497         675.9171752845198
8.595484104931627         679.1069173444513
8.710322807727756         682.2558213920205
8.825161510523884         685.4047254395897
8.940000213320012         688.5536294871589
9.05483891611614          691.7025335347281
9.169677618912269         694.8305118094692
9.284516321708399         697.9584900842102
9.399355024504528         701.0864683589513
9.514193727300658         704.2144466336923
9.629032430096787         706.8480595027696
9.743871132892917         709.4816723718469
9.858709835689046         712.1152852409242
9.973548538485177         714.7488981100015
10.088387241281305        717.0385787214458
10.203225944077435        719.32825933289
10.318064646873564        721.6179399443342
10.432903349669692        723.9076205557784
10.547742052465821        726.6311633700204
10.662580755261951        729.3547061842626
10.77741945805808         732.0782489985047
10.89225816085421         734.8017918127467
11.00709686365034         737.6356718548714
11.121935566446467        740.4695518969959
11.236774269242595        743.3034319391204
11.351612972038724        746.137311981245
11.466451674834854        748.1399441232329
11.581290377630985        750.1425762652209
11.696129080427117        752.1452084072089
11.810967783223246        754.1478405491969
11.925806486019376        756.419197856635
12.040645188815503        758.6905551640732
12.155483891611633        760.9619124715114
12.27032259440776         763.2332697789495
12.38516129720389         764.9800299610098
12.500000000000018        766.72679014307
12.614838702796145        768.4735503251304
12.729677405592275        770.2203105071907
12.844516108388406        772.0219112128691
12.959354811184536        773.8235119185475
13.074193513980669        775.625112624226
13.189032216776798        777.4267133299044
13.303870919572928        779.0219454319081
13.418709622369056        780.6171775339117
13.533548325165185        782.2124096359154
13.648387027961313        783.8076417379191
13.763225730757442        785.264287036121
13.87806443355357         786.7209323343229
13.992903136349698        788.1775776325248
14.107741839145827        789.6342229307268
14.222580541941957        790.8568771343103
14.337419244738086        792.0795313378935
14.452257947534216        793.302185541477
14.567096650330345        794.5248397450604
14.681935353126475        795.8105146670378
14.796774055922604        797.096189589015
14.911612758718734        798.3818645109924
15.026451461514862        799.6675394329698
15.141290164310991        800.7237813491743
15.256128867107122        801.7800232653786
15.370967569903252        802.836265181583
15.485806272699381        803.8925070977875
15.600644975495511        804.9625994406778
15.71548367829164         806.032691783568
15.830322381087774        807.1027841264581
15.945161083883903        808.1728764693484
16.05999978668003         809.301138013921
16.174838489476162        810.4293995584937
16.28967719227229         811.5576611030665
16.40451589506842         812.6859226476392
16.519354597864552        813.7378872764338
16.634193300660684        814.7898519052283
16.74903200345681         815.8418165340227
16.863870706252946        816.8937811628172
16.978709409049074        817.8916342618803
17.093548111845198        818.8894873609435
17.20838681464133         819.8873404600066
17.323225517437457        820.8851935590698
17.438064220233585        821.8086592118052
17.552902923029713        822.7321248645405
17.667741625825844        823.655590517276
17.782580328621968        824.5790561700114
17.8974190314181          825.4845784428962
18.012257734214227        826.3901007157812
18.12709643701036         827.2956229886661
18.241935139806486        828.2011452615509
18.356773842602617        828.9357075331236
18.471612545398745        829.6702698046962
18.586451248194876        830.4048320762688
18.701289950991008        831.1393943478415
18.816128653787136        831.7090902226076
18.930967356583263        832.2787860973738
19.04580605937939         832.84848197214
19.160644762175522        833.4181778469061
19.27548346497165         834.0689588913518
19.39032216776778         834.7197399357974
19.50516087056391         835.3705209802431
19.61999957336004         836.0213020246888
19.73483827615617         836.6000258960592
19.849676978952303        837.1787497674295
19.96451568174843         837.7574736387999
20.079354384544562        838.3361975101702
20.194193087340693        839.057641171153
20.30903179013682         839.7790848321358
20.423870492932952        840.5005284931186
20.53870919572908         841.2219721541014
20.653547898525208        841.7794884818176
20.768386601321335        842.3370048095337
20.883225304117467        842.8945211372497
20.99806400691359         843.4520374649659
21.112902709709722        843.9688468818426
21.22774141250585         844.4856562987195
21.34258011530198         845.0024657155964
21.45741881809811         845.5192751324732
21.572257520894237        845.9925991210545
21.687096223690368        846.4659231096357
21.8019349264865          846.9392470982168
21.91677362928263         847.412571086798
22.03161233207876         847.7894288109674
22.146451034874886        848.1662865351366
22.26128973767101         848.5431442593059
22.37612844046714         848.9200019834752
22.49096714326327         849.353013554836
22.605805846059404        849.7860251261969
22.720644548855535        850.2190366975578
22.835483251651667        850.6520482689186
22.950321954447794        851.0694175173617
23.06516065724392         851.4867867658047
23.17999936004005         851.9041560142477
23.294838062836178        852.3215252626908
23.409664572706664        852.773625869602
23.52449108257715         853.225726476513
23.639317592447636        853.6778270834243
23.754144102318126        854.1299276903354
23.868850321435875        854.433506563329
23.98355654055363         854.7370854363228
24.098262759671382        855.0406643093164
24.212968978789135        855.34424318231
24.32056647341115         855.5073942170934
24.42816396803317         855.6705452518768
24.535761462655184        855.83369628666
24.643358957277204        855.9968473214434
24.732519217957904        856.093931186165
24.8216794786386          856.1910150508866
24.910839739319304        856.2880989156082
25                        856.3851827803298
0                         317.09243860893037
0.10058218870160335       314.8213374273747
0.2011643774032067        312.55023624581906
0.30174656610481004       310.27913506426336
0.4023287548064134        308.0080338827077
0.508374154105815         308.64206979652363
0.6144195534052164        309.27610571033955
0.7204649527046179        309.9101416241555
0.8265103520040193        310.5441775379714
0.9360505656224157        313.05246378445463
1.0455907792408123        315.5607500309378
1.155130992859209         318.06903627742105
1.2646712064776053        320.5773225239043
1.374793889149168         327.43924823100707
1.4849165718207302        334.30117393810986
1.5950392544922924        341.1630996452127
1.705161937163855         348.0250253523155
1.8200006399599844        356.71073966864594
1.9348393427561137        365.39645398497635
2.049678045552243         374.08216830130675
2.1645167483483725        382.76788261763716
2.279355451144502         389.6625642158531
2.3941941539406315        396.557245814069
2.5090328567367615        403.45192741228493
2.623871559532891         410.34660901050086
2.7387102623290205        417.6779659793182
2.85354896512515          425.0093229481355
2.968387667921279         432.34067991695275
3.0832263707174086        439.67203688577007
3.198065073513538         444.5946802342577
3.3129037763096676        449.51732358274523
3.4277424791057967        454.4399669312328
3.542581181901926         459.36261027972034
3.6574198846980557        465.8566612743152
3.772258587494185         472.35071226891
3.887097290290315         478.8447632635048
4.001935993086445         485.3388142580996
4.116774695882574         490.9656669493303
4.231613398678704         496.59251964056097
4.346452101474833         502.21937233179165
4.461290804270963         507.8462250230223
4.576129507067092         514.0140781955661
4.690968209863222         520.1819313681099
4.805806912659351         526.3497845406537
4.920645615455481         532.5176377131975
5.03548431825161          537.6634232933951
5.15032302104774          542.8092088735928
5.265161723843869         547.9549944537904
5.380000426639999         553.100780033988
5.494839129436129         558.5071668624379
5.60967783223226          563.9135536908877
5.724516535028388         569.3199405193375
5.839355237824519         574.7263273477873
5.954193940620647         580.6705802292317
6.069032643416776         586.6148331106762
6.1838713462129045        592.5590859921206
6.298710049009033         598.503338873565
6.4135487518051635        601.6909448736596
6.528387454601292         604.8785508737544
6.6432261573974225        608.0661568738492
6.758064860193553         611.2537628739439
6.872903562989682         614.7331058119582
6.987742265785812         618.2124487499725
7.102580968581942         621.6917916879869
7.217419671378071         625.1711346260013
7.3322583741742005        629.5573305937917
7.44709707697033          633.943526561582
7.5619357797664595        638.3297225293722
7.676774482562589         642.7159184971626
7.7916131853587185        645.3391866012942
7.906451888154846         647.9624547054257
8.021290590950976         650.5857228095571
8.136129293747105         653.2089909136886
8.250967996543235         655.7661096693702
8.365806699339366         658.3232284250518
8.480645402135497         660.8803471807333
8.595484104931627         663.4374659364149
8.710322807727756         667.2290079694274
8.825161510523884         671.0205500024397
8.940000213320012         674.8120920354521
9.05483891611614          678.6036340684645
9.169677618912269         681.7033197100036
9.284516321708399         684.8030053515427
9.399355024504528         687.9026909930816
9.514193727300658         691.0023766346206
9.629032430096787         694.1753339454442
9.743871132892917         697.3482912562677
9.858709835689046         700.5212485670912
9.973548538485177         703.6942058779148
10.088387241281305        706.4463459639111
10.203225944077435        709.1984860499074
10.318064646873564        711.9506261359038
10.432903349669692        714.7027662219001
10.547742052465821        718.2654158353846
10.662580755261951        721.8280654488692
10.77741945805808         725.3907150623538
10.89225816085421         728.9533646758384
11.00709686365034         731.0539909253779
11.121935566446467        733.1546171749172
11.236774269242595        735.2552434244567
11.351612972038724        737.355869673996
11.466451674834854        739.7114100365911
11.581290377630985        742.0669503991863
11.696129080427117        744.4224907617815
11.810967783223246        746.7780311243766
11.925806486019376        748.9980645315109
12.040645188815503        751.2180979386451
12.155483891611633        753.4381313457793
12.27032259440776         755.6581647529135
12.38516129720389         757.4598802436899
12.500000000000018        759.2615957344664
12.614838702796145        761.0633112252428
12.729677405592275        762.8650267160192
12.844516108388406        764.7710908731656
12.959354811184536        766.6771550303121
13.074193513980669        768.5832191874586
13.189032216776798        770.4892833446049
13.303870919572928        772.3222872659182
13.418709622369056        774.1552911872316
13.533548325165185        775.9882951085448
13.648387027961313        777.8212990298581
13.763225730757442        779.5878764172639
13.87806443355357         781.3544538046697
13.992903136349698        783.1210311920754
14.107741839145827        784.8876085794813
14.222580541941957        786.4039306470252
14.337419244738086        787.9202527145692
14.452257947534216        789.4365747821132
14.567096650330345        790.9528968496572
14.681935353126475        792.2399225235328
14.796774055922604        793.5269481974082
14.911612758718734        794.8139738712837
15.026451461514862        796.1009995451591
15.141290164310991        797.3828165297884
15.256128867107122        798.6646335144178
15.370967569903252        799.946450499047
15.485806272699381        801.2282674836764
15.600644975495511        802.7147917047652
15.71548367829164         804.201315925854
15.830322381087774        805.6878401469428
15.945161083883903        807.1743643680317
16.05999978668003         808.2850282961813
16.174838489476162        809.395692224331
16.28967719227229         810.5063561524806
16.40451589506842         811.6170200806303
16.519354597864552        812.8192904472842
16.634193300660684        814.0215608139379
16.74903200345681         815.2238311805918
16.863870706252946        816.4261015472456
16.978709409049074        817.5296782425778
17.093548111845198        818.6332549379099
17.20838681464133         819.7368316332421
17.323225517437457        820.8404083285743
17.438064220233585        821.8000851795067
17.552902923029713        822.7597620304389
17.667741625825844        823.7194388813713
17.782580328621968        824.6791157323036
17.8974190314181          825.4799691065251
18.012257734214227        826.2808224807468
18.12709643701036         827.0816758549684
18.241935139806486        827.8825292291899
18.356773842602617        828.7638878276211
18.471612545398745        829.6452464260525
18.586451248194876        830.5266050244838
18.701289950991008        831.4079636229151
18.816128653787136        832.1724714178008
18.930967356583263        832.9369792126865
19.04580605937939         833.7014870075724
19.160644762175522        834.4659948024581
19.27548346497165         835.0465329997052
19.39032216776778         835.6270711969523
19.50516087056391         836.2076093941994
19.61999957336004         836.7881475914464
19.73483827615617         837.430365540926
19.849676978952303        838.0725834904057
19.96451568174843         838.7148014398854
20.079354384544562        839.357019389365
20.194193087340693        840.0372299297129
20.30903179013682         840.7174404700608
20.423870492932952        841.3976510104087
20.53870919572908         842.0778615507566
20.653547898525208        842.6395422687876
20.768386601321335        843.2012229868187
20.883225304117467        843.7629037048499
20.99806400691359         844.324584422881
21.112902709709722        844.9730800480694
21.22774141250585         845.6215756732577
21.34258011530198         846.270071298446
21.45741881809811         846.9185669236344
21.572257520894237        847.445896432162
21.687096223690368        847.9732259406896
21.8019349264865          848.5005554492171
21.91677362928263         849.0278849577447
22.03161233207876         849.4940690757189
22.146451034874886        849.9602531936932
22.26128973767101         850.4264373116674
22.37612844046714         850.8926214296416
22.49096714326327         851.3683246197143
22.605805846059404        851.8440278097869
22.720644548855535        852.3197309998594
22.835483251651667        852.795434189932
22.950321954447794        853.2308307083285
23.06516065724392         853.6662272267249
23.17999936004005         854.1016237451214
23.294838062836178        854.5370202635179
23.409664572706664        854.9360190564971
23.52449108257715         855.3350178494763
23.639317592447636        855.7340166424555
23.754144102318126        856.1330154354347
23.860542357483634        856.5521450583466
23.966940612649154        856.9712746812584
24.073338867814666        857.3904043041703
24.17973712298018         857.809533927082
24.28613537814569         858.0211635513857
24.392533633311203        858.2327931756895
24.498931888476715        858.4444227999932
24.605330143642227        858.656052424297
24.70399760773167         858.7506328032252
24.802665071821114        858.8452131821534
24.901332535910562        858.9397935610816
25                        859.0343739400098
0                         317.16726091004443
0.10011476175548477       315.48134389219956
0.20022952351096954       313.7954268743547
0.3003442852664543        312.1095098565099
0.4004590470219391        310.423592838665
0.5085103363082502        311.6823616262325
0.6165616255945613        312.9411304137999
0.7246129148808722        314.1998992013673
0.8326642041671833        315.45866798893474
0.9407154934534945        318.64127103269846
1.0487667827398057        321.8238740764621
1.1568180720261168        325.0064771202258
1.264869361312428         328.1890801639895
1.37512296764533          333.0203650602802
1.485376573978232         337.8516499565709
1.5956301803111341        342.6829348528616
1.7058837866440362        347.5142197491523
1.8205871426626317        354.0403600722914
1.9352904986812276        360.5665003954304
2.049993854699823         367.09264071856944
2.1646972107184186        373.61878104170853
2.2795133557182923        379.4113205794465
2.3943295007181664        385.2038601171845
2.50914564571804          390.9963996549225
2.6239617907179142        396.7889391926605
2.7387779357177875        403.6430295689175
2.853594080717661         410.49711994517446
2.968410225717535         417.35121032143144
3.0832263707174086        424.2053006976884
3.198065073513538         431.63749407210776
3.3129037763096676        439.06968744652715
3.4277424791057967        446.5018808209465
3.542581181901926         453.93407419536584
3.6574198846980557        460.28258378192265
3.772258587494185         466.63109336847947
3.887097290290315         472.9796029550363
4.001935993086445         479.3281125415931
4.116774695882574         485.47990287173695
4.231613398678704         491.63169320188086
4.346452101474833         497.7834835320248
4.461290804270963         503.93527386216863
4.576129507067092         509.4182398229426
4.690968209863222         514.9012057837167
4.805806912659351         520.3841717444907
4.920645615455481         525.8671377052648
5.03548431825161          532.0457172667794
5.15032302104774          538.224296828294
5.265161723843869         544.4028763898086
5.380000426639999         550.5814559513233
5.494839129436129         555.0219015026066
5.60967783223226          559.46234705389
5.724516535028388         563.9027926051732
5.839355237824519         568.3432381564566
5.954193940620647         572.7313665763327
6.069032643416776         577.1194949962089
6.1838713462129045        581.5076234160852
6.298710049009033         585.8957518359614
6.4135487518051635        590.4314861624287
6.528387454601292         594.9672204888959
6.6432261573974225        599.5029548153631
6.758064860193553         604.0386891418303
6.872903562989682         607.0243554149613
6.987742265785812         610.0100216880921
7.102580968581942         612.995687961223
7.217419671378071         615.981354234354
7.3322583741742005        618.8561525776644
7.44709707697033          621.7309509209749
7.5619357797664595        624.6057492642854
7.676774482562589         627.4805476075958
7.7916131853587185        631.3351673250455
7.906451888154846         635.1897870424953
8.021290590950976         639.044406759945
8.136129293747105         642.8990264773947
8.250967996543235         648.4309329187302
8.365806699339366         653.9628393600657
8.480645402135497         659.4947458014012
8.595484104931627         665.0266522427366
8.710322807727756         668.2022444119099
8.825161510523884         671.3778365810831
8.940000213320012         674.5534287502562
9.05483891611614          677.7290209194294
9.169677618912269         681.2721337137339
9.284516321708399         684.8152465080382
9.399355024504528         688.3583593023425
9.514193727300658         691.9014720966468
9.629032430096787         695.1259786960903
9.743871132892917         698.3504852955341
9.858709835689046         701.5749918949776
9.973548538485177         704.7994984944213
10.088387241281305        707.1451649239116
10.203225944077435        709.4908313534019
10.318064646873564        711.8364977828921
10.432903349669692        714.1821642123824
10.547742052465821        716.8459325172705
10.662580755261951        719.5097008221585
10.77741945805808         722.1734691270466
10.89225816085421         724.8372374319347
11.00709686365034         727.024111629757
11.121935566446467        729.2109858275794
11.236774269242595        731.3978600254019
11.351612972038724        733.5847342232242
11.466451674834854        735.9792609882217
11.581290377630985        738.373787753219
11.696129080427117        740.7683145182164
11.810967783223246        743.1628412832137
11.925806486019376        746.289812081671
12.040645188815503        749.4167828801285
12.155483891611633        752.543753678586
12.27032259440776         755.6707244770434
12.38516129720389         757.4535470395344
12.500000000000018        759.2363696020254
12.614838702796145        761.0191921645164
12.729677405592275        762.8020147270074
12.844516108388406        764.761559512268
12.959354811184536        766.7211042975284
13.074193513980669        768.680649082789
13.189032216776798        770.6401938680496
13.303870919572928        772.5174198543431
13.418709622369056        774.3946458406367
13.533548325165185        776.2718718269302
13.648387027961313        778.1490978132238
13.763225730757442        778.9201919374038
13.87806443355357         779.6912860615839
13.992903136349698        780.4623801857639
14.107741839145827        781.233474309944
14.222580541941957        782.8411948964949
14.337419244738086        784.448915483046
14.452257947534216        786.056636069597
14.567096650330345        787.6643566561479
14.681935353126475        788.9690289981941
14.796774055922604        790.2737013402402
14.911612758718734        791.5783736822863
15.026451461514862        792.8830460243324
15.141290164310991        794.1643082317963
15.256128867107122        795.4455704392603
15.370967569903252        796.7268326467242
15.485806272699381        798.0080948541881
15.600644975495511        799.361840595067
15.71548367829164         800.7155863359458
15.830322381087774        802.0693320768247
15.945161083883903        803.4230778177035
16.05999978668003         804.7667250527089
16.174838489476162        806.1103722877143
16.28967719227229         807.4540195227197
16.40451589506842         808.7976667577251
16.519354597864552        810.484429383462
16.634193300660684        812.171192009199
16.74903200345681         813.8579546349359
16.863870706252946        815.5447172606729
16.978709409049074        816.6310037411333
17.093548111845198        817.7172902215939
17.20838681464133         818.8035767020543
17.323225517437457        819.8898631825148
17.438064220233585        820.73641961512
17.552902923029713        821.5829760477252
17.667741625825844        822.4295324803305
17.782580328621968        823.2760889129357
17.8974190314181          824.1373064452807
18.012257734214227        824.9985239776256
18.12709643701036         825.8597415099706
18.241935139806486        826.7209590423156
18.356773842602617        827.5133074744955
18.471612545398745        828.3056559066753
18.586451248194876        829.0980043388552
18.701289950991008        829.8903527710349
18.816128653787136        830.5272733315078
18.930967356583263        831.1641938919807
19.04580605937939         831.8011144524537
19.160644762175522        832.4380350129265
19.27548346497165         833.1012793666671
19.39032216776778         833.7645237204076
19.50516087056391         834.4277680741483
19.61999957336004         835.0910124278888
19.73483827615617         835.6680561235394
19.849676978952303        836.2450998191898
19.96451568174843         836.8221435148404
20.079354384544562        837.3991872104909
20.194193087340693        838.0024702455654
20.30903179013682         838.6057532806399
20.423870492932952        839.2090363157142
20.53870919572908         839.8123193507887
20.653547898525208        840.5678355355038
20.768386601321335        841.3233517202189
20.883225304117467        842.078867904934
20.99806400691359         842.834384089649
21.112902709709722        843.5653927491337
21.22774141250585         844.2964014086185
21.34258011530198         845.0274100681033
21.45741881809811         845.758418727588
21.572257520894237        846.3755226603041
21.687096223690368        846.9926265930202
21.8019349264865          847.6097305257363
21.91677362928263         848.2268344584523
22.03161233207876         848.8330312079706
22.146451034874886        849.4392279574888
22.26128973767101         850.0454247070071
22.37612844046714         850.6516214565254
22.49096714326327         851.1152613737742
22.605805846059404        851.5789012910229
22.720644548855535        852.0425412082717
22.835483251651667        852.5061811255205
22.950321954447794        853.1634501518286
23.06516065724392         853.8207191781366
23.17999936004005         854.4779882044446
23.294838062836178        855.1352572307527
23.409664572706664        855.7608979544522
23.52449108257715         856.3865386781516
23.639317592447636        857.0121794018511
23.754144102318126        857.6378201255505
23.861230475591558        858.0640837219194
23.968316848864987        858.4903473182882
24.07540322213842         858.916610914657
24.182489595411855        859.3428745110258
24.284678395985374        859.6426792154173
24.386867196558892        859.9424839198089
24.489055997132414        860.2422886242005
24.591244797705933        860.542093328592
24.693433598279448        860.7257862847625
24.795622398852966        860.9094792409331
24.89781119942649         861.0931721971037
25                        861.2768651532742
0                         317.0739199320512
0.102620042581092         316.6660654074503
0.205240085162184         316.2582108828494
0.307860127743276         315.8503563582485
0.410480170324368         315.44250183364767
0.51310021290546          314.6774570276353
0.615720255486552         313.91241222162284
0.718340298067644         313.14736741561046
0.820960340648736         312.382322609598
0.9314855402131258        315.4569123829766
1.0420107397775156        318.53150215635515
1.1525359393419055        321.60609192973374
1.2630611389062951        324.6806817031123
1.373586338470685         330.52736714610586
1.4841115380350751        336.3740525890994
1.594636737599465         342.220738032093
1.705161937163855         348.0674234750865
1.8200006399599844        352.8547888684845
1.9348393427561137        357.6421542618825
2.049678045552243         362.4295196552805
2.1645167483483725        367.2168850486785
2.279355451144502         375.1990530416734
2.3941941539406315        383.1812210346683
2.5090328567367615        391.1633890276632
2.623871559532891         399.1455570206581
2.7387102623290205        407.4829629828349
2.85354896512515          415.8203689450117
2.968387667921279         424.15777490718847
3.0832263707174086        432.4951808693653
3.198065073513538         439.0342132459753
3.3129037763096676        445.5732456225853
3.4277424791057967        452.1122779991954
3.542581181901926         458.6513103758054
3.6574198846980557        465.14457868112254
3.772258587494185         471.63784698643974
3.887097290290315         478.1311152917569
4.001935993086445         484.62438359707403
4.116774695882574         488.968630289339
4.231613398678704         493.3128769816039
4.346452101474833         497.6571236738688
4.461290804270963         502.00137036613376
4.576129507067092         506.2575787874081
4.690968209863222         510.5137872086825
4.805806912659351         514.7699956299568
4.920645615455481         519.0262040512313
5.03548431825161          524.3553034675296
5.15032302104774          529.6844028838278
5.265161723843869         535.0135023001261
5.380000426639999         540.3426017164244
5.494839129436129         546.1343123675613
5.60967783223226          551.9260230186981
5.724516535028388         557.717733669835
5.839355237824519         563.5094443209719
5.954193940620647         567.9333242990629
6.069032643416776         572.3572042771539
6.1838713462129045        576.7810842552449
6.298710049009033         581.2049642333359
6.4135487518051635        585.6367045650145
6.528387454601292         590.0684448966932
6.6432261573974225        594.500185228372
6.758064860193553         598.9319255600506
6.872903562989682         603.1741682707234
6.987742265785812         607.4164109813962
7.102580968581942         611.6586536920692
7.217419671378071         615.900896402742
7.3322583741742005        620.3275395154534
7.44709707697033          624.7541826281649
7.5619357797664595        629.1808257408763
7.676774482562589         633.6074688535879
7.7916131853587185        637.7668437000754
7.906451888154846         641.9262185465627
8.021290590950976         646.0855933930502
8.136129293747105         650.2449682395377
8.250967996543235         653.8338721819282
8.365806699339366         657.4227761243187
8.480645402135497         661.0116800667091
8.595484104931627         664.6005840090996
8.710322807727756         668.2251215368482
8.825161510523884         671.8496590645968
8.940000213320012         675.4741965923454
9.05483891611614          679.0987341200939
9.169677618912269         682.2708471018894
9.284516321708399         685.442960083685
9.399355024504528         688.6150730654804
9.514193727300658         691.7871860472759
9.629032430096787         694.1102403877129
9.743871132892917         696.43329472815
9.858709835689046         698.756349068587
9.973548538485177         701.079403409024
10.088387241281305        703.7581613645211
10.203225944077435        706.4369193200181
10.318064646873564        709.115677275515
10.432903349669692        711.7944352310121
10.547742052465821        714.0040562532093
10.662580755261951        716.2136772754068
10.77741945805808         718.423298297604
10.89225816085421         720.6329193198013
11.00709686365034         723.3777095246746
11.121935566446467        726.122499729548
11.236774269242595        728.8672899344214
11.351612972038724        731.6120801392947
11.466451674834854        733.7365300475938
11.581290377630985        735.8609799558926
11.696129080427117        737.9854298641917
11.810967783223246        740.1098797724907
11.925806486019376        741.7909482697671
12.040645188815503        743.4720167670436
12.155483891611633        745.15308526432
12.27032259440776         746.8341537615964
12.38516129720389         748.6620294701735
12.500000000000018        750.4899051787505
12.614838702796145        752.3177808873276
12.729677405592275        754.1456565959046
12.844516108388406        755.7941884472845
12.959354811184536        757.4427202986644
13.074193513980669        759.0912521500443
13.189032216776798        760.7397840014241
13.303870919572928        762.4596356865239
13.418709622369056        764.1794873716237
13.533548325165185        765.8993390567234
13.648387027961313        767.6191907418232
13.763225730757442        769.3249792794813
13.87806443355357         771.0307678171395
13.992903136349698        772.7365563547976
14.107741839145827        774.4423448924557
14.222580541941957        775.7910715724981
14.337419244738086        777.1397982525407
14.452257947534216        778.4885249325832
14.567096650330345        779.8372516126257
14.681935353126475        781.2099984152462
14.796774055922604        782.5827452178669
14.911612758718734        783.9554920204874
15.026451461514862        785.328238823108
15.141290164310991        786.9515936851936
15.256128867107122        788.5749485472794
15.370967569903252        790.198303409365
15.485806272699381        791.8216582714508
15.600644975495511        793.2815889345158
15.71548367829164         794.7415195975807
15.830322381087774        796.2014502606456
15.945161083883903        797.6613809237106
16.05999978668003         798.9379947909028
16.174838489476162        800.2146086580951
16.28967719227229         801.4912225252875
16.40451589506842         802.7678363924798
16.519354597864552        804.0765664320267
16.634193300660684        805.3852964715735
16.74903200345681         806.6940265111203
16.863870706252946        808.0027565506672
16.978709409049074        809.0086849816514
17.093548111845198        810.0146134126355
17.20838681464133         811.0205418436196
17.323225517437457        812.0264702746039
17.438064220233585        813.2330067552845
17.552902923029713        814.4395432359652
17.667741625825844        815.6460797166458
17.782580328621968        816.8526161973264
17.8974190314181          817.5209826330904
18.012257734214227        818.1893490688544
18.12709643701036         818.8577155046186
18.241935139806486        819.5260819403826
18.356773842602617        820.5538310455092
18.471612545398745        821.5815801506359
18.586451248194876        822.6093292557625
18.701289950991008        823.6370783608892
18.816128653787136        824.5813894772907
18.930967356583263        825.5257005936922
19.04580605937939         826.4700117100938
19.160644762175522        827.4143228264953
19.27548346497165         828.163041943149
19.39032216776778         828.9117610598025
19.50516087056391         829.6604801764561
19.61999957336004         830.4091992931096
19.73483827615617         831.0178750970713
19.849676978952303        831.6265509010332
19.96451568174843         832.235226704995
20.079354384544562        832.8439025089567
20.194193087340693        833.3683597416555
20.30903179013682         833.8928169743542
20.423870492932952        834.4172742070529
20.53870919572908         834.9417314397516
20.653547898525208        835.776406680427
20.768386601321335        836.6110819211024
20.883225304117467        837.4457571617777
20.99806400691359         838.2804324024531
21.112902709709722        839.1139180171355
21.22774141250585         839.9474036318178
21.34258011530198         840.7808892465001
21.45741881809811         841.6143748611825
21.572257520894237        842.353319655507
21.687096223690368        843.0922644498315
21.8019349264865          843.8312092441561
21.91677362928263         844.5701540384806
22.03161233207876         845.0777409027424
22.146451034874886        845.5853277670044
22.26128973767101         846.0929146312662
22.37612844046714         846.6005014955281
22.492440530929827        847.1276118592104
22.608752621392515        847.6547222228929
22.725064711855204        848.1818325865754
22.84137680231789         848.7089429502578
22.95768889278058         849.429347825574
23.074000983243277        850.1497527008903
23.190313073705966        850.8701575762066
23.306625164168658        851.5905624515228
23.420947168959877        852.3613443731042
23.5352691737511          853.1321262946856
23.64959117854232         853.9029082162668
23.76391318333354         854.6736901378482
23.87823518812476         855.0981824982518
23.992557192915978        855.5226748586556
24.106879197707194        855.9471672190592
24.221201202498413        856.3716595794629
24.31855105218611         856.6405996885169
24.41590090187381         856.9095397975709
24.51325075156151         857.178479906625
24.610600601249207        857.447420015679
24.707950450936906        857.5987597637462
24.805300300624605        857.7500995118137
24.902650150312304        857.9014392598809
25                        858.0527790079483
0                         317.98298859092193
0.09788827706582007       317.20393925479516
0.19577655413164013       316.4248899186683
0.29366483119746023       315.6458405825415
0.39155310826328027       314.86679124641466
0.5004480206168501        313.90876617230873
0.60934293297042          312.9507410982028
0.7182378453239899        311.99271602409686
0.8271327576775599        311.03469094999093
0.9360276700311296        313.3687009908046
1.0449225823846995        315.70271103161826
1.1538174947382693        318.03672107243193
1.2627124070918392        320.3707311132456
1.3735889346272259        325.3179800557465
1.4844654621626128        330.2652289982474
1.5953419896979997        335.21247794074833
1.7062185172333864        340.1597268832492
1.820793075012133         345.9143293266836
1.9353676327908795        351.66893177011804
2.049942190569626         357.42353421355244
2.1645167483483725        363.17813665698685
2.279355451144502         369.0756289946356
2.3941941539406315        374.9731213322844
2.5090328567367615        380.87061366993316
2.623871559532891         386.76810600758193
2.7387102623290205        394.2934620643989
2.85354896512515          401.81881812121594
2.968387667921279         409.344174178033
3.0832263707174086        416.86953023484995
3.198065073513538         423.22073762431023
3.3129037763096676        429.5719450137705
3.4277424791057967        435.9231524032308
3.542581181901926         442.2743597926911
3.6574198846980557        450.09564296185505
3.772258587494185         457.91692613101895
3.887097290290315         465.7382093001829
4.001935993086445         473.5594924693468
4.116774695882574         479.947263635203
4.231613398678704         486.33503480105924
4.346452101474833         492.7228059669154
4.461290804270963         499.11057713277165
4.576129507067092         504.9823154309687
4.690968209863222         510.8540537291657
4.805806912659351         516.7257920273627
4.920645615455481         522.5975303255597
5.03548431825161          528.3090072260318
5.15032302104774          534.0204841265038
5.265161723843869         539.7319610269758
5.380000426639999         545.4434379274478
5.494839129436129         549.7229900163816
5.60967783223226          554.0025421053153
5.724516535028388         558.282094194249
5.839355237824519         562.5616462831828
5.954193940620647         566.6989372804637
6.069032643416776         570.8362282777446
6.1838713462129045        574.9735192750254
6.298710049009033         579.1108102723064
6.4135487518051635        583.3456016544121
6.528387454601292         587.580393036518
6.6432261573974225        591.8151844186239
6.758064860193553         596.0499758007296
6.872903562989682         600.0214977219067
6.987742265785812         603.9930196430837
7.102580968581942         607.9645415642608
7.217419671378071         611.9360634854378
7.3322583741742005        615.8566430217538
7.44709707697033          619.7772225580699
7.5619357797664595        623.6978020943859
7.676774482562589         627.618381630702
7.7916131853587185        631.6479739641862
7.906451888154846         635.6775662976706
8.021290590950976         639.7071586311549
8.136129293747105         643.7367509646392
8.250967996543235         646.9632041377589
8.365806699339366         650.1896573108786
8.480645402135497         653.4161104839983
8.595484104931627         656.642563657118
8.710322807727756         660.355852516123
8.825161510523884         664.0691413751281
8.940000213320012         667.7824302341332
9.05483891611614          671.4957190931383
9.169677618912269         674.3706772888195
9.284516321708399         677.2456354845006
9.399355024504528         680.1205936801816
9.514193727300658         682.9955518758627
9.629032430096787         685.8449140876187
9.743871132892917         688.6942762993745
9.858709835689046         691.5436385111303
9.973548538485177         694.3930007228862
10.088387241281305        696.6524564035577
10.203225944077435        698.9119120842294
10.318064646873564        701.1713677649009
10.432903349669692        703.4308234455725
10.547742052465821        706.1113638788981
10.662580755261951        708.7919043122238
10.77741945805808         711.4724447455493
10.89225816085421         714.1529851788749
11.00709686365034         716.5023294159748
11.121935566446467        718.8516736530747
11.236774269242595        721.2010178901746
11.351612972038724        723.5503621272745
11.466451674834854        725.7120361604228
11.581290377630985        727.8737101935712
11.696129080427117        730.0353842267195
11.810967783223246        732.1970582598678
11.925806486019376        734.1879755737566
12.040645188815503        736.1788928876454
12.155483891611633        738.169810201534
12.27032259440776         740.1607275154228
12.38516129720389         742.0297163516552
12.500000000000018        743.8987051878877
12.614838702796145        745.7676940241201
12.729677405592275        747.6366828603526
12.844516108388406        749.7895092917524
12.959354811184536        751.9423357231522
13.074193513980669        754.095162154552
13.189032216776798        756.2479885859518
13.303870919572928        758.1095512851848
13.418709622369056        759.971113984418
13.533548325165185        761.8326766836511
13.648387027961313        763.6942393828842
13.763225730757442        765.1437402758218
13.87806443355357         766.5932411687593
13.992903136349698        768.0427420616968
14.107741839145827        769.4922429546343
14.222580541941957        771.1514028249582
14.337419244738086        772.8105626952819
14.452257947534216        774.4697225656057
14.567096650330345        776.1288824359294
14.681935353126475        777.6617343113179
14.796774055922604        779.1945861867064
14.911612758718734        780.7274380620948
15.026451461514862        782.2602899374833
15.141290164310991        783.8381302664551
15.256128867107122        785.4159705954269
15.370967569903252        786.9938109243988
15.485806272699381        788.5716512533705
15.600644975495511        789.7456097538715
15.71548367829164         790.9195682543723
15.830322381087774        792.0935267548732
15.945161083883903        793.267485255374
16.05999978668003         794.3488089944981
16.174838489476162        795.4301327336223
16.28967719227229         796.5114564727464
16.40451589506842         797.5927802118706
16.519354597864552        798.8291457569076
16.634193300660684        800.0655113019444
16.74903200345681         801.3018768469813
16.863870706252946        802.5382423920182
16.978709409049074        803.6008072589516
17.093548111845198        804.6633721258848
17.20838681464133         805.7259369928181
17.323225517437457        806.7885018597515
17.438064220233585        807.7536924571601
17.552902923029713        808.7188830545688
17.667741625825844        809.6840736519775
17.782580328621968        810.6492642493862
17.8974190314181          811.4924602100085
18.012257734214227        812.3356561706308
18.12709643701036         813.1788521312532
18.241935139806486        814.0220480918755
18.356773842602617        814.7842235414353
18.471612545398745        815.5463989909949
18.586451248194876        816.3085744405547
18.701289950991008        817.0707498901145
18.816128653787136        817.8137400207305
18.930967356583263        818.5567301513466
19.04580605937939         819.2997202819627
19.160644762175522        820.0427104125788
19.27548346497165         820.7113622537194
19.39032216776778         821.3800140948599
19.50516087056391         822.0486659360006
19.61999957336004         822.7173177771411
19.73483827615617         823.3656012892172
19.849676978952303        824.0138848012933
19.96451568174843         824.6621683133694
20.079354384544562        825.3104518254455
20.194193087340693        825.9024254198348
20.30903179013682         826.494399014224
20.423870492932952        827.0863726086131
20.53870919572908         827.6783462030024
20.653547898525208        828.2806806679832
20.768386601321335        828.8830151329639
20.883225304117467        829.4853495979447
20.99806400691359         830.0876840629255
21.112902709709722        830.6715754912358
21.22774141250585         831.255466919546
21.34258011530198         831.8393583478562
21.45741881809811         832.4232497761665
21.57258829106124         833.0959052437488
21.687757764024376        833.768560711331
21.80292723698751         834.4412161789134
21.918096709950646        835.1138716464957
22.033266182913778        835.9335839031656
22.148435655876916        836.7532961598356
22.263605128840055        837.5730084165057
22.378774601803187        838.3927206731756
22.494441816242702        838.8732138604083
22.61010903068221         839.3537070476409
22.72577624512172         839.8342002348736
22.841443459561233        840.3146934221062
22.957110674000745        840.7350594236742
23.072777888440253        841.1554254252424
23.18844510287977         841.5757914268104
23.30411231731928         841.9961574283785
23.414551091633626        842.7560512910862
23.524989865947973        843.5159451537938
23.63542864026232         844.2758390165015
23.745867414576665        845.0357328792091
23.853286564174688        845.4105337362996
23.960705713772708        845.7853345933902
24.06812486337073         846.1601354504808
24.17554401296875         846.5349363075712
24.278601011347657        846.7541033734345
24.38165800972656         846.9732704392977
24.484715008105464        847.192437505161
24.58777200648437         847.4116045710242
24.690829004863282        847.5816291605324
24.793886003242186        847.7516537500408
24.896943001621096        847.921678339549
25                        848.0917029290572
