% Model:              Cav_Hex_Unif_flux_v5.2.1 - Lin. Distn.mph
% Version:            COMSOL 5.5.0.359
% Date:               Dec 7 2021, 15:22
% Dimension:          1
% Nodes:              1570
% Expressions:        1
% Description:        Line graph
% x                       Height
0                         317.9865315783896
0.11307048235820616       317.91630161034243
0.22614096471641232       317.84607164229527
0.3392114470746185        317.7758416742481
0.45228192943282464       317.70561170620095
0.5894591511276771        317.1296348999872
0.7266363728225295        316.5536580937734
0.8638135945173819        315.97768128755956
1.0009908162122343        315.4017044813458
1.1381680379070866        314.62571854106824
1.275345259601939         313.8497326007907
1.4125224812967916        313.0737466605131
1.549699702991644         312.29776072023554
1.7389086673024585        313.31284124703365
1.9281176316132733        314.32792177383175
2.117326595924088         315.34300230062985
2.3065355602349027        316.35808282742795
2.499222302267411         319.8623922623781
2.6919090442999196        323.3667016973282
2.884595786332428         326.87101113227834
3.077282528364937         330.37532056722847
3.269969270397446         333.53339820244423
3.4626560124299552        336.69147583766005
3.6553427544624646        339.84955347287587
3.8480294964949735        343.00763110809163
4.040753179941808         350.07752673025044
4.23347686338864          357.1474223524092
4.4262005468354735        364.217317974568
4.618924230282307         371.28721359672676
4.811647913729141         377.9196956067061
5.004371597175974         384.5521776166855
5.197095280622809         391.18465962666494
5.389818964069642         397.81714163664435
5.582542647516475         404.24243915575346
5.77526633096331          410.6677366748627
5.967990014410143         417.0930341939718
6.160713697856977         423.51833171308095
6.35343738130381          427.6051824685808
6.546161064750644         431.69203322408055
6.738884748197479         435.7788839795803
6.931608431644312         439.8657347350801
7.124332115091145         446.2827005805911
7.31705579853798          452.699666426102
7.509779481984814         459.116632271613
7.702503165431647         465.533598117124
7.89522684887848          469.92894223860003
8.087950532325314         474.32428636007614
8.280674215772148         478.71963048155226
8.47339789921898          483.1149746030283
8.666121582665813         487.00621450084316
8.858845266112649         490.89745439865794
9.051568949559483         494.7886942964727
9.244292633006316         498.6799341942875
9.437016316453148         503.9030242822551
9.62973999989998          509.12611437022264
9.822463683346813         514.3492044581902
10.015187366793645        519.5722945461578
10.207911050240478        524.3120101420327
10.400634733687314        529.0517257379076
10.593358417134148        533.7914413337825
10.78608210058098         538.5311569296574
10.978805784027815        542.9382695544701
11.171529467474649        547.3453821792828
11.364253150921481        551.7524948040955
11.556976834368315        556.1596074289082
11.74970051781515         559.6453907192118
11.942424201261984        563.1311740095155
12.135147884708818        566.6169572998191
12.327871568155654        570.1027405901227
12.520595251602488        573.7688086722228
12.71331893504932         577.434876754323
12.906042618496153        581.1009448364232
13.098766301942987        584.7670129185233
13.291489985389822        588.3971186942588
13.484213668836656        592.0272244699943
13.67693735228349         595.6573302457298
13.869661035730324        599.2874360214653
14.062384719177158        603.0313223669641
14.255108402623993        606.7752087124629
14.447832086070825        610.5190950579617
14.640555769517658        614.2629814034606
14.83327945296449         617.3816585876983
15.026003136411324        620.5003357719361
15.218726819858158        623.619012956174
15.411450503304991        626.7376901404117
15.604174186751827        629.5211988521042
15.796897870198661        632.3047075637969
15.989621553645494        635.0882162754895
16.182345237092328        637.8717249871821
16.37506892053916         640.8216515967247
16.567792603985996        643.7715782062672
16.76051628743283         646.7215048158098
16.95323997087966         649.6714314253524
17.145963654326493        653.0928872649685
17.33868733777333         656.5143431045844
17.531411021220162        659.9357989442005
17.724134704666994        663.3572547838165
17.916858388113827        665.349374543084
18.10958207156066         667.3414943023514
18.302305755007495        669.3336140616188
18.495029438454328        671.3257338208863
18.687753121901164        673.6301875940267
18.880476805347996        675.9346413671672
19.07320048879483         678.2390951403077
19.265924172241665        680.543548913448
19.458647855688497        683.0646259186869
19.65137153913533         685.5857029239259
19.844095222582162        688.1067799291648
20.036818906028998        690.6278569344037
20.22954258947583         692.49549208954
20.422266272922666        694.3631272446764
20.6149899563695          696.2307623998128
20.80771363981633         698.0983975549491
21.000437323263167        700.3708692027008
21.193161006710003        702.6433408504524
21.385884690156836        704.915812498204
21.57860837360367         707.1882841459557
21.771332057050504        708.6159767077811
21.96405574049734         710.0436692696064
22.156779423944176        711.4713618314318
22.34950310739101         712.8990543932571
22.542226790837837        714.8316402214718
22.734950474284666        716.7642260496865
22.927674157731495        718.6968118779012
23.120397841178328        720.6293977061159
23.313121524625164        722.2514829256543
23.505845208071996        723.8735681451926
23.698568891518832        725.4956533647311
23.891292574965668        727.1177385842694
24.0840162584125          728.7692625490491
24.276739941859333        730.4207865138288
24.46946362530617         732.0723104786085
24.662187308753           733.7238344433882
24.854910992199834        735.2187492590842
25.047634675646666        736.7136640747801
25.2403583590935          738.2085788904761
25.43308204254033         739.7034937061721
25.625805725987167        741.3608841593672
25.818529409434003        743.0182746125622
26.01125309288084         744.6756650657572
26.203976776327675        746.3330555189523
26.39670045977451         747.8537308652412
26.589424143221343        749.3744062115302
26.782147826668176        750.8950815578191
26.974871510115012        752.4157569041081
27.16759519356184         753.7804086171847
27.360318877008677        755.1450603302612
27.55304256045551         756.5097120433377
27.745766243902338        757.8743637564143
27.938489927349174        759.0825008290467
28.131213610796006        760.2906379016792
28.32393729424284         761.4987749743118
28.516660977689675        762.7069120469444
28.709384661136507        763.7206829550714
28.90210834458334         764.7344538631983
29.094832028030172        765.7482247713253
29.287555711477005        766.7619956794523
29.48027939492384         767.6402518319078
29.673003078370673        768.5185079843634
29.865726761817513        769.396764136819
30.058450445264345        770.2750202892745
30.25117412871118         771.3011789226329
30.443897812158013        772.3273375559911
30.636621495604846        773.3534961893495
30.829345179051675        774.3796548227077
31.02206886249851         775.3279646394033
31.214792545945343        776.2762744560989
31.407516229392176        777.2245842727946
31.600239912839008        778.1728940894902
31.79296359628584         779.1240179705636
31.985687279732673        780.075141851637
32.17841096317951         781.0262657327103
32.37113464662634         781.9773896137837
32.56385833007318         782.586053977745
32.75658201352001         783.1947183417064
32.949305696966846        783.8033827056678
33.142029380413675        784.4120470696291
33.33475306386051         785.2564487216159
33.52747674730735         786.1008503736027
33.72020043075419         786.9452520255894
33.91292411420102         787.7896536775762
34.105647797647855        788.7406699013994
34.298371481094684        789.6916861252225
34.49109516454153         790.6427023490457
34.683818847988356        791.5937185728689
34.87654253143519         792.225991920406
35.06926621488201         792.8582652679434
35.26198989832885         793.4905386154805
35.454713581775685        794.1228119630179
35.647437265222514        794.8335450586917
35.84016094866935         795.5442781543654
36.032884632116186        796.2550112500392
36.22560831556302         796.9657443457129
36.41833199900986         797.520946852287
36.611055682456694        798.0761493588609
36.80377936590352         798.631351865435
36.99650304935036         799.186554372009
37.18922673279719         799.8922595890109
37.381950416244024        800.5979648060128
37.57467409969085         801.3036700230147
37.76739778313769         802.0093752400165
37.96012146658452         802.6680236747743
38.152845150031354        803.3266721095322
38.34556883347818         803.9853205442901
38.53829251692502         804.6439689790479
38.731016200371855        805.2711693431221
38.92373988381869         805.8983697071961
39.116463567265534        806.5255700712703
39.30918725071236         807.1527704353443
39.5019109341592          807.4994358053893
39.694634617606035        807.8461011754343
39.88735830105288         808.1927665454792
40.08008198449971         808.5394319155242
40.27280566794654         808.9578235772252
40.46552935139337         809.3762152389263
40.65825303484021         809.7946069006273
40.850976718287036        810.2129985623284
41.04370040173388         810.6358499378422
41.236424085180715        811.0587013133559
41.42914776862755         811.4815526888697
41.62187145207439         811.9044040643834
41.81459513552122         812.203329443603
42.007318818968045        812.5022548228226
42.200042502414874        812.8011802020422
42.3927661858617          813.1001055812619
42.58548986930853         813.6484127108608
42.77821355275537         814.1967198404599
42.970937236202204        814.7450269700589
43.16366091964903         815.2933340996578
43.35638460309587         815.8347637295785
43.5491082865427          816.3761933594993
43.741831969989526        816.9176229894201
43.93455565343637         817.4590526193408
44.1272793368832          817.843577632045
44.32000302033004         818.228102644749
44.51272670377687         818.6126276574531
44.705450387223706        818.9971526701572
44.89817407067054         819.3823484653864
45.090897754117385        819.7675442606155
45.283621437564214        820.1527400558448
45.47634512101106         820.5379358510739
45.669068804457886        820.832877594609
45.86179248790473         821.1278193381443
46.05451617135156         821.4227610816795
46.247239854798394        821.7177028252146
46.43996353824523         822.0343835576273
46.63268722169206         822.3510642900399
46.82541090513889         822.6677450224526
47.01813458858572         822.9844257548652
47.21081480320881         823.2854587514613
47.403495017831915        823.5864917480574
47.59617523245501         823.8875247446535
47.788855447078106        824.1885577412496
47.97414686196107         824.5437784495341
48.15943827684402         824.8989991578185
48.34472969172698         825.254219866103
48.53002110660994         825.6094405743875
48.7153125214929          825.8702365273879
48.90060393637585         826.1310324803883
49.08589535125882         826.3918284333887
49.271186766141774        826.6526243863891
49.45339007460633         826.746940624163
49.63559338307088         826.8412568619369
49.81779669153545         826.9355730997108
50                        827.0298893374847
0                         317.8356029398999
0.18256079141593237       317.47163891328
0.36512158283186474       317.1076748866601
0.5476823742477971        316.7437108600402
0.7302431656637295        316.3797468334203
0.9128039570796617        315.5151576861863
1.0953647484955937        314.65056853895226
1.2779255399115261        313.7859793917182
1.4604863313274583        312.92139024448414
1.6489779078913018        313.2529973880307
1.8374694844551454        313.58460453157727
2.025961061018989         313.9162116751238
2.2144526375828324        314.2478188186704
2.4029442141466757        318.47008031749004
2.591435790710519         322.69234181630964
2.7799273672743627        326.9146033151293
2.968418943838206         331.1368648139489
3.161578387167666         335.36952727670575
3.354737830497126         339.6021897394626
3.5478972738265853        343.83485220221945
3.7410567171560456        348.06751466497633
3.934494680879119         351.2900044555767
4.127932644602192         354.5124942461771
4.321370608325265         357.7349840367775
4.514808572048338         360.9574738273779
4.708246535771411         366.27019057557
4.9016844994944835        371.5829073237621
5.095122463217556         376.89562407195416
5.288560426940629         382.20834082014625
5.482103983470508         386.4202804946306
5.675647540000388         390.632220169115
5.869191096530267         394.84415984359936
6.062734653060147         399.0560995180837
6.255972054559533         406.2601745943691
6.449209456058919         413.46424967065457
6.642446857558306         420.66832474694
6.835684259057691         427.8723998232254
7.028921660557077         432.90871031107963
7.2221590620564635        437.94502079893385
7.415396463555849         442.9813312867881
7.608633865055236         448.0176417746423
7.801871266554622         452.841612871479
7.995108668054009         457.6655839683157
8.188346069553393         462.48955506515233
8.38158347105278          467.31352616198905
8.574820872552166         471.74770057499416
8.768058274051551         476.1818749879993
8.961295675550938         480.6160494010045
9.154533077050324         485.0502238140096
9.34777047854971          491.54468617211205
9.541007880049097         498.0391485302145
9.734245281548484         504.53361088831696
9.92748268304787          511.0280732464194
10.120720084547258        515.5439160321777
10.313957486046645        520.0597588179359
10.507194887546031        524.575601603694
10.700432289045418        529.0914443894522
10.893669690544803        532.8158768973598
11.086907092044187        536.5403094052672
11.280144493543572        540.2647419131747
11.473381895042959        543.9891744210822
11.666619296542345        548.6453607372896
11.859856698041732        553.301547053497
12.053094099541118        557.9577333697044
12.246331501040505        562.6139196859118
12.439568902539891        567.43909818317
12.63280630403928         572.2642766804282
12.826043705538666        577.0894551776864
13.019281107038053        581.9146336749446
13.212518508537439        586.6828030601657
13.405755910036826        591.4509724453867
13.598993311536214        596.2191418306077
13.7922307130356          600.9873112158288
13.985468114534987        606.0204092398126
14.178705516034372        611.0535072637965
14.371942917533755        616.0866052877803
14.565180319033141        621.1197033117642
14.758417720532528        624.3752826724233
14.951655122031916        627.6308620330824
15.144892523531302        630.8864413937414
15.33812992503069         634.1420207544005
15.531367326530075        637.0539383103587
15.72460472802946         639.9658558663168
15.917842129528847        642.877773422275
16.11107953102823         645.7896909782332
16.304316932527616        648.4866259144335
16.497554334027004        651.1835608506339
16.690791735526393        653.8804957868342
16.884029137025777        656.5774307230345
17.077266538525166        659.8083988190546
17.270503940024554        663.0393669150747
17.463741341523942        666.2703350110949
17.65697874302333         669.501303107115
17.850216144522715        672.589631190645
18.0434535460221          675.677959274175
18.236690947521485        678.7662873577051
18.42992834902087         681.8546154412351
18.623165750520254        684.324198878583
18.816403152019642        686.7937823159311
19.009640553519027        689.2633657532792
19.202877955018412        691.7329491906273
19.3961153565178          693.9790118580324
19.589352758017185        696.2250745254377
19.78259015951657         698.4711371928429
19.975827561015958        700.717199860248
20.169064962515346        703.3566141716161
20.362302364014734        705.9960284829842
20.55553976551412         708.6354427943523
20.748777167013507        711.2748571057205
20.942014568512892        713.418898331939
21.13525197001228         715.5629395581575
21.32848937151167         717.7069807843759
21.521726773011054        719.8510220105944
21.714964174510442        721.4861541044389
21.908201576009827        723.1212861982835
22.101438977509215        724.756418292128
22.294676379008603        726.3915503859727
22.487913780507988        728.3118676428475
22.681151182007373        730.2321848997221
22.874388583506757        732.1525021565969
23.067625985006142        734.0728194134717
23.26086338650553         736.3334540254698
23.454100788004915        738.5940886374678
23.6473381895043          740.8547232494658
23.840575591003688        743.1153578614638
24.033812992503073        745.0408506471628
24.22705039400246         746.9663434328618
24.420287795501846        748.8918362185607
24.61352519700123         750.8173290042597
24.80676259850062         752.2207715188016
25.000000000000004        753.6242140333435
25.193237401499392        755.0276565478854
25.386474802998777        756.4310990624273
25.57971220449816         758.0632773173152
25.772949605997546        759.695455572203
25.966187007496927        761.3276338270907
26.159424408996312        762.9598120819786
26.3526618104957          764.5691436511881
26.54589921199509         766.1784752203978
26.739136613494477        767.7878067896074
26.932374014993865        769.3971383588171
27.12561141649325         770.7787692844756
27.318848817992638        772.1604002101341
27.512086219492023        773.5420311357925
27.705323620991408        774.9236620614511
27.898561022490796        776.1949870919171
28.09179842399018         777.4663121223832
28.285035825489565        778.7376371528493
28.478273226988954        780.0089621833154
28.671510628488342        781.1283723046095
28.864748029987727        782.2477824259034
29.05798543148711         783.3671925471974
29.2512228329865          784.4866026684915
29.444460234485884        785.3770094709928
29.63769763598527         786.267416273494
29.830935037484657        787.1578230759951
30.024172438984042        788.0482298784964
30.21740984048343         789.1416435230271
30.41064724198282         790.2350571675578
30.603884643482207        791.3284708120884
30.797122044981595        792.4218844566192
30.99035944648098         793.6554536441676
31.18359684798037         794.889022831716
31.37683424947975         796.1225920192644
31.570071650979138        797.3561612068129
31.763309052478526        798.749217719214
31.956546453977914        800.1422742316151
32.149783855477295        801.5353307440164
32.343021256976684        802.9283872564175
32.536258658476065        803.8975077763998
32.72949605997545         804.8666282963823
32.92273346147484         805.8357488163646
33.11597086297422         806.8048693363469
33.30920826447361         807.7788699963
33.50244566597299         808.7528706562533
33.69568306747237         809.7268713162066
33.88892046897176         810.7008719761598
34.08215787047115         811.5987694659449
34.275395271970545        812.49666695573
34.46863267346993         813.3945644455152
34.66187007496932         814.2924619353004
34.85510747646871         814.9448199526975
35.0483448779681          815.5971779700944
35.24158227946748         816.2495359874915
35.43481968096687         816.9018940048885
35.62805708246625         817.5832580342467
35.82129448396564         818.264622063605
36.014531885465026        818.9459860929632
36.20776928696441         819.6273501223213
36.401006688463795        820.2515657604803
36.594244089963176        820.8757813986392
36.78748149146256         821.499997036798
36.980718892961946        822.124212674957
37.173956294461334        822.979380022846
37.36719369596073         823.834547370735
37.56043109746012         824.689714718624
37.753668498959506        825.5448820665131
37.94690590045889         826.068719312152
38.14014330195827         826.5925565577909
38.33338070345766         827.1163938034299
38.52661810495704         827.6402310490688
38.719855506456426        828.2277819277118
38.91309290795581         828.815332806355
39.106330309455196        829.402883684998
39.299567710954584        829.9904345636411
39.49280511245397         830.4517162596644
39.68604251395335         830.9129979556877
39.87927991545274         831.374279651711
40.07251731695212         831.8355613477344
40.265754718451504        832.4767462055918
40.45899211995089         833.1179310634491
40.65222952145028         833.7591159213065
40.84546692294966         834.4003007791639
41.03870432444906         834.8883911655943
41.231941725948445        835.3764815520246
41.425179127447834        835.864571938455
41.61841652894722         836.3526623248854
41.81165393044661         836.8030095095412
42.004891331946           837.2533566941971
42.19812873344539         837.703703878853
42.39136613494477         838.1540510635089
42.58460353644415         838.6587807274844
42.77784093794353         839.16351039146
42.97107833944291         839.6682400554355
43.16431574094229         840.1729697194111
43.35755314244168         840.650096190292
43.55079054394106         841.1272226611727
43.74402794544044         841.6043491320536
43.93726534693983         842.0814756029345
44.13050274843922         842.4063814395793
44.32374014993861         842.7312872762241
44.516977551437996        843.0561931128688
44.710214952937385        843.3810989495136
44.90345235443677         843.7188807848603
45.09668975593616         844.056662620207
45.28992715743555         844.3944444555538
45.48316455893494         844.7322262909005
45.67640196043432         845.1715174741338
45.86963936193371         845.6108086573672
46.0628767634331          846.0500998406005
46.256114164932484        846.489391023834
46.44935156643187         846.8643438154165
46.64258896793125         847.239296606999
46.835826369430634        847.6142493985815
47.02906377093002         847.989202190164
47.22229694262027         848.3425904562254
47.41553011431051         848.6959787222869
47.60876328600077         849.0493669883483
47.80199645769102         849.4027552544098
47.98743485809022         849.7220814141057
48.17287325848942         850.0414075738015
48.35831165888861         850.3607337334975
48.54375005928782         850.6800598931933
48.725781301876836        850.8743678389376
48.90781254446586         851.0686757846819
49.08984378705489         851.2629837304262
49.271875029643915        851.4572916761705
49.453906272232935        851.7035504931634
49.635937514821954        851.9498093101563
49.81796875741099         852.1960681271491
50                        852.4423269441421
0                         317.87413296533236
0.1833023320968654        317.54742240792183
0.3666046641937308        317.2207118505113
0.5499069962905961        316.8940012931007
0.7332093283874616        316.56729073569016
0.9165116604843269        315.3567695252687
1.0998139925811925        314.14624831484724
1.283116324678058         312.9357271044258
1.4664186567749233        311.7252058940043
1.6550408769877154        312.76552293998225
1.843663097200508         313.80583998596023
2.0322853174133004        314.8461570319382
2.220907537626093         315.8864740779162
2.409529757838885         318.35262242817765
2.598151978051678         320.8187707784391
2.78677419826447          323.28491912870055
2.9753964184772626        325.751067478962
3.168067437298136         329.7003500632822
3.3607384561190092        333.6496326476024
3.553409474939882         337.59891523192255
3.746080493760756         341.54819781624275
3.938891156069789         345.0200552700576
4.131701818378823         348.4919127238724
4.324512480687856         351.96377017768725
4.517323142996889         355.4356276315021
4.710484341069426         360.47017451503143
4.903645539141964         365.5047213985607
5.096806737214501         370.53926828209006
5.289967935287039         375.5738151656194
5.483129133359575         380.585059069862
5.676290331432113         385.59630297410456
5.869451529504649         390.6075468783471
6.062612727577187         395.61879078258966
6.255865369761942         401.29524934417543
6.449118011946699         406.97170790576115
6.642370654131455         412.6481664673469
6.835623296316211         418.3246250289327
7.028875938500968         425.36080268378106
7.222128580685723         432.39698033862936
7.415381222870479         439.4331579934777
7.608633865055236         446.469335648326
7.801871266554622         451.54411662575933
7.995108668054009         456.61889760319264
8.188346069553393         461.693678580626
8.38158347105278          466.7684595580593
8.574820872552166         470.77039452316967
8.768058274051551         474.77232948828
8.961295675550938         478.7742644533903
9.154533077050324         482.7761994185006
9.34777047854971          487.7526315606985
9.541007880049097         492.72906370289644
9.734245281548484         497.70549584509433
9.92748268304787          502.6819279872923
10.120720084547258        507.55441562966007
10.313957486046645        512.4269032720279
10.507194887546031        517.2993909143958
10.700432289045418        522.1718785567635
10.893669690544803        526.7223368492
11.086907092044187        531.2727951416365
11.280144493543572        535.823253434073
11.473381895042959        540.3737117265094
11.666619296542345        544.0825825931424
11.859856698041732        547.7914534597755
12.053094099541118        551.5003243264086
12.246331501040505        555.2091951930418
12.439568902539891        558.7444862679522
12.63280630403928         562.2797773428626
12.826043705538666        565.8150684177732
13.019281107038053        569.3503594926837
13.212518508537439        573.742530036887
13.405755910036826        578.1347005810906
13.598993311536214        582.5268711252941
13.7922307130356          586.9190416694976
13.985468114534987        591.1155101367601
14.178705516034372        595.3119786040227
14.371942917533755        599.5084470712851
14.565180319033141        603.7049155385477
14.758417720532528        607.1759707116148
14.951655122031916        610.6470258846819
15.144892523531302        614.1180810577489
15.33812992503069         617.589136230816
15.531367326530075        620.6958593002369
15.72460472802946         623.8025823696578
15.917842129528847        626.9093054390787
16.11107953102823         630.0160285084995
16.304316932527616        633.6945491394113
16.497554334027004        637.3730697703231
16.690791735526393        641.0515904012349
16.884029137025777        644.7301110321466
17.077266538525166        647.2689719810818
17.270503940024554        649.807832930017
17.463741341523942        652.346693878952
17.65697874302333         654.8855548278872
17.850216144522715        657.5262618596183
18.0434535460221          660.1669688913495
18.236690947521485        662.8076759230806
18.42992834902087         665.4483829548118
18.623165750520254        667.7335128479239
18.816403152019642        670.0186427410358
19.009640553519027        672.3037726341479
19.202877955018412        674.5889025272598
19.3961153565178          677.4357190851348
19.589352758017185        680.2825356430099
19.78259015951657         683.1293522008848
19.975827561015958        685.9761687587597
20.169064962515346        688.1227871398775
20.362302364014734        690.2694055209952
20.55553976551412         692.4160239021129
20.748777167013507        694.5626422832306
20.942014568512892        696.775477257261
21.13525197001228         698.9883122312912
21.32848937151167         701.2011472053214
21.521726773011054        703.4139821793517
21.714964174510442        705.988662725499
21.908201576009827        708.5633432716461
22.101438977509215        711.1380238177934
22.294676379008603        713.7127043639406
22.487913780507988        716.2261374753957
22.681151182007373        718.739570586851
22.874388583506757        721.2530036983062
23.067625985006142        723.7664368097613
23.26086338650553         725.8750196772576
23.454100788004915        727.9836025447539
23.6473381895043          730.0921854122502
23.840575591003688        732.2007682797464
24.033812992503073        734.2247474945906
24.22705039400246         736.2487267094349
24.420287795501846        738.2727059242791
24.61352519700123         740.2966851391234
24.80676259850062         742.3045979933936
25.000000000000004        744.3125108476638
25.193237401499392        746.320423701934
25.386474802998777        748.3283365562042
25.57971220449816         749.4788490339122
25.772949605997546        750.6293615116201
25.966187007496927        751.7798739893279
26.159424408996312        752.9303864670359
26.3526618104957          754.4814352973937
26.54589921199509         756.0324841277514
26.739136613494477        757.5835329581092
26.932374014993865        759.134581788467
27.12561141649325         760.912705976919
27.318848817992638        762.690830165371
27.512086219492023        764.468954353823
27.705323620991408        766.2470785422751
27.898561022490796        767.6879335999063
28.09179842399018         769.1287886575376
28.285035825489565        770.5696437151689
28.478273226988954        772.0104987728001
28.671510628488342        773.4724571152414
28.864748029987727        774.9344154576826
29.05798543148711         776.3963738001238
29.2512228329865          777.858332142565
29.444460234485884        779.3711699353065
29.63769763598527         780.8840077280479
29.830935037484657        782.3968455207894
30.024172438984042        783.9096833135309
30.21740984048343         785.502688645194
30.41064724198282         787.0956939768571
30.603884643482207        788.6886993085202
30.797122044981595        790.2817046401833
30.99035944648098         791.8464429713927
31.18359684798037         793.4111813026019
31.37683424947975         794.9759196338111
31.570071650979138        796.5406579650205
31.763309052478526        797.7793417715725
31.956546453977914        799.0180255781246
32.149783855477295        800.2567093846767
32.343021256976684        801.4953931912287
32.536258658476065        802.8477448575908
32.72949605997545         804.2000965239529
32.92273346147484         805.552448190315
33.11597086297422         806.9047998566771
33.30920826447361         807.743689312143
33.50244566597299         808.582578767609
33.69568306747237         809.421468223075
33.88892046897176         810.2603576785409
34.08215787047115         810.8720143067713
34.275395271970545        811.4836709350018
34.46863267346993         812.0953275632321
34.66187007496932         812.7069841914625
34.85510747646871         813.8385696551927
35.0483448779681          814.970155118923
35.24158227946748         816.1017405826532
35.43481968096687         817.2333260463834
35.62805708246625         818.4931196045137
35.82129448396564         819.7529131626441
36.014531885465026        821.0127067207744
36.20776928696441         822.2725002789048
36.401006688463795        822.9856399065714
36.594244089963176        823.6987795342379
36.78748149146256         824.4119191619045
36.980718892961946        825.1250587895711
37.173956294461334        825.5703696626355
37.36719369596073         826.0156805356999
37.56043109746012         826.4609914087644
37.753668498959506        826.9063022818287
37.94690590045889         827.4216583398772
38.14014330195827         827.9370143979256
38.33338070345766         828.4523704559741
38.52661810495704         828.9677265140226
38.719855506456426        829.8305740533599
38.91309290795581         830.6934215926973
39.106330309455196        831.5562691320347
39.299567710954584        832.419116671372
39.49280511245397         833.1040375576401
39.68604251395335         833.7889584439082
39.87927991545274         834.4738793301763
40.07251731695212         835.1588002164444
40.265754718451504        835.8118880258257
40.45899211995089         836.464975835207
40.65222952145028         837.1180636445883
40.84546692294966         837.7711514539697
41.03870432444906         838.5152032844046
41.231941725948445        839.2592551148397
41.425179127447834        840.0033069452747
41.61841652894722         840.7473587757097
41.81165393044661         841.3283733657541
42.004891331946           841.9093879557984
42.19812873344539         842.4904025458428
42.39136613494477         843.0714171358871
42.58460353644415         843.6048532118427
42.77784093794353         844.1382892877983
42.97107833944291         844.6717253637539
43.16431574094229         845.2051614397095
43.35755314244168         845.7113949515755
43.55079054394106         846.2176284634414
43.74402794544044         846.7238619753074
43.93726534693983         847.2300954871733
44.13050274843922         847.6940646763666
44.32374014993861         848.1580338655598
44.516977551437996        848.622003054753
44.710214952937385        849.0859722439462
44.90345235443677         849.6345409556453
45.09668975593616         850.1831096673445
45.28992715743555         850.7316783790436
45.48316455893494         851.2802470907427
45.67640196043432         851.7166807308947
45.86963936193371         852.1531143710469
46.0628767634331          852.589548011199
46.256114164932484        853.025981651351
46.44935156643187         853.4237541312209
46.64258896793125         853.8215266110906
46.835826369430634        854.2192990909605
47.02906377093002         854.6170715708303
47.218401586566856        855.1381285508378
47.40773940220368         855.6591855308452
47.597077217840514        856.1802425108527
47.78641503347735         856.7012994908603
47.97209753299816         857.0353571653853
48.157780032518986        857.3694148399103
48.34346253203981         857.7034725144354
48.52914503156063         858.0375301889603
48.714827531081454        858.3275794712133
48.90051003060227         858.6176287534664
49.08619253012309         858.9076780357195
49.271875029643915        859.1977273179725
49.453906272232935        859.4781984367261
49.635937514821954        859.7586695554796
49.81796875741099         860.0391406742333
50                        860.3196117929868
0                         317.9776260563852
0.17597679870207916       317.7950968998111
0.3519535974041583        317.612567743237
0.5279303961062375        317.4300385866629
0.7039071948083166        317.24750943008877
0.8887082804329356        316.30789768675334
1.0735093660575545        315.36828594341796
1.2583104516821733        314.4286742000825
1.4431115373067924        313.4890624567471
1.6341514309827492        314.34524650264643
1.8251913246587061        315.2014305485458
2.016231218334663         316.05761459444506
2.20727111201062          316.9137986403444
2.398311005686576         320.30756750839777
2.5893508993625334        323.7013363764511
2.7803907930384906        327.09510524450445
2.9714306867144473        330.4888741125578
3.1646062810082736        334.90864325942476
3.357781875302099         339.3284124062917
3.550957469595925         343.74818155315864
3.744133063889751         348.1679507000256
3.937308658183577         351.83394355960706
4.130484252477403         355.49993641918854
4.323659846771229         359.16592927877
4.516835441065055         362.8319221383515
4.710072842564441         366.6131039157363
4.903310244063827         370.3942856931211
5.096547645563214         374.17546747050585
5.289785047062599         377.95664924789065
5.483022448561987         384.00087894949706
5.676259850061373         390.04510865110353
5.86949725156076          396.08933835270994
6.062734653060147         402.13356805431636
6.255972054559533         407.87756673592276
6.449209456058919         413.6215654175291
6.642446857558306         419.36556409913544
6.835684259057691         425.10956278074184
7.028921660557077         429.473932271536
7.2221590620564635        433.83830176233016
7.415396463555849         438.2026712531243
7.608633865055236         442.5670407439185
7.801871266554622         447.6546090685046
7.995108668054009         452.7421773930906
8.188346069553393         457.82974571767676
8.38158347105278          462.91731404226283
8.574820872552166         467.31871496903295
8.768058274051551         471.7201158958031
8.961295675550938         476.1215168225732
9.154533077050324         480.5229177493433
9.34777047854971          485.41431340489567
9.541007880049097         490.30570906044807
9.734245281548484         495.1971047160004
9.92748268304787          500.08850037155275
10.120720084547258        503.71297976181415
10.313957486046645        507.33745915207555
10.507194887546031        510.96193854233695
10.700432289045418        514.5864179325984
10.893669690544803        518.9388325639699
11.086907092044187        523.2912471953414
11.280144493543572        527.6436618267128
11.473381895042959        531.9960764580843
11.666619296542345        534.966812267413
11.859856698041732        537.9375480767418
12.053094099541118        540.9082838860705
12.246331501040505        543.8790196953993
12.439568902539891        546.6907526250377
12.63280630403928         549.502485554676
12.826043705538666        552.3142184843144
13.019281107038053        555.1259514139529
13.212518508537439        558.4783410723777
13.405755910036826        561.8307307308025
13.598993311536214        565.1831203892273
13.7922307130356          568.5355100476521
13.985468114534987        572.8012916521784
14.178705516034372        577.0670732567048
14.371942917533755        581.3328548612312
14.565180319033141        585.5986364657576
14.758417720532528        590.3866913048114
14.951655122031916        595.1747461438651
15.144892523531302        599.962800982919
15.33812992503069         604.7508558219728
15.531367326530075        608.0483292261724
15.72460472802946         611.345802630372
15.917842129528847        614.6432760345716
16.11107953102823         617.9407494387713
16.304316932527616        621.6340080155586
16.497554334027004        625.327266592346
16.690791735526393        629.0205251691334
16.884029137025777        632.7137837459208
17.077266538525166        634.9533925927585
17.270503940024554        637.1930014395964
17.463741341523942        639.4326102864343
17.65697874302333         641.672219133272
17.850216144522715        644.151337512263
18.0434535460221          646.6304558912539
18.236690947521485        649.1095742702448
18.42992834902087         651.5886926492357
18.623165750520254        653.8718184387487
18.816403152019642        656.1549442282619
19.009640553519027        658.4380700177751
19.202877955018412        660.7211958072882
19.3961153565178          663.1431832629108
19.589352758017185        665.5651707185334
19.78259015951657         667.9871581741561
19.975827561015958        670.4091456297787
20.169064962515346        672.837525260038
20.362302364014734        675.2659048902974
20.55553976551412         677.6942845205567
20.748777167013507        680.122664150816
20.942014568512892        682.2403032743453
21.13525197001228         684.3579423978744
21.32848937151167         686.4755815214035
21.521726773011054        688.5932206449327
21.714964174510442        690.7257358099982
21.908201576009827        692.8582509750638
22.101438977509215        694.9907661401294
22.294676379008603        697.123281305195
22.487913780507988        699.295163369268
22.681151182007373        701.467045433341
22.874388583506757        703.638927497414
23.067625985006142        705.8108095614871
23.26086338650553         707.20867948433
23.454100788004915        708.6065494071729
23.6473381895043          710.0044193300159
23.840575591003688        711.4022892528588
24.033812992503073        713.9591658004002
24.22705039400246         716.5160423479416
24.420287795501846        719.072918895483
24.61352519700123         721.6297954430244
24.80676259850062         723.8215715750318
25.000000000000004        726.0133477070392
25.193237401499392        728.2051238390467
25.386474802998777        730.3968999710542
25.57971220449816         732.5328617283002
25.772949605997546        734.6688234855462
25.966187007496927        736.8047852427921
26.159424408996312        738.9407470000382
26.3526618104957          740.5180650866149
26.54589921199509         742.0953831731917
26.739136613494477        743.6727012597685
26.932374014993865        745.2500193463453
27.12561141649325         747.0841568926239
27.318848817992638        748.9182944389024
27.512086219492023        750.7524319851809
27.705323620991408        752.5865695314594
27.898561022490796        754.0823715125683
28.09179842399018         755.5781734936775
28.285035825489565        757.0739754747864
28.478273226988954        758.5697774558954
28.671510628488342        759.6079326840991
28.864748029987727        760.6460879123027
29.05798543148711         761.6842431405064
29.2512228329865          762.7223983687101
29.444460234485884        764.172112070632
29.63769763598527         765.6218257725538
29.830935037484657        767.0715394744758
30.024172438984042        768.5212531763977
30.21740984048343         769.8218197669503
30.41064724198282         771.1223863575028
30.603884643482207        772.4229529480555
30.797122044981595        773.723519538608
30.99035944648098         775.3237782594515
31.18359684798037         776.9240369802949
31.37683424947975         778.5242957011383
31.570071650979138        780.1245544219817
31.763309052478526        781.8316642932103
31.956546453977914        783.5387741644391
32.149783855477295        785.2458840356678
32.343021256976684        786.9529939068966
32.536258658476065        788.126085443547
32.72949605997545         789.2991769801976
32.92273346147484         790.4722685168481
33.11597086297422         791.6453600534985
33.30920826447361         792.9917491459287
33.50244566597299         794.3381382383591
33.69568306747237         795.6845273307894
33.88892046897176         797.0309164232197
34.08215787047115         798.3574053653416
34.275395271970545        799.6838943074634
34.46863267346993         801.0103832495854
34.66187007496932         802.3368721917072
34.85510747646871         803.4341357015783
35.0483448779681          804.5313992114494
35.24158227946748         805.6286627213206
35.43481968096687         806.7259262311916
35.62805708246625         807.7841846838514
35.82129448396564         808.8424431365113
36.014531885465026        809.9007015891711
36.20776928696441         810.958960041831
36.401006688463795        811.8014341666124
36.594244089963176        812.6439082913939
36.78748149146256         813.4863824161753
36.980718892961946        814.3288565409567
37.173956294461334        815.4103532587244
37.36719369596073         816.4918499764922
37.56043109746012         817.5733466942598
37.753668498959506        818.6548434120275
37.94690590045889         819.7285476634403
38.14014330195827         820.8022519148533
38.33338070345766         821.8759561662661
38.52661810495704         822.949660417679
38.719855506456426        823.771909964432
38.91309290795581         824.5941595111849
39.106330309455196        825.4164090579379
39.299567710954584        826.238658604691
39.49280511245397         827.0183796578469
39.68604251395335         827.7981007110029
39.87927991545274         828.577821764159
40.07251731695212         829.357542817315
40.265754718451504        830.2779676252114
40.45899211995089         831.1983924331078
40.65222952145028         832.1188172410042
40.84546692294966         833.0392420489006
41.03870432444906         833.8648663087895
41.231941725948445        834.6904905686783
41.425179127447834        835.5161148285671
41.61841652894722         836.3417390884559
41.81165393044661         837.20470702579
42.004891331946           838.0676749631239
42.19812873344539         838.9306429004579
42.39136613494477         839.7936108377919
42.58460353644415         840.3768339561781
42.77784093794353         840.960057074564
42.97107833944291         841.5432801929502
43.16431574094229         842.1265033113363
43.35755314244168         842.8033903590889
43.55079054394106         843.4802774068417
43.74402794544044         844.1571644545943
43.93726534693983         844.834051502347
44.13050274843922         845.4655626104866
44.32374014993861         846.0970737186262
44.516977551437996        846.7285848267658
44.710214952937385        847.3600959349053
44.90345235443677         847.8349946373087
45.09668975593616         848.3098933397118
45.28992715743555         848.7847920421151
45.48316455893494         849.2596907445184
45.67640196043432         849.8029586376247
45.86963936193371         850.346226530731
46.0628767634331          850.8894944238374
46.256114164932484        851.4327623169437
46.44935156643187         851.9071581958394
46.64258896793125         852.381554074735
46.835826369430634        852.8559499536308
47.02906377093002         853.3303458325265
47.22088037314268         853.8210414817361
47.41269697535533         854.3117371309454
47.60451357756797         854.802432780155
47.796330179780625        855.2931284293644
47.981963756872275        855.8100520086402
48.16759733396393         856.3269755879162
48.35323091105559         856.8438991671921
48.53886448814724         857.360822746468
48.7244980652389          857.703137333438
48.91013164233055         858.0454519204079
49.095765219422205        858.3877665073778
49.28139879651386         858.7300810943478
49.4610490973854          858.9957892347444
49.64069939825693         859.2614973751411
49.82034969912847         859.5272055155376
50                        859.7929136559342
0                         317.92633727090475
0.18203124258901934       317.7371537460479
0.3640624851780387        317.547970221191
0.5460937277670581        317.35878669633416
0.7281249703560774        317.16960317147726
0.9110692808770602        316.13301604275057
1.0940135913980427        315.0964289140239
1.2769579019190256        314.0598417852972
1.4599022124400083        313.0232546565705
1.6483249305527712        313.24267785277306
1.8367476486655343        313.4621010489757
2.0251703667782976        313.68152424517825
2.2135930848910608        313.9009474413809
2.4029288709357868        316.4170095896785
2.5922646569805132        318.9330717379761
2.7816004430252397        321.44913388627367
2.970936229069966         323.96519603457125
3.164173630569352         327.73772986941543
3.3574110320687387        331.5102637042596
3.550648433568125         335.28279753910385
3.7438858350675113        339.05533137394804
3.9371232365668978        345.01555836512296
4.130360638066284         350.97578535629793
4.323598039565669         356.9360123474729
4.516835441065055         362.89623933864783
4.710072842564441         367.4446516793381
4.903310244063827         371.9930640200283
5.096547645563214         376.54147636071855
5.289785047062599         381.08988870140877
5.483022448561987         385.2314070029044
5.676259850061373         389.37292530440004
5.86949725156076          393.5144436058956
6.062734653060147         397.65596190739126
6.255972054559533         402.4771559213188
6.449209456058919         407.2983499352463
6.642446857558306         412.1195439491738
6.835684259057691         416.9407379631013
7.028921660557077         421.13179186807724
7.2221590620564635        425.32284577305325
7.415396463555849         429.51389967802925
7.608633865055236         433.70495358300525
7.801871266554622         439.5444740220055
7.995108668054009         445.3839944610056
8.188346069553393         451.22351490000585
8.38158347105278          457.06303533900603
8.574820872552166         462.0018761930402
8.768058274051551         466.9407170470744
8.961295675550938         471.87955790110857
9.154533077050324         476.81839875514277
9.34777047854971          481.23457194436537
9.541007880049097         485.65074513358803
9.734245281548484         490.0669183228107
9.92748268304787          494.4830915120333
10.120720084547258        500.1196965550147
10.313957486046645        505.7563015979961
10.507194887546031        511.39290664097757
10.700432289045418        517.029511683959
10.893669690544803        520.6628147611317
11.086907092044187        524.2961178383043
11.280144493543572        527.9294209154771
11.473381895042959        531.5627239926498
11.666619296542345        534.0562528553526
11.859856698041732        536.5497817180553
12.053094099541118        539.043310580758
12.246331501040505        541.5368394434607
12.439568902539891        545.1627409708323
12.63280630403928         548.7886424982039
12.826043705538666        552.4145440255754
13.019281107038053        556.0404455529471
13.212518508537439        558.7595833212084
13.405755910036826        561.4787210894698
13.598993311536214        564.1978588577311
13.7922307130356          566.9169966259925
13.985468114534987        570.0276186422101
14.178705516034372        573.1382406584275
14.371942917533755        576.2488626746451
14.565180319033141        579.3594846908626
14.758417720532528        583.3248993098497
14.951655122031916        587.2903139288369
15.144892523531302        591.255728547824
15.33812992503069         595.2211431668111
15.531367326530075        597.5990950032017
15.72460472802946         599.9770468395924
15.917842129528847        602.3549986759831
16.11107953102823         604.7329505123737
16.304316932527616        608.0368449787563
16.497554334027004        611.340739445139
16.690791735526393        614.6446339115217
16.884029137025777        617.9485283779044
17.077266538525166        621.2272497271945
17.270503940024554        624.5059710764845
17.463741341523942        627.7846924257746
17.65697874302333         631.0634137750646
17.850216144522715        634.2110532898064
18.0434535460221          637.3586928045481
18.236690947521485        640.5063323192898
18.42992834902087         643.6539718340315
18.623165750520254        645.6480785470844
18.816403152019642        647.6421852601374
19.009640553519027        649.6362919731903
19.202877955018412        651.6303986862432
19.3961153565178          654.0566557298263
19.589352758017185        656.4829127734093
19.78259015951657         658.9091698169924
19.975827561015958        661.3354268605755
20.169064962515346        663.6909860852835
20.362302364014734        666.0465453099914
20.55553976551412         668.4021045346994
20.748777167013507        670.7576637594074
20.942014568512892        672.6598228945535
21.13525197001228         674.5619820296996
21.32848937151167         676.4641411648457
21.521726773011054        678.3663002999918
21.714964174510442        680.3042184897047
21.908201576009827        682.2421366794175
22.101438977509215        684.1800548691303
22.294676379008603        686.1179730588432
22.487913780507988        688.7040047106608
22.681151182007373        691.2900363624785
22.874388583506757        693.8760680142962
23.067625985006142        696.4620996661138
23.26086338650553         698.3910663361474
23.454100788004915        700.3200330061811
23.6473381895043          702.2489996762147
23.840575591003688        704.1779663462484
24.033812992503073        706.2597339262549
24.22705039400246         708.3415015062615
24.420287795501846        710.423269086268
24.61352519700123         712.5050366662746
24.80676259850062         713.8606164482561
25.000000000000004        715.2161962302376
25.193237401499392        716.5717760122192
25.386474802998777        717.9273557942007
25.57971220449816         719.4934738449459
25.772949605997546        721.059591895691
25.966187007496927        722.6257099464362
26.159424408996312        724.1918279971813
26.3526618104957          725.7468187722947
26.54589921199509         727.3018095474081
26.739136613494477        728.8568003225214
26.932374014993865        730.4117910976348
27.12561141649325         732.1564840476203
27.318848817992638        733.9011769976057
27.512086219492023        735.6458699475911
27.705323620991408        737.3905628975766
27.898561022490796        738.9343616090366
28.09179842399018         740.4781603204967
28.285035825489565        742.0219590319568
28.478273226988954        743.565757743417
28.671510628488342        745.1695243438467
28.864748029987727        746.7732909442761
29.05798543148711         748.3770575447057
29.2512228329865          749.9808241451353
29.444460234485884        751.5123886671325
29.63769763598527         753.04395318913
29.830935037484657        754.5755177111272
30.024172438984042        756.1070822331245
30.21740984048343         757.3836522502863
30.41064724198282         758.6602222674481
30.603884643482207        759.93679228461
30.797122044981595        761.2133623017718
30.99035944648098         762.8278448795695
31.18359684798037         764.4423274573672
31.37683424947975         766.056810035165
31.570071650979138        767.6712926129627
31.763309052478526        768.6681900323234
31.956546453977914        769.665087451684
32.149783855477295        770.6619848710448
32.343021256976684        771.6588822904055
32.536258658476065        773.107166880468
32.72949605997545         774.5554514705304
32.92273346147484         776.0037360605928
33.11597086297422         777.4520206506553
33.30920826447361         778.7697484349326
33.50244566597299         780.0874762192099
33.69568306747237         781.4052040034871
33.88892046897176         782.7229317877644
34.08215787047115         783.9608986118773
34.275395271970545        785.1988654359902
34.46863267346993         786.4368322601031
34.66187007496932         787.674799084216
34.85510747646871         788.6829308661108
35.0483448779681          789.6910626480055
35.24158227946748         790.6991944299002
35.43481968096687         791.707326211795
35.62805708246625         792.8554874402314
35.82129448396564         794.0036486686677
36.014531885465026        795.151809897104
36.20776928696441         796.2999711255404
36.401006688463795        797.3510624392668
36.594244089963176        798.4021537529934
36.78748149146256         799.4532450667199
36.980718892961946        800.5043363804464
37.173956294461334        801.6885586670287
37.36719369596073         802.8727809536108
37.56043109746012         804.0570032401931
37.753668498959506        805.2412255267753
37.94690590045889         805.982989118665
38.14014330195827         806.7247527105549
38.33338070345766         807.4665163024447
38.52661810495704         808.2082798943344
38.719855506456426        809.0870191263551
38.91309290795581         809.9657583583759
39.106330309455196        810.8444975903966
39.299567710954584        811.7232368224173
39.49280511245397         812.9551165704036
39.68604251395335         814.1869963183897
39.87927991545274         815.4188760663758
40.07251731695212         816.650755814362
40.265754718451504        817.4686750607743
40.45899211995089         818.2865943071868
40.65222952145028         819.1045135535992
40.84546692294966         819.9224328000115
41.03870432444906         820.9134222862758
41.231941725948445        821.9044117725402
41.425179127447834        822.8954012588046
41.61841652894722         823.8863907450689
41.81165393044661         824.6938683560933
42.004891331946           825.5013459671175
42.19812873344539         826.3088235781419
42.39136613494477         827.1163011891662
42.58460353644415         827.8604494519484
42.77784093794353         828.6045977147307
42.97107833944291         829.348745977513
43.16431574094229         830.0928942402952
43.35755314244168         830.7838354119708
43.55079054394106         831.4747765836465
43.74402794544044         832.1657177553222
43.93726534693983         832.8566589269979
44.13050274843922         833.6243916910691
44.32374014993861         834.3921244551402
44.516977551437996        835.1598572192115
44.710214952937385        835.9275899832827
44.90345235443677         836.7570035601834
45.09668975593616         837.5864171370843
45.28992715743555         838.4158307139851
45.48316455893494         839.2452442908858
45.67640196043432         839.9439298533525
45.86963936193371         840.6426154158193
46.0628767634331          841.341300978286
46.256114164932484        842.0399865407527
46.44903629971184         842.6854404514393
46.6419584344912          843.3308943621257
46.83488056927056         843.9763482728122
47.02780270404992         844.6218021834986
47.22072483882928         845.424207567756
47.41364697360863         846.2266129520133
47.60656910838798         847.0290183362705
47.79949124316734         847.8314237205278
47.98689325806041         848.528290840977
48.174295272953486        849.2251579614261
48.36169728784655         849.9220250818753
48.54909930273962         850.6188922023244
48.7365013176327          851.0112755372446
48.923903332525775        851.4036588721647
49.11130534741884         851.7960422070848
49.29870736231192         852.1884255420049
49.47403052173394         852.7023995902833
49.64935368115596         853.2163736385619
49.824676840577986        853.7303476868403
50                        854.2443217351188
0                         317.5178130068249
0.16905261386498982       316.8678605210314
0.33810522772997964       316.2179080352379
0.5071578415949695        315.5679555494443
0.6762104554599593        314.9180030636508
0.8637571842171452        313.7024519597097
1.0513039129743311        312.4869008557686
1.238850641731517         311.27134975182753
1.426397370488703         310.05579864788643
1.6192989134437632        311.5593395211281
1.8122004563988239        313.0628803943697
2.0051019993538843        314.5664212676113
2.198003542308945         316.0699621408529
2.3912367139992003        317.3078890819709
2.5844698856894555        318.54581602308895
2.7777030573797106        319.7837429642069
2.970936229069966         321.0216699053249
3.164173630569352         324.31008206758236
3.3574110320687387        327.59849422983973
3.550648433568125         330.88690639209716
3.7438858350675113        334.1753185543546
3.9371232365668978        338.87855030317013
4.130360638066284         343.58178205198567
4.323598039565669         348.28501380080115
4.516835441065055         352.9882455496167
4.710072842564441         356.21064507966764
4.903310244063827         359.4330446097186
5.096547645563214         362.65544413976954
5.289785047062599         365.8778436698205
5.483022448561987         371.39291245732124
5.676259850061373         376.90798124482194
5.86949725156076          382.4230500323227
6.062734653060147         387.93811881982344
6.255972054559533         393.2122698094323
6.449209456058919         398.4864207990413
6.642446857558306         403.76057178865017
6.835684259057691         409.0347227782591
7.028921660557077         414.1465557944709
7.2221590620564635        419.2583888106826
7.415396463555849         424.3702218268944
7.608633865055236         429.48205484310614
7.801871266554622         433.40034746166316
7.995108668054009         437.3186400802201
8.188346069553393         441.23693269877714
8.38158347105278          445.15522531733416
8.574820872552166         449.7322346616342
8.768058274051551         454.30924400593415
8.961295675550938         458.8862533502342
9.154533077050324         463.4632626945342
9.34777047854971          466.87408889088744
9.541007880049097         470.28491508724073
9.734245281548484         473.695741283594
9.92748268304787          477.1065674799472
10.120720084547258        481.2713410064512
10.313957486046645        485.43611453295523
10.507194887546031        489.6008880594592
10.700432289045418        493.7656615859632
10.893669690544803        498.47836431515736
11.086907092044187        503.1910670443515
11.280144493543572        507.90376977354566
11.473381895042959        512.6164725027398
11.666619296542345        517.5679201619809
11.859856698041732        522.5193678212217
12.053094099541118        527.4708154804628
12.246331501040505        532.4222631397038
12.439568902539891        536.949598479383
12.63280630403928         541.4769338190622
12.826043705538666        546.0042691587415
13.019281107038053        550.5316044984207
13.212518508537439        553.758474019993
13.405755910036826        556.985343541565
13.598993311536214        560.2122130631371
13.7922307130356          563.4390825847094
13.985468114534987        566.4527504535338
14.178705516034372        569.4664183223581
14.371942917533755        572.4800861911825
14.565180319033141        575.493754060007
14.758417720532528        578.723826417034
14.951655122031916        581.9538987740611
15.144892523531302        585.1839711310884
15.33812992503069         588.4140434881155
15.531367326530075        591.5744831129367
15.72460472802946         594.7349227377581
15.917842129528847        597.8953623625794
16.11107953102823         601.0558019874007
16.304316932527616        603.4212824097025
16.497554334027004        605.7867628320042
16.690791735526393        608.152243254306
16.884029137025777        610.5177236766077
17.077266538525166        612.7517477083273
17.270503940024554        614.985771740047
17.463741341523942        617.2197957717666
17.65697874302333         619.4538198034862
17.850216144522715        621.5181590710155
18.0434535460221          623.5824983385446
18.236690947521485        625.6468376060739
18.42992834902087         627.711176873603
18.623165750520254        630.3825433145091
18.816403152019642        633.0539097554154
19.009640553519027        635.7252761963215
19.202877955018412        638.3966426372276
19.3961153565178          641.1356992134836
19.589352758017185        643.8747557897394
19.78259015951657         646.6138123659953
19.975827561015958        649.3528689422512
20.169064962515346        651.3362743162704
20.362302364014734        653.3196796902896
20.55553976551412         655.3030850643088
20.748777167013507        657.286490438328
20.942014568512892        659.9302210012594
21.13525197001228         662.5739515641908
21.32848937151167         665.2176821271223
21.521726773011054        667.8614126900537
21.714964174510442        670.0666698632724
21.908201576009827        672.2719270364912
22.101438977509215        674.4771842097099
22.294676379008603        676.6824413829286
22.487913780507988        678.4817322254033
22.681151182007373        680.2810230678781
22.874388583506757        682.0803139103529
23.067625985006142        683.8796047528276
23.26086338650553         685.4809445252758
23.454100788004915        687.0822842977241
23.6473381895043          688.6836240701723
23.840575591003688        690.2849638426205
24.033812992503073        691.6948902518864
24.22705039400246         693.1048166611522
24.420287795501846        694.5147430704179
24.61352519700123         695.9246694796838
24.80676259850062         697.934385802669
25.000000000000004        699.9441021256544
25.193237401499392        701.9538184486396
25.386474802998777        703.9635347716248
25.57971220449816         705.1990367678827
25.772949605997546        706.4345387641406
25.966187007496927        707.6700407603985
26.159424408996312        708.9055427566564
26.3526618104957          711.2190976512971
26.54589921199509         713.5326525459379
26.739136613494477        715.8462074405788
26.932374014993865        718.1597623352196
27.12561141649325         719.9788006607962
27.318848817992638        721.7978389863729
27.512086219492023        723.6168773119495
27.705323620991408        725.435915637526
27.898561022490796        726.6880546943835
28.09179842399018         727.9401937512407
28.285035825489565        729.1923328080981
28.478273226988954        730.4444718649554
28.671510628488342        731.5873662425986
28.864748029987727        732.7302606202418
29.05798543148711         733.8731549978851
29.2512228329865          735.0160493755283
29.444460234485884        736.1050503751304
29.63769763598527         737.1940513747326
29.830935037484657        738.2830523743347
30.024172438984042        739.3720533739369
30.21740984048343         740.6367427065495
30.41064724198282         741.901432039162
30.603884643482207        743.1661213717747
30.797122044981595        744.4308107043873
30.99035944648098         745.5025233196197
31.18359684798037         746.574235934852
31.37683424947975         747.6459485500843
31.570071650979138        748.7176611653167
31.763309052478526        750.1096801142992
31.956546453977914        751.5016990632818
32.149783855477295        752.8937180122643
32.343021256976684        754.2857369612468
32.536258658476065        755.4265946311789
32.72949605997545         756.5674523011107
32.92273346147484         757.7083099710428
33.11597086297422         758.8491676409748
33.30920826447361         760.261026642961
33.50244566597299         761.6728856449472
33.69568306747237         763.0847446469335
33.88892046897176         764.4966036489197
34.08215787047115         765.4918713919674
34.275395271970545        766.4871391350148
34.46863267346993         767.4824068780623
34.66187007496932         768.4776746211098
34.85510747646871         769.6983322810092
35.0483448779681          770.9189899409089
35.24158227946748         772.1396476008084
35.43481968096687         773.360305260708
35.62805708246625         774.2844579303461
35.82129448396564         775.208610599984
36.014531885465026        776.1327632696222
36.20776928696441         777.0569159392602
36.401006688463795        778.0748888286181
36.594244089963176        779.0928617179761
36.78748149146256         780.110834607334
36.980718892961946        781.128807496692
37.173956294461334        781.938606628117
37.36719369596073         782.7484057595418
37.56043109746012         783.5582048909667
37.753668498959506        784.3680040223917
37.94690590045889         785.1913033794908
38.14014330195827         786.01460273659
38.33338070345766         786.837902093689
38.52661810495704         787.6612014507881
38.719855506456426        788.7801364882762
38.91309290795581         789.8990715257644
39.106330309455196        791.0180065632525
39.299567710954584        792.1369416007406
39.49280511245397         793.0354950153483
39.68604251395335         793.934048429956
39.87927991545274         794.8326018445636
40.07251731695212         795.7311552591713
40.265754718451504        796.5423938845197
40.45899211995089         797.3536325098682
40.65222952145028         798.1648711352167
40.84546692294966         798.9761097605651
41.03870432444906         799.8584616180042
41.231941725948445        800.7408134754432
41.425179127447834        801.6231653328822
41.61841652894722         802.5055171903213
41.81165393044661         803.1957811158801
42.004891331946           803.886045041439
42.19812873344539         804.5763089669979
42.39136613494477         805.2665728925567
42.58460353644415         805.8978693336709
42.77784093794353         806.529165774785
42.97107833944291         807.1604622158992
43.16431574094229         807.7917586570134
43.35755314244168         808.8218199830856
43.55079054394106         809.8518813091578
43.74402794544044         810.8819426352301
43.93726534693983         811.9120039613023
44.13050274843922         812.5372311087101
44.32374014993861         813.1624582561178
44.516977551437996        813.7876854035255
44.710214952937385        814.4129125509332
44.90345235443677         815.0032772762628
45.09668975593616         815.5936420015925
45.28992715743555         816.184006726922
45.48316455893494         816.7743714522517
45.67640196043432         817.310549063411
45.86963936193371         817.8467266745704
46.0628767634331          818.3829042857298
46.256114164932484        818.9190818968891
46.44935156643187         819.6230557145577
46.64258896793125         820.3270295322263
46.835826369430634        821.0310033498951
47.02906377093002         821.7349771675637
47.22229694262027         822.3802024383876
47.41553011431051         823.0254277092115
47.60876328600077         823.6706529800355
47.80199645769102         824.3158782508594
47.98573127918513         824.9256394850828
48.16946610067924         825.5354007193062
48.35320092217334         826.1451619535295
48.536935743667456        826.7549231877529
48.72067056516157         827.2125354634659
48.90440538665568         827.6701477391789
49.088140208149795        828.127760014892
49.271875029643915        828.585372290605
49.453906272232935        828.8005190973594
49.635937514821954        829.0156659041136
49.81796875741099         829.2308127108679
50                        829.4459595176222
