% Model:              Cav_Hex_Unif_flux_v5.2.1 - Lin. Distn.mph
% Version:            COMSOL 5.5.0.359
% Date:               Dec 7 2021, 15:23
% Dimension:          1
% Nodes:              1834
% Expressions:        1
% Description:        Line graph
% x                       Height
0                         317.9908187014694
0.46767508660203133       317.97248064144645
0.9353501732040627        317.9541425814235
1.403025259806094         317.93580452140066
1.8707003464081253        317.9174664613777
2.3439008987827656        317.80759155369475
2.8171014511574057        317.6977166460117
3.2903020035320463        317.58784173832873
3.763502555906687         317.4779668306457
4.314059629097845         316.9870482512651
4.8646167022890054        316.4961296718845
5.415173775480164         316.0052110925039
5.965730848671323         315.5142925131233
6.617852306756895         315.10352109544294
7.269973764842465         314.69274967776266
7.922095222928036         314.2819782600823
8.574216681013608         313.871206842402
9.226338139099177         314.14328767662244
9.878459597184749         314.4153685108429
10.530581055270321        314.6874493450633
11.182702513355892        314.9595301792838
11.838948906476652        315.6328835238355
12.49519529959741         316.30623686838726
13.151441692718171        316.97959021293906
13.80768808583893         317.6529435574908
14.463934478959688        319.6375338817966
15.120180872080446        321.62212420610246
15.776427265201203        323.6067145304083
16.43267365832196         325.5913048547141
17.08892005144272         329.01029926286594
17.74516644456348         332.4292936710177
18.40141283768424         335.8482880791695
19.057659230804997        339.26728248732127
19.713905623925754        341.8636432753135
20.37015201704651         344.4600040633057
21.02639841016727         347.0563648512979
21.682644803288028        349.6527256392901
22.338891196408788        353.8145780418889
22.995137589529545        357.97643044448773
23.651383982650305        362.13828284708654
24.307630375771065        366.30013524968535
24.963876768891822        371.55028579993507
25.62012316201258         376.8004363501848
26.27636955513334         382.05058690043444
26.932615948254096        387.30073745068415
27.588862341374853        392.29526773146836
28.24510873449561         397.2897980122525
28.901355127616366        402.2843282930367
29.557601520737123        407.2788585738209
30.21384791385788         410.6865341340083
30.87009430697864         414.09420969419557
31.526340700099396        417.5018852543829
32.18258709322016         420.9095608145702
32.83883348634092         425.0895379098552
33.49507987946168         429.2695150051403
34.15132627258243         433.4494921004253
34.80757266570319         437.6294691957103
35.463819058823944        441.5329228737197
36.12006545194471         445.43637655172904
36.776311845065464        449.33983022973837
37.432558238186225        453.24328390774775
38.088804631306985        456.5819489605567
38.74505102442774         459.9206140133657
39.401297417548506        463.2592790661747
40.05754381066926         466.5979441189837
40.71379020379002         469.72399756949653
41.37003659691077         472.85005102000946
42.026282990031525        475.9761044705223
42.682529383152286        479.10215792103514
43.33877577627304         481.9227772761848
43.9950221693938          484.74339663133446
44.651268562514566        487.5640159864841
45.30751495563532         490.3846353416337
45.96376134875609         493.98302859313446
46.62000774187684         497.5814218446352
47.27625413499759         501.179815096136
47.93250052811836         504.77820834763673
48.588746921239114        507.50193969734806
49.244993314359874        510.22567104705945
49.90123970748063         512.9494023967708
50.55748610060139         515.6731337464821
51.21373249372215         518.5608160100312
51.869978886842915        521.4484982735804
52.526225279963676        524.3361805371296
53.182471673084436        527.2238628006787
53.838718066205196        529.6559495466172
54.49496445932595         532.0880362925558
55.15121085244671         534.5201230384944
55.80745724556747         536.9522097844329
56.46370363868822         539.4226847388824
57.11995003180898         541.8931596933319
57.776196424929736        544.3636346477813
58.4324428180505          546.8341096022308
59.08868921117126         548.9433653416772
59.74493560429201         551.0526210811238
60.40118199741277         553.1618768205703
61.057428390533524        555.2711325600168
61.71367478365429         557.7554959848206
62.36992117677505         560.2398594096244
63.026167569895804        562.7242228344282
63.682413963016565        565.208586259232
64.33866035613734         567.4536225136058
64.99490674925809         569.6986587679795
65.65115314237885         571.9436950223533
66.30739953549961         574.188731276727
66.96364592862037         576.2122507193085
67.61989232174112         578.2357701618901
68.27613871486187         580.2592896044715
68.93238510798263         582.282809047053
69.5886315011034          586.1617025759484
70.24487789422415         590.0405961048439
70.90112428734491         593.9194896337392
71.55737068046567         597.7983831626347
72.21361707358642         600.3799696595809
72.86986346670719         602.961556156527
73.52610985982797         605.5431426534732
74.18235625294872         608.1247291504194
74.83860264606948         609.6403096084537
75.49484903919024         611.1558900664879
76.15109543231098         612.6714705245221
76.80734182543173         614.1870509825563
77.46358821855249         616.1853402553998
78.11983461167324         618.1836295282433
78.776081004794           620.1819188010867
79.43232739791475         622.1802080739301
80.08857379103553         624.6856905709847
80.7448201841563          627.1911730680392
81.40106657727705         629.6966555650938
82.05731297039783         632.2021380621484
82.71355936351858         634.3347875528657
83.36980575663932         636.4674370435829
84.02605214976008         638.6000865343001
84.68229854288083         640.7327360250174
85.33854493600158         642.3257556308085
85.99479132912235         643.9187752365997
86.65103772224312         645.5117948423908
87.30728411536387         647.104814448182
87.96353050848462         648.5996325111129
88.61977690160538         650.0944505740438
89.27602329472613         651.5892686369747
89.93226968784687         653.0840866999056
90.58851608096762         654.2574577060061
91.24476247408839         655.4308287121067
91.90100886720914         656.6041997182074
92.5572552603299          657.7775707243079
93.21350165345066         658.8909392527809
93.86974804657142         660.0043077812538
94.52599443969217         661.1176763097268
95.18224083281294         662.2310448381998
95.8384872259337          663.7982858287057
96.49473361905446         665.3655268192117
97.15098001217522         666.9327678097178
97.80722640529599         668.5000088002238
98.46347279841675         669.86161392248
99.1197191915375          671.2232190447363
99.77596558465827         672.5848241669926
100.43221197777902        673.9464292892488
101.08845837089977        675.5342722398692
101.74470476402053        677.1221151904897
102.40095115714128        678.7099581411101
103.05719755026203        680.2978010917305
103.7134439433828         681.2587157602596
104.36969033650357        682.2196304287887
105.02593672962433        683.1805450973178
105.6821831227451         684.1414597658469
106.33842951586587        685.0912609297594
106.99467590898662        686.0410620936718
107.65092230210738        686.9908632575844
108.30716869522813        687.9406644214968
108.9634150883489         688.94353094129
109.61966148146965        689.9463974610833
110.2759078745904         690.9492639808765
110.93215426771118        691.9521305006697
111.58840066083192        693.0503030293942
112.24464705395268        694.1484755581185
112.90089344707343        695.2466480868429
113.5571398401942         696.3448206155674
114.21338623331495        697.1550366442441
114.8696326264357         697.9652526729205
115.52587901955647        698.7754687015971
116.18212541267724        699.5856847302737
116.83837180579799        700.6224330440803
117.49461819891877        701.6591813578871
118.15086459203953        702.6959296716938
118.80711098516028        703.7326779855005
119.46335737828103        704.72143714229
120.11960377140181        705.7101962990796
120.77585016452258        706.698955455869
121.43209655764333        707.6877146126586
122.0883429507641         708.4823853876716
122.74458934388484        709.2770561626844
123.40083573700558        710.0717269376973
124.05708213012633        710.8663977127102
124.7133285232471         711.6060461692625
125.36957491636785        712.345694625815
126.02582130948863        713.0853430823674
126.6820677026094         713.8249915389199
127.33831409573015        714.426448643954
127.99456048885088        715.0279057489879
128.65080688197165        715.6293628540219
129.3070532750924         716.2308199590559
129.96329966821315        716.9546781098828
130.61954606133392        717.6785362607097
131.2757924544547         718.4023944115368
131.93203884757546        719.1262525623637
132.58828524069622        719.7706068093656
133.244531633817          720.4149610563677
133.90077802693776        721.0593153033697
134.55702442005853        721.7036695503716
135.21327081317926        722.023961645989
135.86951720630003        722.3442537416062
136.52576359942077        722.6645458372234
137.1820099925415         722.9848379328407
137.83825638566228        723.3633664322974
138.49450277878302        723.7418949317541
139.15074917190378        724.1204234312108
139.80699556502455        724.4989519306675
140.4632419581453         725.0285580836847
141.11948835126609        725.5581642367019
141.77573474438685        726.087770389719
142.4319811375076         726.6173765427362
143.08822753062836        727.0732244945722
143.74447392374913        727.5290724464081
144.40072031686984        727.9849203982441
145.0569667099906         728.44076835008
145.7132131031114         728.9497690108301
146.36945949623214        729.4587696715801
147.0257058893529         729.9677703323301
147.6819522824737         730.4767709930802
148.33819867559444        730.8584153883926
148.99444506871518        731.2400597837049
149.65069146183592        731.6217041790171
150.3069378549567         732.0033485743295
150.96318424807745        732.2880583677435
151.6194306411982         732.5727681611575
152.27567703431896        732.8574779545716
152.93192342743973        733.1421877479855
153.58816982056047        733.6236624172896
154.24441621368123        734.1051370865935
154.90066260680203        734.5866117558975
155.55690899992277        735.0680864252015
156.21315539304354        735.4078349516909
156.8694017861643         735.7475834781803
157.52564817928504        736.0873320046699
158.1818945724058         736.4270805311593
158.83814096552658        736.7183647898256
159.49438735864732        737.009649048492
160.15063375176808        737.3009333071583
160.80688014488882        737.5922175658246
161.4631265380096         737.9388267232177
162.11937293113039        738.2854358806107
162.77561932425112        738.6320450380039
163.4318657173719         738.978654195397
164.08811211049266        739.2048155860273
164.7443585036134         739.4309769766578
165.40060489673417        739.6571383672882
166.05685128985493        739.8832997579186
166.71309768297567        740.1369499253625
167.36934407609644        740.3906000928062
168.02559046921724        740.64425026025
168.68183686233797        740.8979004276938
169.33808325545874        741.1482175020174
169.99432964857948        741.3985345763408
170.65057604170022        741.6488516506644
171.306822434821          741.8991687249879
171.96306882794173        742.0894795952192
172.6193152210625         742.2797904654508
173.27556161418326        742.4701013356821
173.931808007304          742.6604122059135
174.58805440042477        742.8665822510924
175.24430079354553        743.0727522962712
175.90054718666627        743.2789223414501
176.55679357978704        743.4850923866289
177.21303997290784        743.6851767393787
177.8692863660286         743.8852610921283
178.52553275914937        744.0853454448779
179.18177915227017        744.2854297976277
179.83802554539088        744.4799613685834
180.49427193851162        744.6744929395393
181.15051833163236        744.869024510495
181.80676472475307        745.0635560814508
182.46301111787383        745.2245272744417
183.11925751099463        745.3854984674327
183.77550390411537        745.5464696604238
184.43175029723614        745.7074408534147
185.0864616181415         745.9248252253815
185.74117293904686        746.1422095973483
186.39588425995223        746.3595939693149
187.0505955808576         746.5769783412817
187.70530690176295        746.7901926009065
188.3600182226683         747.0034068605312
189.01472954357365        747.2166211201559
189.66944086447901        747.4298353797806
190.322617113169          747.6315938760948
190.97579336185896        747.8333523724091
191.62896961054892        748.0351108687232
192.2821458592389         748.2368693650375
192.9322519634981         748.3865532300384
193.5823580677573         748.5362370950394
194.2324641720165         748.6859209600403
194.8825702762757         748.8356048250413
195.52224899174124        748.9690901613513
196.16192770720676        749.1025754976613
196.80160642267228        749.2360608339714
197.44128513813783        749.3695461702813
198.08096385360335        749.4329035078252
198.7206425690689         749.4962608453693
199.36032128453448        749.5596181829133
200                       749.6229755204573
0                         317.98299763701124
0.6250324047651004        317.9079236040029
1.2500648095302007        317.83284957099465
1.8750972142953009        317.7577755379864
2.5001296190604014        317.6827015049781
3.1493184342775966        317.2546103663731
3.798507249494792         316.826519227768
4.4476960647119865        316.39842808916296
5.096884879929182         315.9703369505579
5.7511454542416205        315.31497000809713
6.40540602855406          314.65960306563636
7.059666602866499         314.0042361231756
7.713927177178938         313.3488691807148
8.368187751491377         313.43652567090425
9.022448325803815         313.5241821610937
9.676708900116253         313.61183865128316
10.330969474428692        313.6994951414726
10.990060630548918        314.3999064757552
11.649151786669144        315.10031781003784
12.308242942789372        315.8007291443205
12.967334098909598        316.5011404786031
13.626552728831468        317.68316932899165
14.285771358753339        318.86519817938023
14.94498998867521         320.0472270297688
15.60420861859708         321.2292558801574
16.263427248518948        323.0299927157444
16.92264587844082         324.83072955133144
17.581864508362692        326.6314663869185
18.24108313828456         328.4322032225055
18.900429242008073        330.5938360006327
19.559775345731584        332.7554687787599
20.219121449455095        334.9171015568871
20.87846755317861         337.07873433501425
21.53781365690212         339.9767121238285
22.197159760625635        342.8746899126428
22.856505864349142        345.772667701457
23.515851968072653        348.6706454902713
24.175198071796167        351.9380700970134
24.834544175519678        355.20549470375545
25.49389027924319         358.47291931049756
26.153236382966703        361.74034391723967
26.812582486690218        364.48892761260885
27.471928590413732        367.237511307978
28.131274694137247        369.9860950033472
28.790620797860765        372.7346786987164
29.449966901584272        375.1982997258272
30.109313005307786        377.66192075293804
30.768659109031297        380.1255417800489
31.428005212754808        382.5891628071597
32.087351316478326        386.14370262380527
32.74669742020183         389.6982424404508
33.40604352392534         393.2527822570963
34.065389627648855        396.8073220737419
34.72473573137237         400.29585017554285
35.38408183509588         403.7843782773439
36.04342793881939         407.27290637914484
36.702774042542906        410.7614344809458
37.36212014626642         415.61573229870083
38.021466249989935        420.47003011645586
38.68081235371344         425.3243279342109
39.34015845743696         430.1786257519659
39.99950456116047         433.2242148311737
40.658850664883985        436.2698039103815
41.3181967686075          439.3153929895892
41.977542872331014        442.360982068797
42.63688897605453         445.8723927738032
43.29623507977804         449.38380347880934
43.95558118350156         452.89521418381554
44.61492728722507         456.40662488882174
45.27427339094858         460.20326553425383
45.93361949467209         463.9999061796859
46.5929655983956          467.79654682511796
47.25231170211911         471.59318747055005
47.91165780584262         475.05756099078565
48.57100390956614         478.5219345110212
49.23035001328965         481.9863080312567
49.889696117013166        485.45068155149227
50.54904222073668         488.3478146060645
51.20838832446019         491.24494766063674
51.867734428183695        494.142080715209
52.52708053190721         497.0392137697812
53.18642663563072         500.16010386752293
53.84577273935423         503.28099396526466
54.505118843077746        506.40188406300643
55.16446494680125         509.52277416074816
55.82381105052477         512.7618878438141
56.48315715424828         516.0010015268799
57.142503257971796        519.2401152099459
57.80184936169531         522.4792288930117
58.461195465418825        525.7269368447716
59.12054156914233         528.9746447965313
59.77988767286584         532.2223527482911
60.439233776589354        535.4700607000509
61.098579880312876        538.6545846431347
61.75792598403639         541.8391085862185
62.41727208775991         545.0236325293022
63.076618191483426        548.208156472386
63.735964295206934        552.1613947357871
64.39531039893045         556.1146329991881
65.05465650265396         560.067871262589
65.71400260637746         564.0211095259901
66.37334871010097         566.5764207454015
67.03269481382448         569.1317319648128
67.69204091754798         571.6870431842242
68.3513870212715          574.2423544036355
69.01073312499501         576.9543151669906
69.67007922871854         579.6662759303456
70.32942533244204         582.3782366937007
70.98877143616555         585.0901974570558
71.64811753988906         587.5390805782358
72.30746364361256         589.9879636994159
72.96680974733609         592.436846820596
73.6261558510596          594.885729941776
74.28550195478311         598.6872841810159
74.94484805850662         602.4888384202558
75.60419416223013         606.2903926594956
76.26354026595365         610.0919468987355
76.92288636967716         612.5314855639647
77.58223247340067         614.9710242291937
78.24157857712417         617.4105628944228
78.90092468084768         619.850101559652
79.56027078457119         623.343683842378
80.21961688829471         626.8372661251042
80.87896299201822         630.3308484078302
81.53830909574172         633.8244306905564
82.19765519946525         636.4723628363284
82.85700130318877         639.1202949821005
83.51634740691227         641.7682271278726
84.1756935106358          644.4161592736447
84.8350396143593          646.4707348341922
85.49438571808282         648.5253103947396
86.15373182180633         650.5798859552871
86.81307792552984         652.6344615158346
87.47242402925336         654.723508132844
88.13177013297688         656.8125547498533
88.7911162367004          658.9016013668627
89.45046234042393         660.9906479838721
90.10980844414743         662.8527142518037
90.76915454787094         664.7147805197353
91.42850065159446         666.576846787667
92.08784675531797         668.4389130555986
92.74719285904148         670.7400908983002
93.40653896276498         673.0412687410017
94.06588506648849         675.3424465837032
94.72523117021201         677.6436244264048
95.38457727393553         679.4543693620396
96.04392337765904         681.2651142976745
96.70326948138258         683.0758592333093
97.36261558510608         684.8866041689441
98.02196168882959         686.7067056871199
98.6813077925531          688.5268072052957
99.3406538962766          690.3469087234714
100.00000000000011        692.1670102416472
100.65934610372362        693.8905626451536
101.31869220744713        695.6141150486603
101.97803831117064        697.3376674521668
102.63738441489414        699.0612198556734
103.29673051861766        700.6020915674508
103.95607662234117        702.1429632792283
104.6154227260647         703.6838349910057
105.2747688297882         705.2247067027831
105.93411493351171        706.5964291349579
106.59346103723522        707.9681515671327
107.25280714095872        709.3398739993074
107.91215324468223        710.7115964314822
108.57149934840574        712.1026681383613
109.23084545212926        713.4937398452403
109.89019155585277        714.8848115521193
110.54953765957629        716.2758832589984
111.2088837632998         717.3034393454067
111.86822986702332        718.3309954318149
112.52757597074684        719.3585515182233
113.18692207447035        720.3861076046315
113.84626817819385        721.8084178609062
114.50561428191737        723.2307281171807
115.1649603856409         724.6530383734553
115.8243064893644         726.0753486297299
116.48365259308792        727.2258122061895
117.14299869681142        728.3762757826491
117.80234480053493        729.5267393591089
118.46169090425845        730.6772029355685
119.12103700798195        731.7673710058567
119.78038311170546        732.8575390761448
120.43972921542897        733.947707146433
121.09907531915246        735.0378752167212
121.75842142287597        735.8952725494544
122.41776752659949        736.7526698821875
123.07711363032301        737.6100672149207
123.73645973404652        738.4674645476539
124.39580583777004        739.5708138797727
125.05515194149355        740.6741632118916
125.71449804521708        741.7775125440105
126.37384414894059        742.8808618761293
127.0331902526641         743.9196242498281
127.6925363563876         744.9583866235268
128.35188246011114        745.9971489972257
129.01122856383466        747.0359113709245
129.67057466755816        747.8103259105758
130.3299207712817         748.5847404502271
130.9892668750052         749.3591549898783
131.64861297872872        750.1335695295296
132.30795908245224        750.9780761988761
132.96730518617574        751.8225828682228
133.62665128989926        752.6670895375694
134.28599739362278        753.511596206916
134.9453434973463         754.2783294448084
135.6046896010698         755.0450626827007
136.26403570479334        755.811795920593
136.92338180851684        756.5785291584854
137.58272791224036        757.3346902423125
138.24207401596382        758.0908513261397
138.90142011968734        758.8470124099669
139.56076622341084        759.603173493794
140.2201123271344         760.3685001307691
140.87945843085788        761.1338267677443
141.5388045345814         761.8991534047195
142.19815063830492        762.6644800416947
142.85749674202845        763.2817880107469
143.51684284575194        763.8990959797993
144.17618894947546        764.5164039488516
144.83553505319895        765.1337119179038
145.49488115692247        765.6335281015372
146.15422726064597        766.1333442851706
146.81357336436952        766.6331604688039
147.472919468093          767.1329766524373
148.13226557181653        767.8367363171641
148.79161167554005        768.5404959818909
149.45095777926358        769.2442556466178
150.11030388298707        769.9480153113446
150.7696499867106         770.6257319416297
151.42899609043408        771.3034485719147
152.0883421941576         771.9811652021997
152.7476882978811         772.6588818324847
153.40703440160462        773.1467901385295
154.0663805053281         773.6346984445742
154.72572660905163        774.1226067506188
155.38507271277513        774.6105150566636
156.04441881649868        775.0941242701681
156.70376492022217        775.5777334836725
157.3631110239457         776.061342697177
158.0224571276692         776.5449519106814
158.68180323139273        777.1078452010762
159.34114933511623        777.670738491471
160.00049543883972        778.2336317818657
160.6598415425632         778.7965250722605
161.3191876462867         779.2801781680377
161.97853375001026        779.7638312638148
162.63787985373375        780.2474843595919
163.29722595745727        780.7311374553691
163.9565720611808         781.1279934487657
164.61591816490434        781.5248494421623
165.27526426862786        781.921705435559
165.93461037235141        782.3185614289557
166.5939564760749         782.6798577874467
167.25330257979843        783.041154145938
167.9126486835219         783.402450504429
168.57199478724544        783.7637468629201
169.23134089096894        784.1332732084397
169.89068699469246        784.5027995539593
170.55003309841598        784.8723258994789
171.2093792021395         785.2418522449985
171.868725305863          785.4640124830239
172.52807140958652        785.6861727210493
173.18741751331           785.9083329590746
173.84676361703353        786.1304931971
174.50610972075702        786.4363872322458
175.16545582448055        786.7422812673916
175.82480192820404        787.0481753025374
176.48414803192756        787.3540693376832
177.14349413565108        787.7727438906902
177.80284023937463        788.1914184436972
178.46218634309815        788.6100929967042
179.1215324468217         789.0287675497112
179.7808785505452         789.2589947491574
180.44022465426872        789.4892219486037
181.0995707579922         789.7194491480499
181.75891686171573        789.949676347496
182.41826296543923        790.2124013121198
183.07760906916275        790.4751262767436
183.73695517288624        790.7378512413675
184.39630127660973        791.0005762059913
185.05564738033326        791.3083021521525
185.71499348405678        791.6160280983138
186.3743395877803         791.923754044475
187.0336856915038         792.2314799906362
187.69116867051028        792.5321410525524
188.34865164951674        792.8328021144687
189.00613462852323        793.1334631763849
189.6636176075297         793.4341242383011
190.32110058653618        793.7054761251715
190.97858356554264        793.9768280120418
191.6360665445491         794.2481798989122
192.29354952355555        794.5195317857825
192.9391076419057         794.7900218291968
193.58466576025586        795.060511872611
194.23022387860598        795.3310019160251
194.8757819969561         795.6014919594394
195.52134011530623        795.7334337080819
196.16689823365635        795.8653754567245
196.8124563520065         795.9973172053669
197.45801447035663        796.1292589540095
198.0935108527675         796.285621976657
198.72900723517833        796.4419849993044
199.36450361758918        796.5983480219519
200                       796.7547110445994
0                         318.1753375290629
0.6352420614244785        318.1466251188763
1.270484122848957         318.1179127086897
1.9057261842734354        318.0892002985031
2.540968245697914         318.0604878883165
3.176210307122392         317.617750759978
3.811452368546871         317.17501363163944
4.446694429971349         316.73227650330097
5.081936491395828         316.28953937496243
5.737810666671651         316.063892420582
6.393684841947474         315.83824546620167
7.049559017223297         315.61259851182126
7.705433192499119         315.38695155744085
8.361307367774943         315.19958613831733
9.017181543050764         315.0122207191938
9.673055718326587         314.82485530007034
10.32892989360241         314.6374898809468
10.988275997325921        314.99628561318997
11.647622101049434        315.35508134543306
12.306968204772947        315.7138770776762
12.96631430849646         316.0726728099193
13.625660412219972        316.6850201920479
14.285006515943484        317.29736757417646
14.944352619666995        317.90971495630504
15.60369872339051         318.5220623384336
16.26304482711402         320.055083255953
16.922390930837533        321.5881041734724
17.581737034561048        323.12112509099177
18.24108313828456         324.6541460085112
18.900429242008073        327.30853930956096
19.559775345731584        329.96293261061066
20.219121449455095        332.61732591166043
20.87846755317861         335.2717192127102
21.53781365690212         337.0268929034962
22.197159760625635        338.7820665942823
22.856505864349142        340.5372402850684
23.515851968072653        342.2924139758544
24.175198071796167        344.43453538872586
24.834544175519678        346.5766568015972
25.49389027924319         348.7187782144686
26.153236382966703        350.86089962734
26.812582486690218        354.0214170194248
27.471928590413732        357.1819344115096
28.131274694137247        360.34245180359443
28.790620797860765        363.5029691956792
29.449966901584272        365.9425574154452
30.109313005307786        368.38214563521126
30.768659109031297        370.8217338549773
31.428005212754808        373.2613220747433
32.087351316478326        375.881799520599
32.74669742020183         378.5022769664546
33.40604352392534         381.12275441231026
34.065389627648855        383.7432318581659
34.72473573137237         387.07739679290205
35.38408183509588         390.4115617276381
36.04342793881939         393.7457266623742
36.702774042542906        397.0798915971103
37.36212014626642         399.71201713346426
38.021466249989935        402.3441426698183
38.68081235371344         404.9762682061723
39.34015845743696         407.6083937425263
39.99950456116047         409.8804884751591
40.658850664883985        412.15258320779185
41.3181967686075          414.42467794042466
41.977542872331014        416.6967726730574
42.63688897605453         418.50207694551943
43.29623507977804         420.3073812179814
43.95558118350156         422.1126854904434
44.61492728722507         423.91798976290545
45.27427339094858         426.6411249695602
45.93361949467209         429.36426017621505
46.5929655983956          432.0873953828699
47.25231170211911         434.81053058952466
47.91165780584262         437.03701921658165
48.57100390956614         439.26350784363865
49.23035001328965         441.48999647069564
49.889696117013166        443.71648509775264
50.54904222073668         446.3474966485529
51.20838832446019         448.9785081993532
51.867734428183695        451.6095197501534
52.52708053190721         454.2405313009537
53.18642663563072         457.13434526633307
53.84577273935423         460.0281592317125
54.505118843077746        462.9219731970919
55.16446494680125         465.8157871624713
55.82381105052477         469.6590565066156
56.48315715424828         473.5023258507599
57.142503257971796        477.34559519490426
57.80184936169531         481.18886453904855
58.461195465418825        483.24504029766524
59.12054156914233         485.301216056282
59.77988767286584         487.35739181489873
60.439233776589354        489.4135675735154
61.098579880312876        493.59621716746386
61.75792598403639         497.7788667614123
62.41727208775991         501.96151635536074
63.076618191483426        506.1441659493092
63.735964295206934        508.88226921347007
64.39531039893045         511.620372477631
65.05465650265396         514.3584757417918
65.71400260637746         517.0965790059528
66.37334871010097         519.4961453266546
67.03269481382448         521.8957116473564
67.69204091754798         524.2952779680581
68.3513870212715          526.69484428876
69.01073312499501         529.7581812148459
69.67007922871854         532.8215181409317
70.32942533244204         535.8848550670176
70.98877143616555         538.9481919931035
71.64811753988906         540.8243513237002
72.30746364361256         542.7005106542969
72.96680974733609         544.5766699848936
73.6261558510596          546.4528293154902
74.28550195478311         549.3755291666005
74.94484805850662         552.2982290177107
75.60419416223013         555.2209288688209
76.26354026595365         558.1436287199311
76.92288636967716         560.423387521264
77.58223247340067         562.7031463225967
78.24157857712417         564.9829051239295
78.90092468084768         567.2626639252624
79.56027078457119         569.6257805797396
80.21961688829471         571.9888972342169
80.87896299201822         574.352013888694
81.53830909574172         576.7151305431713
82.19765519946525         579.4063509270818
82.85700130318877         582.0975713109922
83.51634740691227         584.7887916949027
84.1756935106358          587.4800120788132
84.8350396143593          589.696163169087
85.49438571808282         591.9123142593608
86.15373182180633         594.1284653496347
86.81307792552984         596.3446164399085
87.47242402925336         599.3520351254125
88.13177013297688         602.3594538109164
88.7911162367004          605.3668724964205
89.45046234042393         608.3742911819244
90.10980844414743         610.8340360303583
90.76915454787094         613.2937808787924
91.42850065159446         615.7535257272264
92.08784675531797         618.2132705756604
92.74719285904148         620.2641150171128
93.40653896276498         622.314959458565
94.06588506648849         624.3658039000172
94.72523117021201         626.4166483414696
95.38457727393553         629.536018430911
96.04392337765904         632.6553885203524
96.70326948138258         635.7747586097938
97.36261558510608         638.8941286992352
98.02196168882959         641.3294626281144
98.6813077925531          643.7647965569935
99.3406538962766          646.2001304858726
100.00000000000011        648.6354644147517
100.65934610372362        651.5207234891313
101.31869220744713        654.4059825635111
101.97803831117064        657.2912416378908
102.63738441489414        660.1765007122706
103.29673051861766        663.1032758610291
103.95607662234117        666.0300510097877
104.6154227260647         668.9568261585462
105.2747688297882         671.8836013073047
105.93411493351171        674.583915066041
106.59346103723522        677.2842288247771
107.25280714095872        679.9845425835133
107.91215324468223        682.6848563422495
108.57149934840574        684.996735136745
109.23084545212926        687.3086139312404
109.89019155585277        689.6204927257359
110.54953765957629        691.9323715202313
111.2088837632998         693.538085206094
111.86822986702332        695.1437988919567
112.52757597074684        696.7495125778195
113.18692207447035        698.3552262636822
113.84626817819385        700.4957873126725
114.50561428191737        702.6363483616628
115.1649603856409         704.776909410653
115.8243064893644         706.9174704596434
116.48365259308792        708.8429115910421
117.14299869681142        710.768352722441
117.80234480053493        712.6937938538399
118.46169090425845        714.6192349852388
119.12103700798195        716.5609123578454
119.78038311170546        718.5025897304522
120.43972921542897        720.4442671030589
121.09907531915246        722.3859444756656
121.75842142287597        723.9215990462483
122.41776752659949        725.4572536168309
123.07711363032301        726.9929081874136
123.73645973404652        728.5285627579963
124.39580583777004        730.0658283575024
125.05515194149355        731.6030939570084
125.71449804521708        733.1403595565143
126.37384414894059        734.6776251560204
127.0331902526641         736.1884287419875
127.6925363563876         737.6992323279546
128.35188246011114        739.2100359139216
129.01122856383466        740.7208394998887
129.67057466755816        742.3813798057121
130.3299207712817         744.0419201115354
130.9892668750052         745.7024604173588
131.64861297872872        747.3630007231822
132.30795908245224        749.9078115948817
132.96730518617574        752.4526224665813
133.62665128989926        754.9974333382808
134.28599739362278        757.5422442099803
134.9453434973463         759.0184388236876
135.6046896010698         760.4946334373949
136.26403570479334        761.9708280511022
136.92338180851684        763.4470226648095
137.58272791224036        764.5970327112384
138.24207401596382        765.7470427576674
138.90142011968734        766.8970528040963
139.56076622341084        768.0470628505252
140.2201123271344         768.9878117266885
140.87945843085788        769.928560602852
141.5388045345814         770.8693094790154
142.19815063830492        771.8100583551789
142.85749674202845        772.561809149362
143.51684284575194        773.313559943545
144.17618894947546        774.0653107377282
144.83553505319895        774.8170615319112
145.49488115692247        775.5626199247075
146.15422726064597        776.3081783175038
146.81357336436952        777.0537367103001
147.472919468093          777.7992951030964
148.13226557181653        778.6318442719465
148.79161167554005        779.4643934407968
149.45095777926358        780.296942609647
150.11030388298707        781.1294917784971
150.7696499867106         781.9577789076989
151.42899609043408        782.7860660369006
152.0883421941576         783.6143531661023
152.7476882978811         784.442640295304
153.40703440160462        785.206614710929
154.0663805053281         785.9705891265539
154.72572660905163        786.734563542179
155.38507271277513        787.4985379578039
156.04441881649868        788.2548144788518
156.70376492022217        789.0110909998996
157.3631110239457         789.7673675209473
158.0224571276692         790.5236440419951
158.68180323139273        791.2623804207088
159.34114933511623        792.0011167994223
160.00049543883972        792.7398531781361
160.6598415425632         793.4785895568497
161.3191876462867         794.1887754582183
161.97853375001026        794.898961359587
162.63787985373375        795.6091472609556
163.29722595745727        796.3193331623243
163.9565720611808         797.0140667222145
164.61591816490434        797.7088002821046
165.27526426862786        798.4035338419947
165.93461037235141        799.0982674018849
166.5939564760749         799.6935727569099
167.25330257979843        800.288878111935
167.9126486835219         800.8841834669602
168.57199478724544        801.4794888219852
169.23142226429195        802.0971753763059
169.89084974133846        802.7148619306267
170.55027721838496        803.3325484849474
171.20970469543147        803.9502350392681
171.86913217247795        804.5700010302145
172.52855964952445        805.1897670211608
173.18798712657096        805.8095330121071
173.84741460361744        806.4292990030534
174.50692345398693        807.0515585787787
175.16643230435642        807.673818154504
175.8259411547259         808.2960777302294
176.4854500050954         808.9183373059548
177.1451216021109         809.5281287550661
177.80479319912632        810.1379202041776
178.46446479614175        810.747711653289
179.12413639315722        811.3575031024004
179.78369949240872        811.9395646719764
180.44326259166024        812.5216262415524
181.10282569091174        813.1036878111283
181.76238879016327        813.6857493807044
182.4211433532749         814.2097409790886
183.07989791638656        814.7337325774727
183.7386524794982         815.2577241758568
184.39740704260984        815.781715774241
185.05616160572148        816.3126229847774
185.71491616883318        816.8435301953139
186.37367073194483        817.3744374058504
187.03242529505647        817.9053446163867
187.69232136267132        818.2385040223251
188.35221743028617        818.5716634282633
189.012113497901          818.9048228342015
189.67200956551585        819.2379822401398
190.33190563313067        819.704681289913
190.99180170074553        820.1713803396862
191.6516977683604         820.6380793894593
192.31159383597523        821.1047784392325
192.9602260177061         821.6206168436156
193.60885819943692        822.1364552479988
194.2574903811678         822.652293652382
194.90612256289864        823.1681320567651
195.5488059935829         823.5242484860684
196.19148942426716        823.8803649153716
196.83417285495142        824.2364813446749
197.47685628563568        824.5925977739781
198.1076422142268         824.7905965171847
198.73842814281784        824.9885952603913
199.36921407140895        825.1865940035979
200                       825.3845927468044
0                         318.09161314760433
0.6389196998836583        317.9920490553375
1.2778393997673165        317.8924849630706
1.9167590996509747        317.7929208708037
2.555678799534633         317.69335677853684
3.1945984994182903        317.27715434896334
3.8335181993019485        316.8609519193898
4.472437899185605         316.4447494898163
5.1113575990692635        316.0285470602428
5.756915717419414         315.74381972059905
6.402473835769565         315.4590923809553
7.048031954119717         315.17436504131166
7.693590072469868         314.88963770166794
8.352680601973193         314.8622732224787
9.011771131476516         314.8349087432894
9.670861660979842         314.80754426410016
10.329952190483166        314.7801797849109
10.989042719986488        315.34574208281487
11.648133249489812        315.9113043807188
12.307223778993137        316.47686667862274
12.96631430849646         317.04242897652665
13.625660412219972        318.016968571796
14.285006515943484        318.9915081670654
14.944352619666995        319.9660477623347
15.60369872339051         320.9405873576041
16.26304482711402         322.41878002800684
16.922390930837533        323.8969726984096
17.581737034561048        325.37516536881236
18.24108313828456         326.8533580392151
18.900429242008073        329.171520779499
19.559775345731584        331.48968351978294
20.219121449455095        333.8078462600668
20.87846755317861         336.12600900035073
21.53781365690212         338.07188354394293
22.197159760625635        340.01775808753507
22.856505864349142        341.96363263112727
23.515851968072653        343.90950717471947
24.175198071796167        345.8896885507279
24.834544175519678        347.86986992673627
25.49389027924319         349.85005130274465
26.153236382966703        351.8302326787531
26.812582486690218        353.1482737091039
27.471928590413732        354.4663147394547
28.131274694137247        355.7843557698054
28.790620797860765        357.1023968001562
29.449966901584272        359.47522313761675
30.109313005307786        361.8480494750773
30.768659109031297        364.2208758125378
31.428005212754808        366.59370214999836
32.087351316478326        368.7539654520407
32.74669742020183         370.91422875408307
33.40604352392534         373.0744920561254
34.065389627648855        375.2347553581677
34.72473573137237         379.1883832452812
35.38408183509588         383.1420111323947
36.04342793881939         387.0956390195082
36.702774042542906        391.0492669066217
37.36212014626642         392.7505943595319
38.021466249989935        394.4519218124419
38.68081235371344         396.1532492653521
39.34015845743696         397.8545767182622
39.99950456116047         400.26932956818575
40.658850664883985        402.68408241810937
41.3181967686075          405.098835268033
41.977542872331014        407.5135881179566
42.63688897605453         410.3467901996389
43.29623507977804         413.17999228132123
43.95558118350156         416.01319436300355
44.61492728722507         418.84639644468587
45.27427339094858         421.01762165254365
45.93361949467209         423.18884686040144
46.5929655983956          425.3600720682593
47.25231170211911         427.5312972761171
47.91165780584262         429.35295663189856
48.57100390956614         431.1746159876801
49.23035001328965         432.99627534346166
49.889696117013166        434.81793469924315
50.54904222073668         437.41470062616884
51.20838832446019         440.01146655309446
51.867734428183695        442.6082324800201
52.52708053190721         445.2049984069457
53.18642663563072         447.6258776045831
53.84577273935423         450.04675680222056
54.505118843077746        452.4676359998579
55.16446494680125         454.88851519749534
55.82381105052477         457.2199291007423
56.48315715424828         459.55134300398925
57.142503257971796        461.88275690723617
57.80184936169531         464.21417081048315
58.461195465418825        466.40842805109787
59.12054156914233         468.60268529171265
59.77988767286584         470.79694253232736
60.439233776589354        472.9911997729421
61.098579880312876        475.5350658189236
61.75792598403639         478.0789318649051
62.41727208775991         480.62279791088656
63.076618191483426        483.1666639568681
63.735964295206934        485.74579251652807
64.39531039893045         488.32492107618793
65.05465650265396         490.9040496358479
65.71400260637746         493.48317819550783
66.37334871010097         496.06722226275866
67.03269481382448         498.65126633000955
67.69204091754798         501.2353103972604
68.3513870212715          503.8193544645112
69.01073312499501         506.45796178783814
69.67007922871854         509.0965691111651
70.32942533244204         511.735176434492
70.98877143616555         514.373783757819
71.64811753988906         516.7832889480414
72.30746364361256         519.1927941382639
72.96680974733609         521.6022993284865
73.6261558510596          524.011804518709
74.28550195478311         526.1344622046697
74.94484805850662         528.2571198906305
75.60419416223013         530.3797775765912
76.26354026595365         532.5024352625519
76.92288636967716         534.1794498019437
77.58223247340067         535.8564643413357
78.24157857712417         537.5334788807277
78.90092468084768         539.2104934201195
79.56027078457119         541.8677011496808
80.21961688829471         544.524908879242
80.87896299201822         547.1821166088033
81.53830909574172         549.8393243383646
82.19765519946525         551.8700640250222
82.85700130318877         553.9008037116799
83.51634740691227         555.9315433983377
84.1756935106358          557.9622830849953
84.8350396143593          560.1011293615372
85.49438571808282         562.239975638079
86.15373182180633         564.3788219146209
86.81307792552984         566.5176681911628
87.47242402925336         568.5780879094181
88.13177013297688         570.6385076276733
88.7911162367004          572.6989273459285
89.45046234042393         574.7593470641838
90.10980844414743         576.5057860500993
90.76915454787094         578.2522250360148
91.42850065159446         579.9986640219304
92.08784675531797         581.7451030078458
92.74719285904148         584.0071653604189
93.40653896276498         586.2692277129918
94.06588506648849         588.5312900655648
94.72523117021201         590.7933524181378
95.38457727393553         592.9726732504898
96.04392337765904         595.1519940828418
96.70326948138258         597.3313149151938
97.36261558510608         599.5106357475458
98.02196168882959         601.2796492868308
98.6813077925531          603.0486628261158
99.3406538962766          604.8176763654008
100.00000000000011        606.5866899046857
100.65934610372362        607.7877129186329
101.31869220744713        608.9887359325802
101.97803831117064        610.1897589465275
102.63738441489414        611.3907819604747
103.29673051861766        613.4694679133901
103.95607662234117        615.5481538663055
104.6154227260647         617.626839819221
105.2747688297882         619.7055257721364
105.93411493351171        621.4760295588146
106.59346103723522        623.2465333454929
107.25280714095872        625.0170371321711
107.91215324468223        626.7875409188493
108.57149934840574        628.2756461721101
109.23084545212926        629.7637514253709
109.89019155585277        631.2518566786317
110.54953765957629        632.7399619318925
111.2088837632998         634.4153898819682
111.86822986702332        636.090817832044
112.52757597074684        637.7662457821197
113.18692207447035        639.4416737321953
113.84626817819385        641.8466327356018
114.50561428191737        644.2515917390082
115.1649603856409         646.6565507424145
115.8243064893644         649.061509745821
116.48365259308792        651.476846266152
117.14299869681142        653.8921827864832
117.80234480053493        656.3075193068144
118.46169090425845        658.7228558271454
119.12103700798195        660.7831924015381
119.78038311170546        662.843528975931
120.43972921542897        664.9038655503239
121.09907531915246        666.9642021247166
121.75842142287597        668.5281328678652
122.41776752659949        670.0920636110138
123.07711363032301        671.6559943541623
123.73645973404652        673.2199250973109
124.39580583777004        675.3833317298099
125.05515194149355        677.5467383623089
125.71449804521708        679.7101449948079
126.37384414894059        681.8735516273069
127.0331902526641         683.9917813959355
127.6925363563876         686.110011164564
128.35188246011114        688.2282409331924
129.01122856383466        690.346470701821
129.67057466755816        691.9396907242922
130.3299207712817         693.5329107467635
130.9892668750052         695.1261307692348
131.64861297872872        696.719350791706
132.30795908245224        698.3816435378895
132.96730518617574        700.0439362840731
133.62665128989926        701.7062290302566
134.28599739362278        703.3685217764402
134.9453434973463         705.5746938547624
135.6046896010698         707.7808659330844
136.26403570479334        709.9870380114066
136.92338180851684        712.1932100897288
137.58272791224036        713.7433278302203
138.24207401596382        715.2934455707117
138.90142011968734        716.8435633112031
139.56076622341084        718.3936810516946
140.2201123271344         720.169279264129
140.87945843085788        721.9448774765633
141.5388045345814         723.7204756889978
142.19815063830492        725.4960739014322
142.85749674202845        727.2949805585245
143.51684284575194        729.0938872156169
144.17618894947546        730.8927938727093
144.83553505319895        732.6917005298016
145.49488115692247        734.8794133928085
146.15422726064597        737.0671262558153
146.81357336436952        739.2548391188222
147.472919468093          741.4425519818292
148.13226557181653        743.3855491221447
148.79161167554005        745.3285462624601
149.45095777926358        747.2715434027757
150.11030388298707        749.2145405430912
150.7696499867106         750.5735887094535
151.42899609043408        751.9326368758158
152.0883421941576         753.2916850421781
152.7476882978811         754.6507332085404
153.40703440160462        755.9514905780076
154.0663805053281         757.2522479474746
154.72572660905163        758.5530053169418
155.38507271277513        759.853762686409
156.04441881649868        761.2049149664986
156.70376492022217        762.556067246588
157.3631110239457         763.9072195266774
158.0224571276692         765.258371806767
158.68180323139273        766.5873233343503
159.34114933511623        767.916274861934
160.00049543883972        769.2452263895174
160.6598415425632         770.5741779171009
161.3191876462867         771.8043413273184
161.97853375001026        773.0345047375358
162.63787985373375        774.2646681477534
163.29722595745727        775.4948315579709
163.9565720611808         776.6520897207092
164.61591816490434        777.8093478834477
165.27526426862786        778.9666060461861
165.93461037235141        780.1238642089245
166.5939564760749         781.2194513183157
167.25330257979843        782.3150384277071
167.9126486835219         783.4106255370983
168.57199478724544        784.5062126464896
169.23134089096894        785.6509115733238
169.89068699469246        786.7956105001579
170.55003309841598        787.9403094269919
171.2093792021395         789.0850083538261
171.868725305863          790.0427365996445
172.52807140958652        791.0004648454628
173.18741751331           791.9581930912813
173.84676361703353        792.9159213370997
174.50610972075702        793.9497242644984
175.16545582448055        794.983527191897
175.82480192820404        796.0173301192956
176.48414803192756        797.0511330466943
177.14349413565108        798.0009259731419
177.80284023937463        798.9507188995894
178.46218634309815        799.9005118260369
179.1215324468217         800.8503047524845
179.7808785505452         801.9986722080872
180.44022465426872        803.14703966369
181.0995707579922         804.2954071192927
181.75891686171573        805.4437745748954
182.41826296543923        806.3813442502387
183.07760906916275        807.318913925582
183.73695517288624        808.2564836009253
184.39630127660973        809.1940532762686
185.05564738033326        809.9913894311362
185.71499348405678        810.7887255860039
186.3743395877803         811.5860617408716
187.0336856915038         812.3833978957393
187.6930317952273         813.1741307699191
188.3523778989508         813.9648636440988
189.01172400267436        814.7555965182785
189.67107010639785        815.5463293924582
190.32326664321454        816.1536363805673
190.97546318003123        816.7609433686762
191.6276597168479         817.3682503567852
192.27985625366455        817.9755573448942
192.93205279048124        818.6476542019504
193.58424932729787        819.3197510590068
194.23644586411453        819.9918479160631
194.8886424009312         820.6639447731193
195.52756210081478        821.2067720981781
196.16648180069836        821.7495994232372
196.80540150058198        822.2924267482961
197.44432120046557        822.835254073355
198.08324090034918        823.286354053892
198.7221606002328         823.7374540344288
199.3610803001164         824.1885540149656
200                       824.6396539955024
0                         318.09291141152386
0.6395327343922944        318.0428294180269
1.2790654687845888        317.99274742452985
1.9185982031768833        317.9426654310329
2.5581309375691776        317.89258343753585
3.1976636719614726        317.38506016592953
3.8371964063537676        316.87753689432327
4.476729140746062         316.37001362271695
5.116261875138357         315.86249035111064
5.767845377446363         315.65761977376474
6.41942887975437          315.45274919641884
7.071012382062377         315.2478786190729
7.722595884370383         315.043008041727
8.37417938667839          314.97737943302127
9.025762888986396         314.9117508243156
9.677346391294403         314.8461222156099
10.32892989360241         314.7804936069042
10.988275997325921        315.5007682398465
11.647622101049434        316.22104287278876
12.306968204772947        316.941317505731
12.96631430849646         317.66159213867326
13.625660412219972        319.04275058339795
14.285006515943484        320.4239090281227
14.944352619666995        321.80506747284744
15.60369872339051         323.18622591757213
16.26304482711402         324.8557177976194
16.922390930837533        326.52520967766657
17.581737034561048        328.19470155771376
18.24108313828456         329.86419343776095
18.900429242008073        331.77263673729925
19.559775345731584        333.68108003683756
20.219121449455095        335.5895233363758
20.87846755317861         337.4979666359141
21.53781365690212         339.86867790913305
22.197159760625635        342.23938918235194
22.856505864349142        344.6101004555709
23.515851968072653        346.9808117287898
24.175198071796167        349.5322309306647
24.834544175519678        352.0836501325397
25.49389027924319         354.6350693344146
26.153236382966703        357.1864885362895
26.812582486690218        359.95582610507887
27.471928590413732        362.7251636738682
28.131274694137247        365.4945012426576
28.790620797860765        368.26383881144693
29.449966901584272        371.0257766130593
30.109313005307786        373.78771441467165
30.768659109031297        376.549652216284
31.428005212754808        379.3115900178964
32.087351316478326        381.6258504577592
32.74669742020183         383.94011089762205
33.40604352392534         386.25437133748494
34.065389627648855        388.5686317773478
34.72473573137237         391.2668040890453
35.38408183509588         393.9649764007429
36.04342793881939         396.66314871244043
36.702774042542906        399.36132102413796
37.36212014626642         401.86350519975963
38.021466249989935        404.36568937538124
38.68081235371344         406.86787355100284
39.34015845743696         409.3700577266245
39.99950456116047         411.46210265233606
40.658850664883985        413.55414757804755
41.3181967686075          415.64619250375904
41.977542872331014        417.7382374294706
42.63688897605453         419.39924101496246
43.29623507977804         421.0602446004544
43.95558118350156         422.72124818594625
44.61492728722507         424.3822517714382
45.27427339094858         425.805037856298
45.93361949467209         427.2278239411578
46.5929655983956          428.65061002601766
47.25231170211911         430.07339611087747
47.91165780584262         432.592501347527
48.57100390956614         435.11160658417646
49.23035001328965         437.6307118208259
49.889696117013166        440.14981705747545
50.54904222073668         442.28121977331114
51.20838832446019         444.4126224891468
51.867734428183695        446.5440252049825
52.52708053190721         448.6754279208182
53.18642663563072         450.7200938318215
53.84577273935423         452.7647597428248
54.505118843077746        454.80942565382816
55.16446494680125         456.8540915648315
55.82381105052477         458.6638753273583
56.48315715424828         460.4736590898851
57.142503257971796        462.2834428524119
57.80184936169531         464.09322661493866
58.461195465418825        466.1353042640063
59.12054156914233         468.177381913074
59.77988767286584         470.2194595621416
60.439233776589354        472.26153721120926
61.098579880312876        474.2839809682767
61.75792598403639         476.30642472534413
62.41727208775991         478.32886848241156
63.076618191483426        480.351312239479
63.735964295206934        482.6148150135302
64.39531039893045         484.8783177875814
65.05465650265396         487.1418205616326
65.71400260637746         489.4053233356838
66.37334871010097         491.3252178508099
67.03269481382448         493.24511236593594
67.69204091754798         495.165006881062
68.3513870212715          497.0849013961881
69.01073312499501         499.28377438613495
69.67007922871854         501.4826473760818
70.32942533244204         503.68152036602856
70.98877143616555         505.8803933559754
71.64811753988906         507.96132056031684
72.30746364361256         510.0422477646583
72.96680974733609         512.1231749689997
73.6261558510596          514.2041021733412
74.28550195478311         516.2731940752059
74.94484805850662         518.3422859770706
75.60419416223013         520.4113778789351
76.26354026595365         522.4804697807998
76.92288636967716         524.7986972719966
77.58223247340067         527.1169247631933
78.24157857712417         529.4351522543901
78.90092468084768         531.7533797455869
79.56027078457119         533.9801685069986
80.21961688829471         536.2069572684102
80.87896299201822         538.4337460298219
81.53830909574172         540.6605347912335
82.19765519946525         542.8802109272906
82.85700130318877         545.0998870633476
83.51634740691227         547.3195631994047
84.1756935106358          549.5392393354617
84.8350396143593          551.3198101810342
85.49438571808282         553.1003810266068
86.15373182180633         554.8809518721794
86.81307792552984         556.6615227177518
87.47242402925336         558.3886971853728
88.13177013297688         560.115871652994
88.7911162367004          561.843046120615
89.45046234042393         563.570220588236
90.10980844414743         565.320333219867
90.76915454787094         567.0704458514981
91.42850065159446         568.8205584831292
92.08784675531797         570.5706711147602
92.74719285904148         572.8935474101213
93.40653896276498         575.2164237054824
94.06588506648849         577.5393000008436
94.72523117021201         579.8621762962047
95.38457727393553         581.586774350334
96.04392337765904         583.3113724044636
96.70326948138258         585.0359704585929
97.36261558510608         586.7605685127223
98.02196168882959         588.1371566479943
98.6813077925531          589.5137447832662
99.3406538962766          590.8903329185383
100.00000000000011        592.2669210538103
100.65934610372362        594.2510253575015
101.31869220744713        596.2351296611926
101.97803831117064        598.2192339648836
102.63738441489414        600.2033382685747
103.29673051861766        602.0150322147089
103.95607662234117        603.826726160843
104.6154227260647         605.6384201069772
105.2747688297882         607.4501140531113
105.93411493351171        609.4556654371104
106.59346103723522        611.4612168211096
107.25280714095872        613.4667682051088
107.91215324468223        615.4723195891079
108.57149934840574        616.8972301986605
109.23084545212926        618.322140808213
109.89019155585277        619.7470514177655
110.54953765957629        621.1719620273182
111.2088837632998         622.5486126232968
111.86822986702332        623.9252632192754
112.52757597074684        625.301913815254
113.18692207447035        626.6785644112326
113.84626817819385        627.9560562572572
114.50561428191737        629.2335481032817
115.1649603856409         630.5110399493061
115.8243064893644         631.7885317953306
116.48365259308792        633.7880942865992
117.14299869681142        635.7876567778677
117.80234480053493        637.7872192691362
118.46169090425845        639.7867817604048
119.12103700798195        640.8478656337888
119.78038311170546        641.9089495071728
120.43972921542897        642.9700333805567
121.09907531915246        644.0311172539408
121.75842142287597        645.7444778345543
122.41776752659949        647.457838415168
123.07711363032301        649.1711989957815
123.73645973404652        650.8845595763951
124.39580583777004        652.3328751797638
125.05515194149355        653.7811907831326
125.71449804521708        655.2295063865015
126.37384414894059        656.6778219898703
127.0331902526641         657.7483771133891
127.6925363563876         658.8189322369078
128.35188246011114        659.8894873604266
129.01122856383466        660.9600424839455
129.67057466755816        662.3102072190765
130.3299207712817         663.6603719542074
130.9892668750052         665.0105366893384
131.64861297872872        666.3607014244694
132.30795908245224        667.829073072677
132.96730518617574        669.2974447208846
133.62665128989926        670.7658163690921
134.28599739362278        672.2341880172997
134.9453434973463         674.2229594874626
135.6046896010698         676.2117309576255
136.26403570479334        678.2005024277884
136.92338180851684        680.1892738979512
137.58272791224036        681.4817033521292
138.24207401596382        682.7741328063071
138.90142011968734        684.0665622604851
139.56076622341084        685.358991714663
140.2201123271344         686.7193506790331
140.87945843085788        688.0797096434032
141.5388045345814         689.4400686077732
142.19815063830492        690.8004275721433
142.85749674202845        692.2161640443226
143.51684284575194        693.6319005165017
144.17618894947546        695.0476369886808
144.83553505319895        696.46337346086
145.49488115692247        698.1766368765344
146.15422726064597        699.889900292209
146.81357336436952        701.6031637078834
147.472919468093          703.3164271235578
148.13226557181653        704.6746529661893
148.79161167554005        706.0328788088208
149.45095777926358        707.3911046514522
150.11030388298707        708.7493304940838
150.7696499867106         709.8334122584616
151.42899609043408        710.9174940228394
152.0883421941576         712.0015757872172
152.7476882978811         713.085657551595
153.40703440160462        714.3087475841461
154.0663805053281         715.5318376166972
154.72572660905163        716.7549276492483
155.38507271277513        717.9780176817994
156.04441881649868        719.2404468708858
156.70376492022217        720.5028760599721
157.3631110239457         721.7653052490585
158.0224571276692         723.0277344381449
158.68180323139273        723.9685809732089
159.34114933511623        724.9094275082728
160.00049543883972        725.8502740433366
160.6598415425632         726.7911205784005
161.3191876462867         728.4816120519932
161.97853375001026        730.1721035255858
162.63787985373375        731.8625949991786
163.29722595745727        733.5530864727712
163.9565720611808         734.9553031948944
164.61591816490434        736.3575199170176
165.27526426862786        737.7597366391408
165.93461037235141        739.1619533612641
166.5939564760749         740.5713376126562
167.25330257979843        741.9807218640481
167.9126486835219         743.3901061154401
168.57199478724544        744.7994903668321
169.23134089096894        746.1888534162189
169.89068699469246        747.5782164656058
170.55003309841598        748.9675795149926
171.2093792021395         750.3569425643796
171.868725305863          751.5216989539238
172.52807140958652        752.686455343468
173.18741751331           753.8512117330121
173.84676361703353        755.0159681225563
174.50610972075702        756.105432201321
175.16545582448055        757.1948962800859
175.82480192820404        758.2843603588507
176.48414803192756        759.3738244376154
177.14349413565108        760.8201200590792
177.80284023937463        762.2664156805429
178.46218634309815        763.7127113020065
179.1215324468217         765.1590069234702
179.7808785505452         766.3660202101919
180.44022465426872        767.5730334969136
181.0995707579922         768.7800467836353
181.75891686171573        769.987060070357
182.41826296543923        771.1782112953093
183.07760906916275        772.3693625202618
183.73695517288624        773.5605137452142
184.39630127660973        774.7516649701665
185.0537645399095         776.0642108708058
185.7112278032093         777.3767567714451
186.36869106650914        778.6893026720844
187.0261543298089         780.0018485727237
187.6836175931087         781.2031350806482
188.3410808564085         782.4044215885726
188.9985441197083         783.6057080964971
189.65600738300805        784.8069946044216
190.30983243926204        786.1188805746104
190.96365749551603        787.4307665447993
191.61748255176997        788.7426525149881
192.27130760802396        790.054538485177
192.92513266427792        790.8498260690042
193.57895772053192        791.6451136528314
194.2327827767859         792.4404012366585
194.88660783303988        793.2356888204857
195.53216595139           794.427928348352
196.17772406974012        795.6201678762181
196.82328218809025        796.8124074040844
197.46884030644037        798.0046469319507
198.1016302298303         798.5741243853772
198.73442015322019        799.1436018388038
199.36721007661012        799.7130792922302
200                       800.2825567456567
0                         318.0382249845443
0.6407774786434873        317.9231502835511
1.2815549572869747        317.8080755825578
1.9223324359304619        317.69300088156456
2.5631099145739493        317.57792618057135
3.2091708358038584        317.0556845461588
3.855231757033768         316.53344291174625
4.501292678263677         316.0112012773337
5.147353599493586         315.48895964292115
5.793791909479668         314.9862205032503
6.44023021946575          314.4834813635795
7.086668529451832         313.9807422239086
7.733106839437914         313.47800308423774
8.387647423645458         314.01169947651977
9.042188007853001         314.54539586880185
9.696728592060543         315.07909226108393
10.351269176268087        315.612788653366
11.005809760475632        316.1384439897298
11.660350344683177        316.6640993260936
12.314890928890721        317.18975466245746
12.969431513098266        317.71540999882126
13.627998315671329        318.83446828427753
14.286565118244388        319.95352656973387
14.945131920817449        321.07258485519014
15.60369872339051         322.1916431406465
16.26304482711402         323.15066924828193
16.922390930837533        324.1096953559174
17.581737034561048        325.06872146355283
18.24108313828456         326.0277475711883
18.900429242008073        327.998846454386
19.559775345731584        329.9699453375837
20.219121449455095        331.94104422078135
20.87846755317861         333.9121431039791
21.53781365690212         335.6264877003947
22.197159760625635        337.3408322968104
22.856505864349142        339.0551768932261
23.515851968072653        340.76952148964176
24.175198071796167        342.7470242142264
24.834544175519678        344.7245269388111
25.49389027924319         346.7020296633957
26.153236382966703        348.6795323879804
26.812582486690218        351.5030739461613
27.471928590413732        354.32661550434216
28.131274694137247        357.150157062523
28.790620797860765        359.97369862070394
29.449966901584272        361.7721629004919
30.109313005307786        363.57062718027987
30.768659109031297        365.3690914600678
31.428005212754808        367.16755573985574
32.087351316478326        368.96435283275764
32.74669742020183         370.76114992565954
33.40604352392534         372.5579470185615
34.065389627648855        374.3547441114634
34.72473573137237         377.47494192040733
35.38408183509588         380.5951397293512
36.04342793881939         383.7153375382951
36.702774042542906        386.83553534723904
37.36212014626642         389.0662438061212
38.021466249989935        391.29695226500337
38.68081235371344         393.5276607238855
39.34015845743696         395.75836918276764
39.99950456116047         397.6831856171832
40.658850664883985        399.60800205159876
41.3181967686075          401.5328184860143
41.977542872331014        403.4576349204299
42.63688897605453         405.5801102138513
43.29623507977804         407.7025855072727
43.95558118350156         409.8250608006942
44.61492728722507         411.9475360941156
45.27427339094858         414.74202195762143
45.93361949467209         417.53650782112726
46.5929655983956          420.3309936846331
47.25231170211911         423.1254795481389
47.91165780584262         425.7493531597489
48.57100390956614         428.37322677135893
49.23035001328965         430.99710038296894
49.889696117013166        433.62097399457895
50.54904222073668         435.77782507383625
51.20838832446019         437.9346761530935
51.867734428183695        440.0915272323508
52.52708053190721         442.2483783116081
53.18642663563072         444.27591550243795
53.84577273935423         446.3034526932678
54.505118843077746        448.33098988409756
55.16446494680125         450.3585270749274
55.82381105052477         452.79753404303324
56.48315715424828         455.23654101113914
57.142503257971796        457.67554797924504
57.80184936169531         460.1145549473509
58.461195465418825        461.97783386415756
59.12054156914233         463.8411127809643
59.77988767286584         465.704391697771
60.439233776589354        467.56767061457765
61.098579880312876        469.18605674762733
61.75792598403639         470.80444288067713
62.41727208775991         472.4228290137268
63.076618191483426        474.04121514677655
63.735964295206934        476.6612616795421
64.39531039893045         479.28130821230764
65.05465650265396         481.9013547450732
65.71400260637746         484.5214012778388
66.37334871010097         487.55894012474107
67.03269481382448         490.59647897164336
67.69204091754798         493.6340178185457
68.3513870212715          496.671556665448
69.01073312499501         499.07297426351846
69.67007922871854         501.4743918615889
70.32942533244204         503.87580945965937
70.98877143616555         506.2772270577298
71.64811753988906         508.46706556518745
72.30746364361256         510.65690407264503
72.96680974733609         512.8467425801026
73.6261558510596          515.0365810875602
74.28550195478311         516.666346696662
74.94484805850662         518.2961123057637
75.60419416223013         519.9258779148654
76.26354026595365         521.5556435239671
76.92288636967716         523.507279205191
77.58223247340067         525.458914886415
78.24157857712417         527.410550567639
78.90092468084768         529.3621862488629
79.56027078457119         531.2200192703839
80.21961688829471         533.077852291905
80.87896299201822         534.9356853134259
81.53830909574172         536.7935183349468
82.19765519946525         539.0077362898166
82.85700130318877         541.2219542446865
83.51634740691227         543.4361721995564
84.1756935106358          545.6503901544262
84.8350396143593          547.7170558367736
85.49438571808282         549.783721519121
86.15373182180633         551.8503872014684
86.81307792552984         553.9170528838158
87.47242402925336         556.014555530155
88.13177013297688         558.1120581764942
88.7911162367004          560.2095608228334
89.45046234042393         562.3070634691726
90.10980844414743         563.793550980605
90.76915454787094         565.2800384920373
91.42850065159446         566.7665260034696
92.08784675531797         568.253013514902
92.74719285904148         569.865753896798
93.40653896276498         571.4784942786939
94.06588506648849         573.0912346605899
94.72523117021201         574.7039750424858
95.38457727393553         576.5889226020022
96.04392337765904         578.4738701615184
96.70326948138258         580.3588177210347
97.36261558510608         582.2437652805511
98.02196168882959         583.9076553859264
98.6813077925531          585.5715454913018
99.3406538962766          587.2354355966771
100.00000000000011        588.8993257020525
100.65934610372362        590.6331703161587
101.31869220744713        592.367014930265
101.97803831117064        594.1008595443711
102.63738441489414        595.8347041584774
103.29673051861766        597.130557514461
103.95607662234117        598.4264108704447
104.6154227260647         599.7222642264283
105.2747688297882         601.018117582412
105.93411493351171        602.3310458693757
106.59346103723522        603.6439741563394
107.25280714095872        604.9569024433031
107.91215324468223        606.2698307302668
108.57149934840574        608.092392714069
109.23084545212926        609.914954697871
109.89019155585277        611.7375166816732
110.54953765957629        613.5600786654753
111.2088837632998         615.468746402686
111.86822986702332        617.3774141398967
112.52757597074684        619.2860818771073
113.18692207447035        621.1947496143181
113.84626817819385        622.6029528335224
114.50561428191737        624.0111560527267
115.1649603856409         625.4193592719311
115.8243064893644         626.8275624911354
116.48365259308792        627.9570650590978
117.14299869681142        629.08656762706
117.80234480053493        630.2160701950224
118.46169090425845        631.3455727629848
119.12103700798195        632.9665079159365
119.78038311170546        634.5874430688882
120.43972921542897        636.2083782218399
121.09907531915246        637.8293133747916
121.75842142287597        639.2986671452986
122.41776752659949        640.7680209158057
123.07711363032301        642.2373746863128
123.73645973404652        643.7067284568199
124.39580583777004        644.9662872951826
125.05515194149355        646.2258461335452
125.71449804521708        647.485404971908
126.37384414894059        648.7449638102707
127.0331902526641         649.8187184336891
127.6925363563876         650.8924730571076
128.35188246011114        651.9662276805261
129.01122856383466        653.0399823039445
129.67057466755816        654.3061787711443
130.3299207712817         655.5723752383442
130.9892668750052         656.838571705544
131.64861297872872        658.1047681727439
132.30795908245224        659.3010980277625
132.96730518617574        660.497427882781
133.62665128989926        661.6937577377996
134.28599739362278        662.8900875928182
134.9453434973463         664.0426825767854
135.6046896010698         665.1952775607526
136.26403570479334        666.3478725447197
136.92338180851684        667.500467528687
137.58272791224036        668.65842877161
138.24207401596382        669.816390014533
138.90142011968734        670.974351257456
139.56076622341084        672.132312500379
140.2201123271344         672.8812946013894
140.87945843085788        673.6302767023998
141.5388045345814         674.3792588034102
142.19815063830492        675.1282409044205
142.85749674202845        676.341662625785
143.51684284575194        677.5550843471497
144.17618894947546        678.7685060685142
144.83553505319895        679.9819277898787
145.49488115692247        681.4856365393059
146.15422726064597        682.9893452887331
146.81357336436952        684.4930540381603
147.472919468093          685.9967627875875
148.13226557181653        687.2111581197223
148.79161167554005        688.4255534518571
149.45095777926358        689.6399487839919
150.11030388298707        690.8543441161268
150.7696499867106         692.1531564190371
151.42899609043408        693.4519687219477
152.0883421941576         694.750781024858
152.7476882978811         696.0495933277685
153.40703440160462        696.916799964674
154.0663805053281         697.7840066015796
154.72572660905163        698.6512132384851
155.38507271277513        699.5184198753906
156.04441881649868        700.5609429042369
156.70376492022217        701.603465933083
157.3631110239457         702.6459889619293
158.0224571276692         703.6885119907756
158.68180323139273        704.2972814138104
159.34114933511623        704.9060508368452
160.00049543883972        705.5148202598799
160.6598415425632         706.1235896829147
161.3191876462867         707.4981630390566
161.97853375001026        708.8727363951987
162.63787985373375        710.2473097513407
163.29722595745727        711.6218831074827
163.9565720611808         712.6975840352904
164.61591816490434        713.7732849630984
165.27526426862786        714.8489858909061
165.93461037235141        715.9246868187139
166.5939564760749         717.12056258439
167.25330257979843        718.3164383500659
167.9126486835219         719.5123141157419
168.57199478724544        720.7081898814179
169.23134089096894        721.6119712870898
169.89068699469246        722.5157526927617
170.55003309841598        723.4195340984336
171.2093792021395         724.3233155041055
171.868725305863          725.2202841462031
172.52807140958652        726.1172527883004
173.18741751331           727.014221430398
173.84676361703353        727.9111900724955
174.50610972075702        729.2477748174913
175.16545582448055        730.584359562487
175.82480192820404        731.9209443074827
176.48414803192756        733.2575290524785
177.14349413565108        734.1909042165769
177.80284023937463        735.1242793806751
178.46218634309815        736.0576545447734
179.1215324468217         736.9910297088718
179.7808785505452         737.9454900367377
180.44022465426872        738.8999503646037
181.0995707579922         739.8544106924695
181.75891686171573        740.8088710203355
182.41826296543923        741.9955766286449
183.07760906916275        743.1822822369545
183.73695517288624        744.368987845264
184.39630127660973        745.5556934535736
185.05564738033326        746.2400171153555
185.71499348405678        746.9243407771373
186.3743395877803         747.6086644389193
187.0336856915038         748.2929881007011
187.6930317952273         749.3936387865822
188.3523778989508         750.4942894724634
189.01172400267436        751.5949401583445
189.67107010639785        752.6955908442255
190.33041370365387        753.5587725658247
190.98975730090984        754.4219542874238
191.6491008981658         755.2851360090228
192.3084444954218         756.148317730622
192.97063571163793        756.9465465109308
193.63282692785398        757.7447752912394
194.2950181440701         758.5430040715481
194.9572093602862         759.3412328518568
195.58755819025043        760.1402496563591
196.21790702021468        760.9392664608615
196.8482558501789         761.7382832653637
197.47860468014315        762.5373000698661
198.10895351010737        763.3929002038394
198.7393023400716         764.2485003378129
199.3696511700358         765.1041004717862
200                       765.9597006057595
