% Model:              Cav_Hex_Unif_flux_v5.2.1 - Lin. Distn.mph
% Version:            COMSOL 5.5.0.359
% Date:               Dec 7 2021, 15:21
% Dimension:          1
% Nodes:              2046
% Expressions:        1
% Description:        Line graph
% x                       Height
0                         923.4639954611625
8.333333333333334E-5      923.4643088344804
1.666666666666667E-4      923.4646222077982
2.5000000000000006E-4     923.464935581116
5.042397592867579E-4      923.4687517199287
7.584795185735157E-4      923.4725678587414
0.0010127192778602735     923.4763839975541
0.001322900070639235      923.4754306722613
0.0016330808634181966     923.4744773469683
0.0019432616561971582     923.4735240216755
0.0023219575570914202     923.4685946457844
0.0027006534579856814     923.463665269893
0.0030793493588799434     923.4587358940017
0.0035416948550616102     923.4460890533865
0.004004040351243277      923.4334422127711
0.004466385847424943      923.4207953721557
0.00503085817821552       923.4114514517819
0.005595330509006097      923.402107531408
0.006159802839796675      923.3927636110341
0.006848960655452134      923.3737268370452
0.007538118471107591      923.3546900630562
0.00822727628676305       923.3356532890673
0.009068661185490792      923.3107985648356
0.009910046084218534      923.2859438406039
0.010751430982946276      923.2610891163722
0.011778668187142472      923.2376719008726
0.012805905391338671      923.2142546853728
0.013833142595534868      923.190837469873
0.015087284754819649      923.1677003307312
0.016341426914104427      923.1445631915894
0.01759556907338921       923.1214260524476
0.01912673689836989       923.0999329056486
0.020657904723350568      923.0784397588495
0.022189072548331242      923.0569466120505
0.024058457841608056      923.0358839717761
0.025927843134884866      923.0148213315016
0.027797228428161683      922.9937586912271
0.030079539561983865      922.9710667718745
0.03236185069580604       922.9483748525217
0.034644161829628234      922.9256829331691
0.03743060940160754       922.8992844871343
0.040217056973586844      922.8728860410994
0.04300350454556615       922.8464875950644
0.04640544653160518       922.8196543341521
0.049807388517644186      922.7928210732398
0.0532093305036832        922.7659878123275
0.05736272258351388       922.7317535800512
0.06151611466334456       922.6975193477748
0.06566950674317525       922.6632851154985
0.0707403356519417        922.6206497168083
0.07581116456070815       922.5780143181179
0.08088199346947458       922.5353789194274
0.08707291051454011       922.4797287102975
0.09326382755960562       922.4240785011675
0.09945474460467113       922.3684282920376
0.10701316445046347       922.3059527810401
0.11457158429625577       922.2434772700425
0.12213000414204808       922.1810017590449
0.13135799252392177       922.0965312272742
0.14058598090579544       922.0120606955035
0.1498139692876691        921.9275901637327
0.16108031480870122       921.8317816288538
0.1723466603297333        921.7359730939748
0.18361300585076543       921.6401645590959
0.19736795830041196       921.5273712997931
0.21112291075005843       921.4145780404904
0.22487786319970496       921.3017847811876
0.24167112739864502       921.1663362942737
0.258464391597585         921.0308878073597
0.27525765579652506       920.8954393204457
0.2957603600760549        920.7285949858568
0.31626306435558466       920.5617506512677
0.33676576863511454       920.3949063166788
0.3617972859025275        920.1864164660856
0.38682880316994045       919.9779266154923
0.41186032043735343       919.7694367648991
0.442421013708015         919.5135782164097
0.4729817069786765        919.2577196679201
0.503542400249338         919.0018611194307
0.5408536012924785        918.7091611509096
0.578164802335619         918.4164611823883
0.6154760033787594        918.1237612138669
0.6610288221890522        917.782720376514
0.7065816409993448        917.441679539161
0.7521344598096377        917.1006387018081
0.8070527523725441        916.6861221480149
0.8619710449354507        916.2716055942217
0.9168893374983572        915.8570890404285
0.9807154045623828        915.3680362057077
1.0445414716264085        914.8789833709868
1.108367538690434         914.389930536266
1.1800761543336264        913.8325540337493
1.2517847699768185        913.2751775312324
1.323493385620011         912.7178010287157
1.3996215364329496        912.1290772316014
1.4757496872458882        911.5403534344869
1.551877838058827         910.9516296373723
1.6284701314595462        910.3800578941499
1.7050624248602653        909.8084861509274
1.7816547182609848        909.236914407705
1.858282909808819         908.6707368318283
1.934911101356653         908.1045592559516
2.0115392929044873        907.538381680075
2.0881674952614726        906.9703733299671
2.1647956976184584        906.402364979859
2.2414238999754437        905.834356629751
2.3180521023324285        905.2738522946141
2.3946803046894134        904.7133479594771
2.471308507046398         904.1528436243402
2.547936709403383         903.6086003793079
2.6245649117603684        903.0643571342753
2.7011931141173537        902.5201138892427
2.7778213164743386        901.9911703763217
2.8544495188313235        901.4622268634006
2.931077721188309         900.9332833504795
3.0077059235452945        900.4185555546142
3.0843341259022794        899.9038277587485
3.1609623282592647        899.389099962883
3.23759053061625          898.896062258106
3.314218732973235         898.4030245533288
3.3908469353302206        897.9099868485516
3.4674751376872055        897.4361962406912
3.5441033400441904        896.9624056328306
3.620731542401176         896.48861502497
3.697359744758161         896.0214374265646
3.7739879471151454        895.554259828159
3.8506161494721303        895.0870822297536
3.927244351829116         894.6333854905359
4.003872554186101         894.179688751318
4.080500756543087         893.7259920121003
4.1571289589000715        893.2793619517945
4.2337571612570555        892.8327318914885
4.31038536361404          892.3861018311825
4.387013565971026         891.9554324494565
4.463641768328012         891.5247630677303
4.540269970684998         891.0940936860043
4.616898173041982         890.6720510796159
4.693526375398966         890.2500084732276
4.77015457775595          889.8279658668392
4.846782780112936         889.4150237318394
4.923410982469921         889.0020815968394
5.000039184826907         888.5891394618395
5.0766673871838925        888.1909916025962
5.153295589540877         887.7928437433527
5.229923791897862         887.3946958841093
5.306551994254846         887.0095183616924
5.38318019661183          886.6243408392752
5.459808398968814         886.2391633168581
5.536436601325801         885.8669924250843
5.6130648036827875        885.4948215333102
5.689693006039773         885.1226506415361
5.766321208396758         884.7636460686288
5.842949410753742         884.4046414957212
5.919577613110726         884.0456369228137
5.996205815467712         883.698848222894
6.072834017824698         883.3520595229741
6.149462220181683         883.0052708230542
6.226090422538667         882.6662319644903
6.30271862489565          882.3271931059263
6.379346827252634         881.9881542473623
6.455975029609621         881.6621974040274
6.532603231966607         881.3362405606924
6.609231434323593         881.0102837173574
6.685859636680579         880.6952890540232
6.762487839037564         880.3802943906888
6.839116041394549         880.0652997273545
6.915744243751535         879.7558411640815
6.992372446108519         879.4463826008084
7.069000648465504         879.1369240375353
7.145628850822488         878.8377049777629
7.222257053179472         878.5384859179904
7.298885255536457         878.239266858218
7.375513457893443         877.951505871456
7.452141660250428         877.6637448846939
7.5287698626074135        877.3759838979319
7.6053980649643975        877.0994756207317
7.6820262673213815        876.8229673435313
7.758654469678366         876.5464590663311
7.835282672035353         876.2772085517427
7.911910874392338         876.007958037154
7.988539076749324         875.7387075225654
8.065167279106308         875.4797918859465
8.141795481463292         875.2208762493275
8.218423683820276         874.9619606127086
8.295051886177264         874.7127876827092
8.371680088534248         874.4636147527096
8.448308290891234         874.2144418227102
8.524936493248221         873.9756228534364
8.601564695605203         873.7368038841624
8.678192897962187         873.4979849148884
8.754821100319173         873.2668617136568
8.831449302676157         873.035738512425
8.908077505033143         872.8046153111933
8.984705707390129         872.5810463853783
9.061333909747113         872.3574774595631
9.137962112104097         872.133908533748
9.214590314461084         871.9176248480811
9.29121851681807          871.7013411624142
9.367846719175056         871.4850574767473
9.44447492153204          871.2739445305392
9.521103123889024         871.0628315843311
9.59773132624601          870.851718638123
9.674359528602995         870.6466344393139
9.75098773095998          870.4415502405047
9.827615933316967         870.2364660416956
9.90424413567395          870.0400846183223
9.980872338030935         869.843703194949
10.057500540387919        869.6473217715757
10.134128742744906        869.4589965794371
10.210756945101894        869.2706713872983
10.28738514745888         869.0823461951596
10.364013349815865        868.8997824147082
10.440641552172849        868.7172186342566
10.517269754529835        868.534654853805
10.59389795688682         868.3609972866388
10.670526159243805        868.1873397194726
10.74715436160079         868.0136821523063
10.823782563957776        867.8455884715448
10.90041076631476         867.6774947907832
10.977038968671748        867.5094011100216
11.053667171028732        867.3481082566959
11.130295373385716        867.1868154033701
11.2069235757427          867.0255225500445
11.283551778099685        866.8690788957314
11.360179980456671        866.7126352414182
11.436808182813657        866.5561915871051
11.513436385170642        866.40609206884
11.590064587527628        866.2559925505748
11.666692789884612        866.1058930323096
11.743320992241596        865.9615904750945
11.81994919459858         865.8172879178792
11.896577396955564        865.6729853606639
11.973205599312552        865.5340419479587
12.049833801669536        865.3950985352535
12.126462004026523        865.2561551225483
12.203090206383507        865.121488127257
12.279718408740488        864.9868211319655
12.356346611097472        864.852154136674
12.432974813454459        864.7234899752272
12.509603015811443        864.5948258137802
12.586231218168429        864.4661616523333
12.662859420525415        864.3418515332626
12.7394876228824          864.2175414141917
12.816115825239386        864.0932312951209
12.892744027596372        863.9724019889991
12.969372229953356        863.8515726828771
13.04600043231034         863.7307433767552
13.122628634667326        863.6156776363433
13.199256837024311        863.5006118959313
13.275885039381297        863.3855461555195
13.352513241738285        863.2749843429395
13.42914144409527         863.1644225303595
13.505769646452256        863.0538607177796
13.582397848809242        862.9464736532198
13.659026051166226        862.8390865886598
13.735654253523208        862.7316995240999
13.812282455880194        862.628606237645
13.888910658237178        862.5255129511901
13.965538860594162        862.4224196647352
14.042167062951147        862.3237434941154
14.118795265308133        862.2250673234954
14.195423467665117        862.1263911528755
14.272051670022105        862.0316998985643
14.348679872379089        861.937008644253
14.425308074736074        861.8423173899416
14.50193627709306         861.7518978440861
14.578564479450044        861.6614782982305
14.65519268180703         861.5710587523748
14.731820884164014        861.4834577676368
14.808449086520996        861.3958567828986
14.88507728887798         861.3082557981605
14.961705491234966        861.2247634595456
15.038333693591952        861.1412711209306
15.114961895948936        861.0577787823156
15.191590098305923        860.9776021687393
15.26821830066291         860.897425555163
15.344846503019896        860.8172489415866
15.421474705376884        860.7409155010259
15.49810290773387         860.6645820604652
15.574731110090855        860.5882486199046
15.651359312447841        860.5148560323361
15.727987514804823        860.4414634447675
15.804615717161807        860.3680708571989
15.881243919518791        860.2979553668031
15.957872121875779        860.2278398764071
16.034500324232763        860.1577243860112
16.111128526589745        860.0906581253045
16.187756728946734        860.0235918645976
16.264384931303717        859.9565256038909
16.341013133660702        859.8923791743325
16.41764133601768         859.8282327447741
16.494269538374667        859.7640863152158
16.570897740731652        859.7027913033022
16.647525943088638        859.6414962913885
16.724154145445628        859.5802012794749
16.800782347802613        859.5219525207933
16.877410550159595        859.4637037621117
16.95403875251658         859.40545500343
17.030666954873567        859.3498152326755
17.10729515723055         859.2941754619209
17.183923359587535        859.2385356911662
17.260551561944517        859.1851826967962
17.337179764301503        859.1318297024262
17.413807966658485        859.0784767080562
17.490436169015474        859.0279687877379
17.567064371372457        858.9774608674196
17.643692573729442        858.9269529471013
17.720320776086428        858.8789303477566
17.796948978443414        858.830907748412
17.873577180800396        858.7828851490673
17.950205383157385        858.7368213426696
18.026833585514364        858.6907575362718
18.103461787871353        858.644693729874
18.18008999022834         858.6002994712584
18.256718192585325        858.5559052126426
18.333346394942307        858.5115109540269
18.409974597299296        858.4695376978469
18.486602799656275        858.4275644416668
18.56323100201326         858.3855911854868
18.639859204370246        858.3459830526389
18.716487406727232        858.3063749197909
18.793115609084218        858.2667667869429
18.8697438114412          858.2291451649977
18.94637201379819         858.1915235430524
19.02300021615517         858.1539019211073
19.099628418512157        858.1181490318862
19.17625662086914         858.0823961426651
19.252884823226125        858.046643253444
19.32951302558311         858.0126795442097
19.406141227940097        857.9787158349753
19.48276943029708         857.9447521257409
19.55939763265407         857.9129577147405
19.636025835011047        857.88116330374
19.712654037368033        857.8493688927396
19.78928223972502         857.819380518744
19.865910442082004        857.7893921447481
19.94253864443899         857.7594037707524
20.01916684679598         857.730771835245
20.09579504915296         857.7021398997375
20.172423251509947        857.67350796423
20.249051453866933        857.6470257820876
20.325679656223915        857.620543599945
20.402307858580897        857.5940614178025
20.478936060937887        857.5692408415325
20.55556426329487         857.5444202652624
20.632192465651855        857.5195996889922
20.708820668008837        857.496574063732
20.785448870365823        857.4735484384719
20.862077072722805        857.4505228132117
20.938705275079794        857.4289392885496
21.015333477436776        857.4073557638875
21.091961679793762        857.3857722392254
21.16858988215075         857.3656160204878
21.245218084507737        857.3454598017502
21.321846286864726        857.3253035830126
21.39847448922171         857.3067079162807
21.475102691578694        857.2881122495488
21.551730893935673        857.2695165828169
21.628359096292655        857.2523806900377
21.704987298649634        857.2352447972585
21.78161550100662         857.2181089044792
21.858243703363605        857.2022839546728
21.93487190572059         857.1864590048662
22.011500108077577        857.1706340550595
22.088128310434566        857.1563226538223
22.164756512791545        857.1420112525849
22.241384715148534        857.1276998513475
22.318012917505516        857.1147230415486
22.394641119862502        857.1017462317494
22.47126932221948         857.0887694219504
22.54789752457647         857.0770495533777
22.624525726933456        857.065329684805
22.70115392929044         857.0536098162322
22.777782131647427        857.0431769228379
22.854410334004413        857.0327440294436
22.9310385363614          857.0223111360493
23.007666738718388        857.0129446442901
23.08429494107537         857.0035781525308
23.160923143432353        856.9942116607716
23.237551345789342        856.9862415544591
23.314179548146324        856.9782714481464
23.39080775050331         856.9703013418339
23.467435952860292        856.9632991386139
23.544064155217278        856.9562969353939
23.62069235757426         856.9492947321738
23.69732055993125         856.9435480461409
23.773948762288228        856.9378013601079
23.850576964645214        856.932054674075
23.9272051670022          856.9272820727821
24.003833369359185        856.9225094714891
24.080461571716164        856.9177368701961
24.157089774073157        856.9140701989998
24.23371797643014         856.9104035278033
24.31034617878713         856.9067368566069
24.386974381144114        856.9041826617535
24.463602583501096        856.9016284668999
24.54023078585808         856.8990742720463
24.616858988215068        856.8975705825159
24.69348719057205         856.8960668929855
24.770115392929036        856.894563203455
24.846743595286025        856.8942026686782
24.923371797643014        856.8938421339012
25                        856.8934815991242
0                         935.8786014750558
0.07575757575757576       935.1092055731066
0.15151515151515152       934.3398096711571
0.2272727272727273        933.5704137692078
0.3030303030303031        932.9469463244582
0.37878787878787884       932.3234788797084
0.45454545454545464       931.7000114349587
0.5303030303030304        931.1195592153658
0.6060606060606061        930.5391069957728
0.6818181818181818        929.9586547761799
0.7575757575757576        929.4296932251785
0.8333333333333333        928.9007316741771
0.9090909090909092        928.3717701231758
0.9848484848484849        927.8628763699465
1.0606060606060606        927.3539826167172
1.1363636363636362        926.8450888634878
1.2121212121212122        926.3676281345165
1.2878787878787876        925.8901674055451
1.3636363636363635        925.4127066765736
1.4393939393939394        924.9621802284255
1.515151515151515         924.5116537802772
1.590909090909091         924.061127332129
1.6666666666666665        923.6414106473882
1.7424242424242424        923.2216939626472
1.818181818181818         922.8019772779063
1.893939393939394         922.4023927300391
1.9696969696969702        922.0028081821717
2.045454545454546         921.6032236343045
2.121212121212122         921.2275970663466
2.1969696969696972        920.8519704983884
2.272727272727273         920.4763439304302
2.348484848484849         920.1242903795719
2.4242424242424248        919.7722368287135
2.5000000000000004        919.4201832778551
2.5765306122448983        919.080133885464
2.653061224489796         918.7400844930727
2.729591836734694         918.4000351006814
2.8061224489795924        918.0840235536747
2.8826530612244903        917.7680120066678
2.959183673469388         917.452000459661
3.0357142857142865        917.1359873372259
3.112244897959184         916.8199742147906
3.1887755102040822        916.5039610923553
3.2653061224489806        916.184319105156
3.341836734693878         915.8646771179564
3.4183673469387763        915.5450351307569
3.4948979591836746        915.2161225117354
3.571428571428573         914.8872098927138
3.6479591836734713        914.5582972736922
3.7244897959183696        914.2209032420002
3.801020408163267         913.8835092103081
3.8775510204081645        913.5461151786161
3.954081632653063         913.2008197693381
4.03061224489796          912.85552436006
4.107142857142858         912.510228950782
4.183673469387756         912.1509568351927
4.260204081632653         911.7916847196033
4.336734693877552         911.432412604014
4.41326530612245          911.0825559168974
4.489795918367348         910.7326992297807
4.566326530612247         910.382842542664
4.642857142857145         910.0270342321817
4.7193877551020424        909.6712259216994
4.795918367346941         909.3154176112171
4.87244897959184          908.9508675540809
4.9489795918367365        908.5863174969446
5.025510204081635         908.2217674398083
5.102040816326534         907.8648993464834
5.1785714285714315        907.5080312531583
5.25510204081633          907.1511631598332
5.331632653061228         906.799028043812
5.408163265306126         906.4468929277906
5.484693877551024         906.0947578117693
5.561224489795921         905.745872151572
5.63775510204082          905.3969864913747
5.714285714285717         905.0481008311774
5.790816326530615         904.7056952022808
5.867346938775513         904.3632895733841
5.943877551020412         904.0208839444875
6.02040816326531          903.6883869321084
6.096938775510208         903.3558899197291
6.173469387755107         903.0233929073497
6.250000000000005         902.7037566638257
6.326530612244903         902.3841204203017
6.403061224489801         902.0644841767777
6.4795918367346985        901.7536953296992
6.556122448979596         901.4429064826207
6.632653061224494         901.1321176355423
6.709183673469393         900.829995250951
6.785714285714291         900.5278728663596
6.862244897959189         900.2257504817683
6.938775510204088         899.9336038596508
7.015306122448984         899.6414572375331
7.0918367346938815        899.3493106154156
7.168367346938781         899.0652819738749
7.244897959183679         898.7812533323341
7.321428571428577         898.4972246907934
7.397959183673475         898.2227609716587
7.474489795918372         897.9482972525237
7.551020408163268         897.6738335333888
7.627551020408167         897.4107826541597
7.7040816326530654        897.1477317749304
7.780612244897964         896.8846808957013
7.857142857142863         896.6316938250042
7.933673469387762         896.3787067543069
8.010204081632661         896.1257196836096
8.086734693877558         895.8811398166599
8.163265306122454         895.6365599497101
8.239795918367353         895.3919800827603
8.316326530612251         895.1569522731279
8.392857142857148         894.9219244634953
8.469387755102046         894.6868966538628
8.545918367346944         894.4612880114971
8.62244897959184          894.2356793691312
8.698979591836741         894.0100707267652
8.775510204081638         893.7935666345884
8.852040816326536         893.5770625424115
8.928571428571434         893.3605584502346
9.005102040816332         893.1512432598212
9.081632653061229         892.9419280694077
9.158163265306127         892.7326128789942
9.234693877551027         892.5279158553618
9.311224489795924         892.3232188317293
9.387755102040822         892.1185218080967
9.46428571428572          891.9193964923576
9.540816326530619         891.7202711766183
9.617346938775515         891.5211458608792
9.693877551020416         891.3296238101324
9.770408163265312         891.1381017593856
9.84693877551021          890.9465797086388
9.92346938775511          890.7621597637645
10.000000000000009        890.5777398188902
10.076530612244905        890.393319874016
10.153061224489806        890.2164301477337
10.229591836734702        890.0395404214513
10.306122448979599        889.8626506951689
10.382653061224497        889.6890069046111
10.459183673469395        889.5153631140533
10.535714285714292        889.3417193234956
10.612244897959192        889.1726122471404
10.688775510204088        889.003505170785
10.765306122448987        888.8343980944298
10.841836734693887        888.6721887627995
10.918367346938785        888.5099794311689
10.994897959183685        888.3477700995384
11.071428571428584        888.1921759588423
11.147959183673482        888.036581818146
11.224489795918378        887.8809876774499
11.301020408163277        887.7311790114535
11.377551020408175        887.5813703454569
11.454081632653072        887.4315616794604
11.530612244897968        887.2878866069187
11.607142857142868        887.144211534377
11.683673469387765        887.0005364618352
11.760204081632661        886.8612668648798
11.83673469387756         886.7219972679243
11.913265306122456        886.5827276709688
11.989795918367356        886.4497148694803
12.066326530612256        886.3167020679917
12.142857142857157        886.1836892665033
12.219387755102055        886.0541584705021
12.295918367346955        885.9246276745009
12.372448979591855        885.7950968784997
12.448979591836752        885.6695483378576
12.525510204081648        885.5439997972153
12.602040816326543        885.4184512565731
12.678571428571443        885.296968208344
12.755102040816341        885.1754851601146
12.83163265306124         885.0540021118852
12.908163265306138        884.9387461444882
12.984693877551038        884.823490177091
13.061224489795935        884.708234209694
13.137755102040831        884.5968281711523
13.21428571428573         884.4854221326106
13.290816326530626        884.3740160940689
13.367346938775524        884.2667792112429
13.443877551020424        884.1595423284167
13.520408163265323        884.0523054455905
13.596938775510221        883.9495781388925
13.673469387755118        883.8468508321944
13.750000000000018        883.7441235254963
13.826530612244914        883.6448748540656
13.903061224489813        883.5456261826347
13.979591836734711        883.4463775112039
14.05612244897961         883.3517248109438
14.132653061224506        883.2570721106836
14.209183673469406        883.1624194104234
14.285714285714304        883.0708070088492
14.362244897959199        882.9791946072748
14.438775510204099        882.8875822057005
14.515306122448997        882.7995870012556
14.591836734693894        882.7115917968107
14.668367346938794        882.6235965923657
14.744897959183692        882.5397209727859
14.821428571428589        882.4558453532059
14.89795918367349         882.3719697336259
14.97448979591839         882.2918167963782
15.051020408163286        882.2116638591303
15.127551020408188        882.1315109218825
15.204081632653084        882.0551945786673
15.280612244897979        881.9788782354519
15.357142857142879        881.9025618922366
15.433673469387777        881.8288123950634
15.510204081632676        881.7550628978901
15.586734693877576        881.6813134007167
15.663265306122474        881.6108141900801
15.739795918367369        881.5403149794432
15.816326530612269        881.4698157688065
15.892857142857167        881.4026750379915
15.969387755102066        881.3355343071763
16.045918367346967        881.2683935763612
16.122448979591862        881.2039960698748
16.19897959183676         881.1395985633883
16.275510204081655        881.0752010569018
16.352040816326554        881.0138428106145
16.428571428571455        880.9524845643269
16.505102040816354        880.8911263180394
16.58163265306125         880.8323825420738
16.658163265306147        880.773638766108
16.73469387755104         880.7148949901423
16.811224489795944        880.6593072905049
16.887755102040842        880.6037195908673
16.964285714285744        880.5481318912298
17.040816326530642        880.4945603817305
17.117346938775537        880.440988872231
17.193877551020435        880.3874173627315
17.270408163265337        880.3367520425737
17.346938775510235        880.2860867224158
17.423469387755134        880.2354214022579
17.50000000000003         880.1869728090581
17.576530612244923        880.1385242158582
17.65306122448982         880.0900756226582
17.72959183673472         880.0438224349775
17.806122448979618        879.9975692472966
17.882653061224516        879.9513160596158
17.959183673469415        879.9080481938348
18.035714285714306        879.8647803280537
18.112244897959208        879.8215124622727
18.188775510204106        879.779624913261
18.265306122449005        879.7377373642494
18.341836734693903        879.6958498152377
18.4183673469388          879.6560043058453
18.494897959183696        879.6161587964527
18.571428571428598        879.5763132870602
18.647959183673496        879.5384864367065
18.72448979591839         879.5006595863526
18.80102040816329         879.4628327359989
18.877551020408188        879.4265068122913
18.954081632653086        879.3901808885837
19.030612244897988        879.3538549648762
19.107142857142886        879.319711882248
19.18367346938778         879.2855687996199
19.26020408163268         879.2514257169918
19.336734693877577        879.2190125944904
19.413265306122476        879.1865994719891
19.489795918367378        879.1541863494878
19.566326530612276        879.1232512046221
19.64285714285717         879.0923160597564
19.71938775510207         879.0613809148907
19.795918367346967        879.0325898382199
19.872448979591866        879.0037987615491
19.94897959183676         878.9750076848783
20.025510204081662        878.9479084939288
20.102040816326557        878.9208093029793
20.178571428571452        878.8937101120297
20.25510204081635         878.868185539243
20.33163265306125         878.8426609664562
20.408163265306147        878.8171363936693
20.484693877551045        878.7929641404321
20.56122448979594         878.7687918871948
20.637755102040835        878.7446196339574
20.714285714285733        878.7221133030631
20.79081632653063         878.6996069721687
20.86734693877553         878.6771006412743
20.94387755102043         878.6562572402752
21.020408163265323        878.635413839276
21.09693877551022         878.6145704382768
21.173469387755123        878.5952554812876
21.25000000000002         878.5759405242983
21.32653061224492         878.556625567309
21.40306122448982         878.5386511270624
21.479591836734716        878.5206766868158
21.55612244897961         878.5027022465692
21.63265306122451         878.4860150115593
21.709183673469408        878.4693277765492
21.785714285714306        878.4526405415393
21.862244897959204        878.4373361894225
21.9387755102041          878.4220318373056
22.015306122448994        878.4067274851886
22.091836734693892        878.3928330044471
22.16836734693879         878.3789385237054
22.244897959183692        878.3650440429637
22.32142857142859         878.3522026540795
22.397959183673485        878.3393612651951
22.47448979591838         878.3265198763107
22.551020408163282        878.3151977855076
22.62755102040818         878.3038756947044
22.70408163265308         878.2925536039012
22.780612244897977        878.2822707000001
22.85714285714287         878.271987796099
22.933673469387763        878.2617048921978
23.010204081632665        878.2526476091848
23.08673469387756         878.2435903261718
23.163265306122458        878.2345330431588
23.23979591836736         878.226587593605
23.316326530612255        878.2186421440512
23.392857142857153        878.2106966944973
23.46938775510205         878.2039787869944
23.54591836734695         878.1972608794914
23.622448979591844        878.1905429719885
23.698979591836746        878.1849628645666
23.77551020408164         878.1793827571446
23.852040816326536        878.1738026497226
23.928571428571434        878.1691029703852
24.00510204081633         878.1644032910477
24.081632653061227        878.1597036117104
24.158163265306133        878.1560665320613
24.234693877551027        878.1524294524123
24.311224489795926        878.1487923727633
24.387755102040824        878.1463093119211
24.464285714285715        878.1438262510787
24.540816326530614        878.1413431902364
24.617346938775515        878.1398003618817
24.693877551020414        878.1382575335268
24.77040816326531         878.136714705172
24.84693877551021         878.1362808181301
24.9234693877551          878.1358469310879
25                        878.1354130440459
0                         929.7093400557563
0.07575757575757579       928.945290981273
0.15151515151515157       928.1812419067896
0.22727272727272738       927.4171928323063
0.30303030303030315       926.7837548084991
0.3787878787878789        926.1503167846918
0.45454545454545464       925.5168787608844
0.5303030303030305        924.9358705302159
0.6060606060606063        924.3548622995472
0.6818181818181821        923.7738540688787
0.7575757575757579        923.2496941003374
0.8333333333333337        922.725534131796
0.9090909090909095        922.2013741632547
0.9848484848484853        921.685819224014
1.0606060606060612        921.1702642847733
1.136363636363637         920.6547093455326
1.2121212121212128        920.1813026649869
1.2878787878787883        919.707895984441
1.3636363636363642        919.2344893038952
1.43939393939394          918.7783707718811
1.5151515151515158        918.3222522398668
1.590909090909092         917.8661337078526
1.6666666666666679        917.4390291786062
1.7424242424242435        917.0119246493598
1.8181818181818192        916.5848201201134
1.893939393939395         916.1878866248659
1.9696969696969702        915.7909531296183
2.045454545454546         915.3940196343707
2.121212121212122         915.0110546827589
2.196969696969698         914.6280897311469
2.272727272727274         914.2451247795351
2.3484848484848495        913.8858419196984
2.4242424242424256        913.5265590598614
2.5000000000000013        913.1672762000244
2.5757575757575775        912.8249184266483
2.6515151515151536        912.4825606532721
2.7272727272727293        912.140202879896
2.8030303030303054        911.8168978307831
2.8787878787878807        911.4935927816701
2.954545454545457         911.1702877325572
3.030303030303033         910.8707551038842
3.1060606060606086        910.5712224752111
3.1818181818181843        910.2716898465382
3.2575757575757605        909.9839156808606
3.3333333333333366        909.6961415151828
3.4090909090909123        909.4083673495052
3.4848484848484884        909.1369116450128
3.560606060606063         908.8654559405203
3.6363636363636385        908.5940002360278
3.712121212121214         908.3353822459326
3.78787878787879          908.0767642558374
3.863636363636365         907.8181462657421
3.939393939393942         907.5734373458217
4.015151515151517         907.3287284259012
4.0909090909090935        907.0840195059807
4.1666666666666705        906.8504849888834
4.242424242424246         906.6169504717859
4.318181818181821         906.3834159546885
4.393939393939396         906.1640913429461
4.469696969696972         905.9447667312036
4.545454545454548         905.725442119461
4.621212121212123         905.5204337457759
4.696969696969699         905.3154253720905
4.772727272727275         905.1104169984052
4.848484848484851         904.9114090302597
4.9242424242424265        904.7124010621142
5.000000000000002         904.5133930939686
5.075757575757578         904.3220685426676
5.151515151515153         904.1307439913664
5.227272727272729         903.9394194400653
5.303030303030305         903.7571611750695
5.37878787878788          903.5749029100738
5.454545454545455         903.392644645078
5.530303030303031         903.2210980038719
5.606060606060607         903.0495513626657
5.6818181818181825        902.8780047214595
5.757575757575759         902.7165469212723
5.833333333333335         902.555089121085
5.909090909090911         902.3936313208976
5.984848484848487         902.2417608922722
6.060606060606061         902.0898904636465
6.136363636363637         901.9380200350209
6.212121212121214         901.7960338657189
6.28787878787879          901.6540476964166
6.363636363636366         901.5120615271144
6.439393939393942         901.3775702421374
6.515151515151517         901.2430789571602
6.590909090909092         901.108587672183
6.666666666666668         900.9832818013062
6.742424242424242         900.8579759304293
6.818181818181818         900.7326700595524
6.893939393939395         900.6145016873895
6.9696969696969715        900.4963333152265
7.045454545454547         900.3781649430636
7.121212121212124         900.2667681777496
7.196969696969698         900.1553714124353
7.272727272727274         900.0439746471211
7.3484848484848495        899.9374146664107
7.424242424242425         899.8308546857003
7.5                       899.7242947049899
7.576754385964913         899.6218780891589
7.653508771929824         899.519461473328
7.730263157894736         899.417044857497
7.80701754385965          899.3174945591561
7.8837719298245625        899.2179442608151
7.960526315789475         899.1183939624742
8.037280701754387         899.0159690542571
8.114035087719298         898.9135441460398
8.190789473684209         898.8111192378226
8.267543859649122         898.6999735565684
8.344298245614036         898.588827875314
8.421052631578949         898.4776821940598
8.497807017543861         898.3546524819795
8.574561403508772         898.2316227698992
8.651315789473685         898.1085930578189
8.7280701754386           897.9827144846126
8.80482456140351          897.8568359114063
8.881578947368421         897.7309573381999
8.958333333333332         897.597238283363
9.035087719298245         897.463519228526
9.111842105263156         897.3298001736891
9.188596491228068         897.192835674209
9.265350877192981         897.055871174729
9.342105263157894         896.9189066752489
9.418859649122808         896.7712942144116
9.49561403508772          896.6236817535741
9.57236842105263          896.4760692927368
9.649122807017543         896.328787215008
9.725877192982454         896.1815051372789
9.802631578947366         896.03422305955
9.879385964912279         895.8908935848785
9.95614035087719          895.7475641102069
10.032894736842103        895.6042346355352
10.109649122807017        895.4636770855311
10.186403508771928        895.3231195355269
10.263157894736839        895.1825619855226
10.339912280701752        895.0378117765197
10.416666666666663        894.8930615675165
10.493421052631575        894.7483113585134
10.57017543859649         894.6064543079706
10.6469298245614          894.4645972574275
10.723684210526313        894.3227402068844
10.800438596491228        894.1828265430155
10.877192982456139        894.0429128791465
10.95394736842105         893.9029992152774
11.030701754385962        893.7588765586701
11.107456140350873        893.6147539020625
11.184210526315786        893.4706312454549
11.2609649122807          893.3324169905547
11.337719298245613        893.1942027356544
11.414473684210526        893.0559884807541
11.491228070175438        892.9214973817132
11.567982456140347        892.7870062826721
11.644736842105258        892.6525151836311
11.721491228070171        892.5238031546256
11.798245614035084        892.3950911256201
11.874999999999996        892.2663790966145
11.951754385964911        892.1433009939486
12.028508771929822        892.0202228912827
12.105263157894735        891.8971447886169
12.182017543859649        891.7776527460478
12.258771929824558        891.6581607034786
12.335526315789469        891.5386686609096
12.412280701754382        891.4221957320734
12.489035087719294        891.305722803237
12.565789473684207        891.1892498744006
12.642543859649122        891.0779599336809
12.719298245614032        890.9666699929609
12.796052631578945        890.855380052241
12.87280701754386         890.7440313592285
12.949561403508772        890.6326826662158
13.026315789473685        890.5213339732032
13.103070175438598        890.4096841009293
13.179824561403509        890.2980342286553
13.256578947368421        890.1863843563814
13.333333333333334        890.0798252686076
13.410087719298247        889.9732661808337
13.486842105263158        889.8667070930599
13.56359649122807         889.7643494806935
13.640350877192981        889.6619918683268
13.717105263157894        889.5596342559602
13.793859649122806        889.4622041881303
13.870614035087717        889.3647741203002
13.947368421052632        889.2673440524702
14.024122807017545        889.1737219852085
14.100877192982457        889.0800999179467
14.177631578947368        888.9864778506849
14.254385964912283        888.893410325373
14.331140350877195        888.8003428000609
14.407894736842106        888.7072752747488
14.484649122807019        888.6176024734037
14.56140350877193         888.5279296720586
14.63815789473684         888.4382568707135
14.714912280701755        888.351624633808
14.791666666666668        888.2649923969024
14.868421052631579        888.1783601599967
14.945175438596491        888.0946486907499
15.021929824561402        888.0109372215028
15.098684210526313        887.9272257522558
15.175438596491228        887.8467707656911
15.252192982456139        887.7663157791262
15.328947368421051        887.6858607925614
15.405701754385964        887.608499151207
15.482456140350875        887.5311375098524
15.559210526315788        887.4537758684979
15.6359649122807          887.3794983972703
15.712719298245613        887.3052209260425
15.789473684210524        887.2309434548148
15.866228070175438        887.1590885023879
15.94298245614035         887.0872335499608
16.01973684210526         887.0153785975339
16.09649122807017         886.9470659525385
16.173245614035082        886.878753307543
16.249999999999993        886.8104406625474
16.326754385964907        886.7451135570349
16.403508771929822        886.6797864515222
16.480263157894733        886.6144593460097
16.557017543859647        886.5524705080336
16.633771929824558        886.4904816700575
16.710526315789473        886.4284928320815
16.787280701754387        886.3688053226101
16.864035087719298        886.3091178131388
16.94078947368421         886.2494303036674
17.01754385964912         886.1927008394204
17.094298245614034        886.1359713751733
17.171052631578945        886.0792419109263
17.24780701754386         886.0254815069173
17.32456140350877         885.9717211029083
17.40131578947368         885.9179606988994
17.478070175438596        885.8668067182687
17.55482456140351         885.8156527376378
17.63157894736842         885.764498757007
17.708333333333332        885.7158824785449
17.785087719298243        885.6672662000827
17.861842105263154        885.6186499216207
17.93859649122807         885.5724924257704
18.01535087719298         885.5263349299199
18.092105263157894        885.4801774340694
18.16885964912281         885.4361769155556
18.24561403508772         885.3921763970417
18.32236842105263         885.3481758785277
18.39912280701754         885.3067700543756
18.47587719298245         885.2653642302233
18.55263157894736         885.2239584060711
18.629385964912274        885.1839797036753
18.706140350877185        885.1440010012792
18.7828947368421          885.1040222988831
18.859649122807014        885.0661688529108
18.936403508771924        885.0283154069383
19.013157894736835        884.9904619609658
19.08991228070175         884.954829676583
19.166666666666664        884.9191973922001
19.24342105263158         884.8835651078172
19.32017543859649         884.8498903189652
19.396929824561397        884.8162155301131
19.473684210526308        884.7825407412612
19.550438596491226        884.7506678043806
19.627192982456137        884.7187948674997
19.70394736842105         884.686921930619
19.780701754385966        884.6569805687811
19.857456140350877        884.6270392069432
19.934210526315788        884.5970978451053
20.010964912280702        884.5690003715092
20.087719298245613        884.540902897913
20.164473684210524        884.5128054243169
20.241228070175435        884.4861401971416
20.317982456140346        884.4594749699662
20.39473684210526         884.4328097427909
20.471491228070175        884.4087646889141
20.548245614035086        884.3847196350371
20.625                    884.3606745811601
20.70175438596491         884.337692170927
20.778508771929822        884.3147097606937
20.855263157894733        884.2917273504605
20.932017543859647        884.2705172867284
21.008771929824558        884.249307222996
21.08552631578947         884.2280971592637
21.162280701754383        884.2085036173902
21.239035087719298        884.1889100755166
21.315789473684212        884.1693165336429
21.392543859649123        884.1511277843829
21.469298245614034        884.1329390351227
21.54605263157894         884.1147502858626
21.622807017543856        884.0979237886305
21.69956140350877         884.0810972913984
21.776315789473685        884.0642707941663
21.853070175438596        884.0489457584418
21.929824561403503        884.0336207227173
22.006578947368414        884.0182956869928
22.08333333333333         884.0045261840985
22.160087719298243        883.9907566812041
22.236842105263158        883.9769871783096
22.31359649122807         883.9643922614185
22.390350877192983        883.9517973445274
22.467105263157894        883.9392024276364
22.54385964912281         883.9278317896066
22.62061403508772         883.9164611515768
22.69736842105263         883.905090513547
22.774122807017545        883.8950663587441
22.850877192982455        883.8850422039411
22.92763157894737         883.8750180491382
23.004385964912284        883.8662768815448
23.081140350877195        883.8575357139512
23.157894736842106        883.8487945463576
23.23464912280702         883.8411167801643
23.31140350877193         883.8334390139709
23.388157894736842        883.8257612477775
23.464912280701753        883.8192520428861
23.54166666666666         883.8127428379946
23.618421052631575        883.8062336331033
23.69517543859649         883.8008137844236
23.771929824561404        883.7953939357437
23.84868421052632         883.789974087064
23.925438596491233        883.7855184342744
24.002192982456137        883.7810627814846
24.078947368421048        883.7766071286949
24.155701754385966        883.7729880877195
24.23245614035088         883.7693690467439
24.309210526315795        883.7657500057684
24.38596491228071         883.7631855873957
24.462719298245617        883.760621169023
24.539473684210527        883.7580567506503
24.616228070175442        883.7565922093435
24.69298245614035         883.7551276680365
24.769736842105264        883.7536631267295
24.846491228070178        883.7533265066719
24.92324561403509         883.752989886614
25                        883.7526532665563
0                         923.6011102197122
0.07575757575757582       922.8145685830618
0.15151515151515163       922.0280269464114
0.22727272727272743       921.241485309761
0.3030303030303033        920.6221523536308
0.3787878787878791        920.0028193975005
0.454545454545455         919.3834864413702
0.5303030303030308        918.8125915066012
0.6060606060606065        918.2416965718319
0.6818181818181823        917.6708016370627
0.7575757575757581        917.1273223272912
0.8333333333333339        916.5838430175195
0.9090909090909098        916.0403637077479
0.9848484848484855        915.5266701542777
1.0606060606060614        915.0129766008073
1.1363636363636371        914.499283047337
1.212121212121213         914.0180693308715
1.2878787878787885        913.5368556144058
1.3636363636363644        913.0556418979401
1.4393939393939403        912.5996821891616
1.515151515151516         912.1437224803831
1.590909090909092         911.6877627716046
1.6666666666666679        911.257626690062
1.7424242424242435        910.8274906085194
1.8181818181818192        910.3973545269768
1.8939393939393951        909.9927029206934
1.9696969696969706        909.58805131441
2.0454545454545463        909.1833997081267
2.121212121212123         908.7978187469673
2.1969696969696986        908.4122377858077
2.2727272727272743        908.0266568246483
2.3484848484848504        907.658689208051
2.4242424242424265        907.2907215914536
2.500000000000002         906.9227539748562
2.575757575757578         906.5775215150437
2.651515151515154         906.2322890552311
2.7272727272727293        905.8870565954187
2.8030303030303054        905.5589649788618
2.8787878787878807        905.2308733623048
2.954545454545457         904.9027817457478
3.0303030303030334        904.5995934236754
3.1060606060606095        904.2964051016029
3.181818181818185         903.9932167795304
3.2575757575757613        903.699802343181
3.3333333333333366        903.4063879068315
3.4090909090909114        903.112973470482
3.484848484848488         902.8353768804905
3.5606060606060637        902.5577802904987
3.6363636363636394        902.280183700507
3.712121212121215         902.0166360318326
3.7878787878787907        901.753088363158
3.863636363636367         901.4895406944835
3.939393939393943         901.2422319550428
4.015151515151518         900.994923215602
4.090909090909094         900.7476144761612
4.1666666666666705        900.5067145106876
4.242424242424246         900.265814545214
4.318181818181822         900.0249145797403
4.393939393939398         899.8028667267039
4.469696969696973         899.5808188736672
4.5454545454545485        899.3587710206306
4.621212121212125         899.1479847473155
4.696969696969699         898.9371984740003
4.772727272727275         898.7264122006852
4.848484848484851         898.5253054157724
4.9242424242424265        898.3241986308597
5.000000000000002         898.1230918459469
5.075757575757578         897.9285676241075
5.151515151515154         897.7340434022681
5.22727272727273          897.5395191804287
5.303030303030306         897.3526527836127
5.3787878787878824        897.1657863867966
5.454545454545458         896.9789199899806
5.530303030303034         896.8047983111275
5.606060606060609         896.6306766322742
5.681818181818184         896.4565549534211
5.75757575757576          896.291570965675
5.833333333333336         896.1265869779287
5.909090909090912         895.9616029901825
5.984848484848488         895.8067405999029
6.060606060606063         895.6518782096232
6.136363636363639         895.4970158193435
6.2121212121212155        895.3527635612157
6.28787878787879          895.2085113030879
6.363636363636366         895.0642590449602
6.439393939393942         894.9248608879828
6.515151515151517         894.7854627310054
6.590909090909092         894.646064574028
6.666666666666668         894.5173289135089
6.742424242424244         894.3885932529897
6.818181818181819         894.2598575924706
6.893939393939396         894.141395241903
6.9696969696969715        894.0229328913352
7.045454545454547         893.9044705407675
7.121212121212123         893.7945423632484
7.196969696969698         893.6846141857292
7.2727272727272725        893.5746860082099
7.34848484848485          893.4686116598393
7.4242424242424265        893.3625373114686
7.500000000000004         893.2564629630979
7.57575757575758          893.1580040939454
7.651515151515154         893.0595452247927
7.727272727272729         892.9610863556402
7.803030303030305         892.8708844777714
7.878787878787881         892.7806825999025
7.954545454545457         892.6904807220337
8.030303030303033         892.6050721097718
8.106060606060609         892.5196634975097
8.181818181818185         892.4342548852476
8.257575757575761         892.3544678717477
8.333333333333337         892.2746808582477
8.409090909090914         892.1948938447479
8.484848484848488         892.1201563262448
8.560606060606062         892.0454188077417
8.636363636363637         891.9706812892387
8.712121212121213         891.9038853111451
8.787878787878789         891.8370893330516
8.863636363636365         891.7702933549581
8.939393939393941         891.7075355539453
9.015151515151517         891.6447777529324
9.090909090909093         891.5820199519196
9.16666666666667          891.5244268714611
9.242424242424246         891.4668337910024
9.31818181818182          891.4092407105438
9.393939393939398         891.3556330381026
9.469696969696972         891.3020253656612
9.545454545454547         891.2484176932198
9.621212121212125         891.2006293235933
9.6969696969697           891.1528409539665
9.772727272727277         891.1050525843397
9.848484848484853         891.0626044686791
9.92424242424243          891.0201563530184
10.000000000000004        890.9777082373578
10.075757575757578        890.9420886249604
10.151515151515154        890.906469012563
10.227272727272728        890.8708494001655
10.303030303030306        890.8386315289401
10.378787878787882        890.8064136577146
10.454545454545459        890.7741957864891
10.530303030303035        890.7470986894024
10.606060606060607        890.7200015923155
10.681818181818182        890.6929044952286
10.75757575757576         890.6686527461194
10.833333333333337        890.6444009970102
10.909090909090914        890.6201492479009
10.98484848484849         890.5992936578854
11.060606060606062        890.5784380678697
11.136363636363638        890.5575824778541
11.212121212121215        890.5405000010868
11.287878787878789        890.5234175243193
11.363636363636363        890.5063350475517
11.43939393939394         890.4915776580676
11.515151515151516        890.4768202685834
11.590909090909093        890.4620628790993
11.66666666666667         890.4507684189726
11.742424242424244        890.439473958846
11.81818181818182         890.4281794987193
11.893939393939396        890.4200832484671
11.96969696969697         890.4119869982148
12.045454545454545        890.4038907479627
12.121212121212123        890.3963635845065
12.196969696969699        890.3888364210502
12.272727272727273        890.3813092575939
12.348484848484851        890.3771533447621
12.424242424242424        890.3729974319302
12.5                      890.3688415190984
12.575757575757576        890.3675544221854
12.651515151515152        890.3662673252725
12.727272727272727        890.3649802283595
12.803030303030305        890.3645686860896
12.878787878787879        890.3641571438195
12.954545454545455        890.3637456015496
13.030303030303031        890.355821834899
13.106060606060607        890.3478980682481
13.181818181818182        890.3399743015973
13.257575757575758        890.3261028658277
13.333333333333332        890.312231430058
13.409090909090908        890.2983599942884
13.484848484848484        890.2818523644062
13.56060606060606         890.265344734524
13.636363636363638        890.2488371046418
13.712121212121216        890.2281632455207
13.787878787878793        890.2074893863995
13.863636363636369        890.1868155272784
13.939393939393943        890.1620992195817
14.015151515151516        890.1373829118847
14.090909090909088        890.1126666041878
14.166666666666666        890.081630679428
14.24242424242424         890.0505947546682
14.318181818181818        890.0195588299084
14.393939393939394        889.9786507925297
14.469696969696969        889.9377427551509
14.545454545454547        889.8968347177722
14.621212121212123        889.8516943906325
14.696969696969697        889.8065540634925
14.772727272727275        889.7614137363526
14.848484848484851        889.7143558650992
14.924242424242427        889.6672979938456
15.000000000000005        889.6202401225921
15.07575757575758         889.5730163897481
15.151515151515156        889.525792656904
15.22727272727273         889.4785689240598
15.303030303030306        889.4311077869559
15.37878787878788         889.3836466498519
15.454545454545457        889.336185512748
15.530303030303033        889.2884302914454
15.606060606060609        889.2406750701427
15.681818181818185        889.1929198488401
15.757575757575761        889.1464570725507
15.833333333333334        889.0999942962612
15.90909090909091         889.0535315199718
15.984848484848488        889.0088757334726
16.060606060606062        888.9642199469733
16.13636363636364         888.9195641604741
16.212121212121215        888.8743924338443
16.287878787878793        888.8292207072143
16.363636363636367        888.7840489805844
16.439393939393945        888.7393097782876
16.51515151515152         888.6945705759907
16.590909090909093        888.6498313736938
16.66666666666667         888.6074212569179
16.742424242424246        888.5650111401418
16.818181818181824        888.5226010233658
16.893939393939398        888.4807255306965
16.969696969696972        888.438850038027
17.045454545454547        888.3969745453576
17.121212121212125        888.3535708890291
17.1969696969697          888.3101672327005
17.272727272727277        888.2667635763719
17.34848484848485         888.2254288849093
17.424242424242426        888.1840941934465
17.5                      888.1427595019838
17.575757575757578        888.1035229105311
17.651515151515156        888.0642863190782
17.72727272727273         888.0250497276253
17.803030303030308        887.9872179901071
17.878787878787875        887.9493862525887
17.954545454545453        887.9115545150705
18.030303030303028        887.8759499826356
18.106060606060606        887.8403454502004
18.18181818181818         887.8047409177652
18.257575757575758        887.771928872562
18.33333333333333         887.7391168273585
18.409090909090907        887.7063047821551
18.484848484848484        887.6743645201025
18.560606060606062        887.6424242580497
18.63636363636364         887.6104839959969
18.712121212121218        887.5781940877059
18.787878787878793        887.545904179415
18.863636363636363        887.513614271124
18.93939393939394         887.481627873131
19.015151515151512        887.4496414751378
19.09090909090909         887.4176550771447
19.166666666666668        887.3878712802689
19.242424242424246        887.3580874833929
19.31818181818182         887.328303686517
19.393939393939398        887.3036298211538
19.46969696969697         887.2789559557905
19.545454545454547        887.2542820904273
19.62121212121212         887.2242946104753
19.6969696969697          887.1943071305233
19.772727272727273        887.1643196505712
19.84848484848485         887.1347320950482
19.924242424242426        887.1051445395251
20                        887.0755569840021
20.07575757575758         887.0485315694561
20.151515151515152        887.0215061549102
20.22727272727273         886.9944807403642
20.303030303030308        886.9703219049276
20.378787878787882        886.9461630694908
20.454545454545457        886.9220042340542
20.53030303030304         886.9003830787976
20.60606060606061         886.878761923541
20.681818181818187        886.8571407682844
20.75757575757576         886.8387202433612
20.833333333333336        886.820299718438
20.909090909090914        886.8018791935149
20.984848484848488        886.7806823938012
21.060606060606066        886.7594855940873
21.136363636363637        886.7382887943736
21.212121212121215        886.7159225055141
21.287878787878785        886.6935562166543
21.363636363636363        886.6711899277947
21.43939393939394         886.6517072222947
21.51515151515152         886.6322245167945
21.590909090909093        886.6127418112944
21.66666666666667         886.5956552107198
21.742424242424242        886.5785686101449
21.81818181818182         886.5614820095701
21.893939393939394        886.5459297556391
21.969696969696972        886.5303775017079
22.04545454545455         886.5148252477768
22.121212121212125        886.5010654665417
22.196969696969703        886.4873056853065
22.272727272727273        886.4735459040713
22.34848484848485         886.461161414874
22.424242424242426        886.4487769256766
22.500000000000004        886.4363924364792
22.575757575757578        886.4249328210756
22.651515151515156        886.4134732056718
22.72727272727273         886.4020135902681
22.803030303030308        886.3918221947956
22.878787878787882        886.3816307993229
22.95454545454546         886.3714394038502
23.030303030303035        886.3623373422181
23.10606060606061         886.3532352805859
23.181818181818187        886.3441332189536
23.25757575757576         886.3364363501399
23.33333333333334         886.328739481326
23.409090909090914        886.3210426125121
23.48484848484849         886.314174376682
23.56060606060606         886.3073061408517
23.636363636363633        886.3004379050215
23.71212121212121         886.2946458325958
23.78787878787879         886.28885376017
23.86363636363636         886.2830616877443
23.93939393939394         886.2781526083959
24.015151515151516        886.2732435290472
24.09090909090909         886.2683344496987
24.16666666666667         886.2646812116394
24.242424242424246        886.2610279735799
24.318181818181824        886.2573747355204
24.393939393939398        886.2547611840323
24.469696969696976        886.252147632544
24.545454545454547        886.2495340810559
24.621212121212128        886.2478953401609
24.696969696969695        886.2462565992658
24.772727272727273        886.2446178583708
24.848484848484848        886.244203207392
24.924242424242426        886.2437885564132
25                        886.2433739054344
0                         917.1184597153988
0.07675438596491223       916.3242542307987
0.15350877192982446       915.5300487461985
0.2302631578947367        914.7358432615983
0.30701754385964897       914.1056212702688
0.3837719298245612        913.475399278939
0.4605263157894734        912.8451772876092
0.5372807017543856        912.2629876941871
0.6140350877192977        911.680798100765
0.69078947368421          911.0986085073428
0.7675438596491223        910.5605790343003
0.8442982456140344        910.0225495612576
0.9210526315789468        909.4845200882149
0.997807017543859         908.9682041184356
1.074561403508771         908.451888148656
1.1513157894736832        907.9355721788766
1.2280701754385954        907.4496250932995
1.3048245614035074        906.9636780077223
1.3815789473684197        906.477730922145
1.4583333333333321        906.0132927578123
1.5350877192982444        905.5488545934795
1.6118421052631569        905.0844164291468
1.688596491228069         904.6515877858528
1.7653508771929816        904.2187591425586
1.8421052631578938        903.7859304992644
1.9188596491228065        903.3731338173943
1.9956140350877185        902.9603371355241
2.072368421052631         902.547540453654
2.1491228070175428        902.1581541514039
2.225877192982455         901.7687678491536
2.302631578947367         901.3793815469033
2.3793859649122795        901.011532133668
2.4561403508771917        900.6436827204325
2.532894736842104         900.275833307197
2.609649122807016         899.9259235610699
2.686403508771928         899.5760138149426
2.7631578947368403        899.2261040688153
2.8399122807017525        898.8969493326227
2.9166666666666647        898.5677945964301
2.993421052631577         898.2386398602374
3.0701754385964897        897.928144645353
3.1469298245614015        897.6176494304684
3.2236842105263137        897.3071542155839
3.3004385964912264        897.010090528518
3.377192982456138         896.7130268414521
3.453947368421051         896.4159631543863
3.530701754385963         896.1333097907726
3.6074561403508754        895.8506564271588
3.684210526315787         895.568003063545
3.7609649122807           895.2980143992199
3.8377192982456116        895.0280257348948
3.914473684210524         894.7580370705696
3.991228070175436         894.5036027636847
4.067982456140348         894.2491684567998
4.14473684210526          893.994734149915
4.221491228070173         893.7521565209072
4.2982456140350855        893.5095788918993
4.374999999999999         893.2670012628915
4.451754385964912         893.0391769175452
4.528508771929824         892.8113525721988
4.605263157894735         892.5835282268523
4.682017543859647         892.3653462168905
4.758771929824559         892.1471642069287
4.835526315789471         891.9289821969669
4.9122807017543835        891.7208921822677
4.989035087719296         891.5128021675682
5.065789473684209         891.3047121528688
5.142543859649122         891.104611997343
5.219298245614033         890.9045118418171
5.296052631578945         890.7044116862912
5.372807017543857         890.5144778266521
5.449561403508769         890.3245439670127
5.5263157894736805        890.1346101073734
5.603070175438594         889.9542856458368
5.679824561403507         889.7739611843
5.7565789473684195        889.5936367227632
5.833333333333333         889.4249413658798
5.910087719298244         889.2562460089964
5.986842105263156         889.087550652113
6.063596491228068         888.9270113910961
6.140350877192981         888.7664721300791
6.217105263157893         888.6059328690623
6.293859649122806         888.4543179174882
6.370614035087717         888.3027029659139
6.447368421052629         888.1510880143397
6.524122807017542         888.0078268153109
6.600877192982455         887.8645656162819
6.677631578947366         887.7213044172529
6.754385964912279         887.5884640420379
6.831140350877192         887.4556236668229
6.9078947368421035        887.322783291608
6.984649122807016         887.1994136410082
7.061403508771928         887.0760439904084
7.13815789473684          886.9526743398086
7.214912280701752         886.8361018357582
7.291666666666662         886.7195293317078
7.368421052631573         886.6029568276574
7.445175438596486         886.4916613695885
7.521929824561399         886.3803659115196
7.598684210526312         886.2690704534506
7.675438596491224         886.1658987210525
7.752192982456135         886.0627269886542
7.828947368421048         885.959555256256
7.905701754385961         885.8645720537471
7.982456140350874         885.769588851238
8.059210526315788         885.6746056487291
8.135964912280699         885.5854861885055
8.21271929824561          885.4963667282817
8.28947368421052          885.407247268058
8.366228070175435         885.3223955061078
8.442982456140347         885.2375437441574
8.519736842105262         885.1526919822071
8.596491228070175         885.0755646932382
8.673245614035086         884.9984374042691
8.749999999999998         884.9213101153
8.82675438596491          884.8504691433367
8.903508771929822         884.7796281713732
8.980263157894733         884.7087871994099
9.057017543859645         884.6430101515615
9.133771929824556         884.577233103713
9.210526315789469         884.5114560558645
9.287280701754382         884.4513054191406
9.364035087719294         884.3911547824164
9.440789473684209         884.3310041456923
9.517543859649122         884.2746590323352
9.594298245614032         884.2183139189779
9.671052631578945         884.1619688056206
9.747807017543858         884.1131312140493
9.82456140350877          884.0642936224777
9.901315789473683         884.0154560309062
9.978070175438596         883.9713366130325
10.054824561403507        883.9272171951585
10.131578947368418        883.8830977772847
10.208333333333334        883.8451852315717
10.285087719298245        883.8072726858585
10.361842105263158        883.7693601401454
10.43859649122807         883.735592469397
10.515350877192981        883.7018247986485
10.592105263157894        883.6680571279
10.668859649122806        883.637453814738
10.745614035087717        883.6068505015759
10.822368421052628        883.5762471884137
10.899122807017541        883.5509072113312
10.975877192982452        883.5255672342485
11.052631578947363        883.5002272571659
11.129385964912277        883.4771021758492
11.206140350877188        883.4539770945323
11.2828947368421          883.4308520132155
11.359649122807015        883.4118708240424
11.436403508771928        883.3928896348691
11.51315789473684         883.373908445696
11.589912280701755        883.3582377986598
11.666666666666664        883.3425671516236
11.743421052631575        883.3268965045874
11.82017543859649         883.3148191120525
11.896929824561402        883.3027417195177
11.973684210526315        883.2906643269829
12.050438596491228        883.2799274310643
12.127192982456139        883.2691905351456
12.203947368421051        883.258453639227
12.280701754385966        883.2527213238836
12.357456140350877        883.2469890085401
12.434210526315788        883.2412566931968
12.5109649122807          883.238862705292
12.587719298245613        883.2364687173871
12.664473684210524        883.2340747294822
12.741228070175438        883.2356780271137
12.81798245614035         883.237281324745
12.89473684210526         883.2388846223764
12.971491228070175        883.2423334923302
13.048245614035087        883.2457823622838
13.125                    883.2492312322373
13.201754385964913        883.2551901600035
13.278508771929822        883.2611490877696
13.355263157894733        883.2671080155357
13.432017543859645        883.276483037192
13.508771929824556        883.285858058848
13.585526315789469        883.2952330805042
13.662280701754383        883.307631627325
13.739035087719294        883.3200301741456
13.815789473684209        883.3324287209663
13.892543859649122        883.3483842972016
13.969298245614034        883.3643398734367
14.046052631578947        883.3802954496718
14.122807017543858        883.398276205914
14.199561403508767        883.4162569621561
14.27631578947368         883.4342377183982
14.353070175438594        883.4532975419161
14.429824561403505        883.4723573654337
14.50657894736842         883.4914171889513
14.58333333333333         883.5131705635271
14.660087719298241        883.5349239381027
14.736842105263152        883.5566773126784
14.813596491228067        883.5807880183136
14.890350877192981        883.6048987239486
14.967105263157894        883.6290094295838
15.043859649122806        883.6556764654986
15.120614035087716        883.6823435014131
15.197368421052627        883.7090105373278
15.274122807017541        883.7356327461579
15.350877192982452        883.7622549549878
15.427631578947365        883.7888771638178
15.504385964912277        883.8172306522147
15.58114035087719         883.8455841406114
15.657894736842103        883.8739376290083
15.734649122807017        883.904611270474
15.81140350877193         883.9352849119396
15.88815789473684         883.9659585534051
15.964912280701752        883.999158421801
16.041666666666664        884.0323582901967
16.11842105263158         884.0655581585925
16.19517543859649         884.1001811126612
16.271929824561397        884.1348040667298
16.348684210526308        884.1694270207985
16.425438596491222        884.2050869811384
16.502192982456133        884.2407469414782
16.578947368421048        884.276406901818
16.655701754385962        884.3132607986299
16.732456140350877        884.3501146954418
16.809210526315788        884.3869685922538
16.885964912280702        884.4255226170699
16.962719298245613        884.4640766418859
17.039473684210524        884.5026306667019
17.11622807017544         884.5428157684662
17.19298245614035         884.5830008702304
17.26973684210526         884.6231859719946
17.34649122807017         884.6642739023166
17.423245614035086        884.7053618326385
17.499999999999996        884.7464497629603
17.575757575757574        884.7898799289558
17.65151515151515         884.8333100949512
17.727272727272723        884.8767402609467
17.8030303030303          884.9201659544702
17.878787878787875        884.9635916479937
17.954545454545453        885.0070173415171
18.030303030303028        885.0401091657716
18.10606060606061         885.073200990026
18.181818181818183        885.1062928142803
18.25757575757576         885.1423209630349
18.333333333333332        885.1783491117892
18.409090909090907        885.2143772605435
18.48484848484848         885.2449015043123
18.56060606060606         885.275425748081
18.636363636363637        885.3059499918497
18.71212121212121         885.3300346055213
18.787878787878785        885.3541192191926
18.86363636363636         885.378203832864
18.939393939393938        885.3922842754179
19.015151515151512        885.4063647179717
19.09090909090909         885.4204451605254
19.166666666666664        885.430794345145
19.242424242424242        885.4411435297645
19.318181818181817        885.451492714384
19.393939393939394        885.4603990624703
19.469696969696965        885.4693054105564
19.545454545454543        885.4782117586427
19.62121212121212         885.4791751196168
19.6969696969697          885.4801384805908
19.772727272727273        885.4811018415647
19.84848484848485         885.4801531518922
19.924242424242426        885.4792044622195
20                        885.4782557725468
20.075757575757578        885.4773611566463
20.15151515151515         885.4764665407456
20.227272727272727        885.475571924845
20.3030303030303          885.4755742633226
20.37878787878788         885.4755766018002
20.454545454545457        885.4755789402778
20.530303030303035        885.4734467096454
20.606060606060606        885.4713144790128
20.681818181818183        885.4691822483803
20.757575757575758        885.4669792099576
20.833333333333336        885.4647761715347
20.90909090909091         885.4625731331118
20.984848484848488        885.4572965549764
21.060606060606066        885.4520199768409
21.13636363636364         885.4467433987054
21.212121212121218        885.4385610586655
21.287878787878793        885.4303787186255
21.363636363636367        885.4221963785857
21.439393939393945        885.4146772215151
21.51515151515152         885.4071580644445
21.590909090909093        885.399638907374
21.66666666666667         885.3947276782731
21.742424242424242        885.3898164491719
21.81818181818182         885.3849052200708
21.893939393939394        885.3811744957382
21.969696969696972        885.3774437714053
22.045454545454547        885.3737130470726
22.12121212121212         885.3652784155357
22.1969696969697          885.3568437839988
22.272727272727273        885.3484091524618
22.34848484848485         885.3403117841701
22.424242424242422        885.3322144158782
22.5                      885.3241170475862
22.575757575757574        885.3202678550201
22.651515151515152        885.3164186624539
22.727272727272727        885.3125694698876
22.803030303030305        885.3037797427979
22.878787878787875        885.294990015708
22.954545454545453        885.286200288618
23.03030303030303         885.2771669517731
23.106060606060606        885.2681336149279
23.181818181818183        885.2591002780829
23.25757575757576         885.2521841745264
23.333333333333336        885.2452680709698
23.40909090909091         885.2383519674133
23.484848484848488        885.2340157336671
23.56060606060606         885.2296794999207
23.636363636363637        885.2253432661744
23.71212121212121         885.2234957714836
23.78787878787879         885.2216482767927
23.863636363636363        885.2198007821019
23.93939393939394         885.2172095518833
24.015151515151516        885.2146183216646
24.09090909090909         885.2120270914459
24.16666666666667         885.2031682598409
24.242424242424246        885.1943094282359
24.318181818181824        885.1854505966309
24.393939393939398        885.1813828975488
24.46969696969697         885.1773151984665
24.545454545454543        885.1732474993844
24.62121212121212         885.1709829850505
24.696969696969695        885.1687184707164
24.772727272727273        885.1664539563824
24.848484848484848        885.1659087291692
24.924242424242426        885.1653635019559
25                        885.1648182747426
0                         909.6628892988708
0.07653061224489803       908.8723995860801
0.15306122448979606       908.0819098732891
0.22959183673469413       907.2914201604982
0.3061224489795921        906.673476225197
0.38265306122449017       906.0555322898956
0.45918367346938815       905.4375883545943
0.5357142857142863        904.8436841510763
0.6122448979591842        904.2497799475582
0.6887755102040825        903.65587574404
0.7653061224489806        903.1112892483457
0.8418367346938784        902.5667027526512
0.9183673469387765        902.0221162569568
0.9948979591836745        901.4993333950918
1.0714285714285723        900.9765505332267
1.1479591836734704        900.4537676713617
1.2244897959183685        899.9612969375762
1.3010204081632666        899.4688262037907
1.377551020408165         898.9763554700053
1.454081632653063         898.5051095569254
1.5306122448979609        898.0338636438455
1.6071428571428588        897.5626177307656
1.683673469387757         897.1222716715978
1.7602040816326552        896.68192561243
1.836734693877553         896.2415795532621
1.9132653061224512        895.8194919391673
1.9897959183673486        895.3974043250724
2.0663265306122467        894.9753167109776
2.1428571428571446        894.5771837310737
2.219387755102043         894.1790507511697
2.2959183673469408        893.7809177712658
2.372448979591839         893.40241987524
2.448979591836737         893.023921979214
2.5255102040816357        892.6454240831882
2.602040816326534         892.2875061559594
2.678571428571432         891.9295882287303
2.7551020408163303        891.5716703015012
2.831632653061228         891.2250316724239
2.908163265306126         890.8783930433465
2.984693877551024         890.5317544142691
3.061224489795922         890.2089547357731
3.13775510204082          889.8861550572768
3.2142857142857184        889.5633553787807
3.2908163265306167        889.2549717422256
3.367346938775514         888.9465881056705
3.443877551020412         888.6382044691153
3.5204081632653104        888.3393313582899
3.5969387755102082        888.0404582474642
3.6734693877551066        887.7415851366386
3.750000000000005         887.4567713458721
3.826530612244903         887.1719575551053
3.903061224489801         886.8871437643387
3.979591836734699         886.6149171062821
4.056122448979596         886.3426904482252
4.132653061224494         886.0704637901684
4.209183673469393         885.8107705151509
4.285714285714289         885.5510772401333
4.3622448979591875        885.2913839651158
4.438775510204086         885.0465948979787
4.515306122448983         884.8018058308415
4.5918367346938815        884.5570167637044
4.66836734693878          884.3201600805119
4.744897959183676         884.0833033973192
4.821428571428575         883.8464467141266
4.897959183673473         883.6179420191421
4.9744897959183705        883.3894373241574
5.051020408163269         883.1609326291727
5.127551020408167         882.9407092381133
5.2040816326530654        882.7204858470537
5.280612244897964         882.5002624559942
5.35714285714286          882.2898479124734
5.433673469387758         882.0794333689526
5.510204081632655         881.8690188254318
5.5867346938775535        881.6674275369483
5.663265306122451         881.4658362484645
5.73979591836735          881.2642449599807
5.8163265306122485        881.0727495929515
5.892857142857147         880.8812542259221
5.969387755102046         880.6897588588929
6.045918367346943         880.5095454306565
6.122448979591841         880.3293320024201
6.198979591836739         880.1491185741837
6.2755102040816375        879.974670155558
6.352040816326536         879.8002217369321
6.428571428571432         879.6257733183063
6.505102040816332         879.4595214502373
6.581632653061229         879.2932695821683
6.658163265306126         879.1270177140992
6.734693877551025         878.9707665597356
6.811224489795922         878.8145154053718
6.88775510204082          878.6582642510082
6.964285714285718         878.5109157776044
7.040816326530616         878.3635673042004
7.117346938775514         878.2162188307965
7.193877551020412         878.0775386205321
7.2704081632653095        877.9388584102675
7.346938775510207         877.8001782000028
7.423469387755106         877.6660492629749
7.5000000000000036        877.5319203259467
7.576530612244902         877.3977913889186
7.653061224489801         877.2712508560963
7.7295918367346985        877.144710323274
7.806122448979597         877.0181697904517
7.882653061224494         876.8985828650937
7.959183673469391         876.7789959397354
8.035714285714288         876.6594090143772
8.112244897959187         876.5455406378614
8.188775510204085         876.4316722613456
8.265306122448983         876.3178038848298
8.341836734693882         876.2098742336974
8.41836734693878          876.1019445825648
8.494897959183678         875.9940149314322
8.571428571428577         875.892281025451
8.647959183673477         875.7905471194697
8.724489795918373         875.6888132134884
8.801020408163271         875.5934903369573
8.87755102040817          875.498167460426
8.954081632653068         875.4028445838948
9.030612244897966         875.311286840353
9.107142857142865         875.219729096811
9.183673469387761         875.1281713532691
9.26020408163266          875.041064808195
9.336734693877558         874.9539582631206
9.413265306122454         874.8668517180463
9.489795918367353         874.7852065364808
9.566326530612253         874.7035613549151
9.642857142857153         874.6219161733495
9.719387755102051         874.5463801501834
9.795918367346948         874.4708441270171
9.872448979591848         874.395308103851
9.948979591836746         874.3250438166441
10.025510204081641        874.2547795294371
10.102040816326541        874.1845152422302
10.17857142857144         874.1187021935365
10.255102040816338        874.0528891448425
10.331632653061236        873.9870760961487
10.408163265306134        873.9257371624178
10.484693877551033        873.8643982286867
10.561224489795933        873.8030592949556
10.63775510204083         873.7460480086002
10.714285714285726        873.6890367222446
10.790816326530624        873.6320254358891
10.867346938775523        873.5784950919676
10.943877551020421        873.524964748046
11.020408163265321        873.4714344041245
11.09693877551022         873.4212802905481
11.173469387755118        873.3711261769718
11.250000000000018        873.3209720633954
11.326530612244916        873.2749110725806
11.40306122448981         873.2288500817658
11.479591836734711        873.182789090951
11.55612244897961         873.1399482732204
11.632653061224506        873.0971074554897
11.709183673469404        873.0542666377589
11.785714285714302        873.0131936091942
11.862244897959199        872.9721205806294
11.938775510204097        872.9310475520647
12.015306122448997        872.8930808424378
12.091836734693894        872.8551141328109
12.168367346938792        872.817147423184
12.244897959183692        872.7829198184963
12.321428571428587        872.7486922138086
12.397959183673485        872.7144646091208
12.474489795918387        872.6833553412158
12.551020408163286        872.6522460733107
12.627551020408184        872.6211368054056
12.704081632653084        872.5941531934525
12.78061224489798         872.5671695814991
12.857142857142875        872.5401859695459
12.933673469387776        872.515577333413
13.010204081632674        872.4909686972801
13.08673469387757         872.4663600611472
13.163265306122469        872.4437673940578
13.239795918367365        872.4211747269683
13.316326530612262        872.3985820598788
13.392857142857162        872.3787056831247
13.46938775510206         872.3588293063706
13.545918367346959        872.3389529296164
13.622448979591859        872.3227905513619
13.698979591836755        872.3066281731072
13.775510204081653        872.2904657948527
13.852040816326554        872.2776524395163
13.92857142857145         872.2648390841797
14.005102040816348        872.2520257288433
14.081632653061247        872.2416653075827
14.158163265306143        872.2313048863219
14.23469387755104         872.2209444650613
14.31122448979594         872.2120918719967
14.38775510204084         872.2032392789318
14.464285714285738        872.194386685867
14.540816326530637        872.1869393325834
14.617346938775537        872.1794919792997
14.693877551020433        872.1720446260159
14.770408163265332        872.167581466737
14.84693877551023         872.1631183074579
14.923469387755125        872.1586551481789
15.000000000000023        872.1571058139239
15.07653061224492         872.1555564796687
15.153061224489818        872.1540071454135
15.229591836734716        872.1531009798899
15.306122448979613        872.1521948143662
15.382653061224511        872.1512886488426
15.459183673469413        872.1515138448107
15.535714285714313        872.1517390407785
15.612244897959213        872.1519642367464
15.68877551020411         872.1542697882263
15.76530612244901         872.1565753397061
15.841836734693905        872.158880891186
15.9183673469388          872.1641296034966
15.9948979591837          872.1693783158072
16.071428571428594        872.1746270281178
16.147959183673496        872.1802818617953
16.224489795918394        872.1859366954726
16.301020408163293        872.1915915291501
16.377551020408195        872.1993583292525
16.454081632653086        872.2071251293548
16.53061224489798         872.2148919294572
16.607142857142883        872.2237237336876
16.683673469387777        872.2325555379181
16.760204081632676        872.2413873421485
16.836734693877577        872.2519043545296
16.913265306122472        872.2624213669106
16.989795918367367        872.2729383792916
17.066326530612265        872.2845935234567
17.142857142857164        872.2962486676215
17.219387755102062        872.3079038117864
17.295918367346964        872.3203797505776
17.37244897959186         872.3328556893686
17.448979591836757        872.3453316281596
17.525510204081655        872.3591476909784
17.60204081632655         872.3729637537971
17.67857142857145         872.3867798166158
17.75510204081635         872.4026762444119
17.83163265306125         872.4185726722078
17.908163265306147        872.4344691000038
17.984693877551045        872.4509511517682
18.06122448979594         872.4674332035326
18.13775510204084         872.483915255297
18.214285714285737        872.5023440926836
18.29081632653063         872.5207729300702
18.367346938775526        872.5392017674568
18.443877551020424        872.5581829034537
18.520408163265323        872.5771640394504
18.59693877551022         872.5961451754471
18.67346938775512         872.6164435696986
18.750000000000018        872.6367419639499
18.826530612244913        872.6570403582014
18.90306122448981         872.6776883677232
18.97959183673471         872.698336377245
19.056122448979607        872.7189843867669
19.132653061224506        872.7388220898523
19.209183673469404        872.7586597929376
19.285714285714302        872.7784974960229
19.3622448979592          872.8011055764083
19.4387755102041          872.8237136567936
19.515306122448997        872.8463217371791
19.591836734693892        872.8682536029913
19.66836734693879         872.8901854688036
19.744897959183685        872.9121173346158
19.821428571428584        872.9342180008517
19.897959183673482        872.9563186670877
19.97448979591838         872.9784193333236
20.05102040816328         873.0020424832104
20.12755102040818         873.0256656330971
20.20408163265308         873.0492887829839
20.280612244897974        873.0733283837178
20.357142857142872        873.0973679844516
20.433673469387767        873.1214075851854
20.510204081632665        873.1462951594673
20.586734693877563        873.1711827337491
20.66326530612246         873.1960703080309
20.73979591836736         873.2222671196132
20.81632653061226         873.2484639311953
20.892857142857153        873.2746607427774
20.96938775510205         873.3012217143631
21.04591836734695         873.3277826859487
21.122448979591844        873.3543436575344
21.198979591836743        873.3810222122472
21.275510204081638        873.4077007669599
21.352040816326536        873.4343793216726
21.428571428571434        873.4614400498974
21.505102040816332        873.488500778122
21.581632653061227        873.5155615063467
21.65816326530613         873.542352280587
21.73469387755103         873.5691430548272
21.81122448979593         873.5959338290675
21.887755102040828        873.6233283922377
21.964285714285722        873.6507229554077
22.040816326530617        873.6781175185777
22.117346938775515        873.7049583040989
22.19387755102041         873.7317990896199
22.27040816326531         873.7586398751411
22.346938775510207        873.7853244864631
22.42346938775511         873.812009097785
22.500000000000004        873.838693709107
22.575757575757578        873.8674129441072
22.651515151515156        873.8961321791072
22.72727272727273         873.9248514141074
22.803030303030308        873.9484031461049
22.87878787878788         873.9719548781021
22.954545454545457        873.9955066100994
23.03030303030303         874.0178584673405
23.10606060606061         874.0402103245815
23.181818181818187        874.0625621818225
23.25757575757576         874.0831512187967
23.33333333333334         874.1037402557707
23.409090909090914        874.1243292927448
23.48484848484849         874.1430935073247
23.560606060606062        874.1618577219043
23.63636363636364         874.180621936484
23.712121212121215        874.1964623001196
23.78787878787879         874.2123026637549
23.86363636363636         874.2281430273903
23.93939393939394         874.2367154870033
24.015151515151516        874.2452879466161
24.090909090909093        874.2538604062291
24.16666666666667         874.257501994188
24.242424242424246        874.2611435821469
24.318181818181824        874.2647851701058
24.393939393939398        874.2653866795855
24.469696969696976        874.2659881890652
24.545454545454547        874.2665896985449
24.621212121212128        874.2703834417895
24.696969696969695        874.2741771850341
24.772727272727273        874.2779709282787
24.848484848484848        874.2839977694396
24.924242424242426        874.2900246106003
25                        874.2960514517612
