0.0	1114.5280184478643
1.0	0.0
2.0	370.232541603487
3.0	187.1081123091535
4.0	370.5339026243024
5.0	192.68434464661084
6.0	256.1451753642671
7.0	194.5888424679642
8.0	336.91636068374277
9.0	275.7735197862487
10.0	341.6239181541239
11.0	0.0
12.0	276.94266776056963
13.0	338.9862249976557
14.0	278.0966795257151
15.0	328.4447158886533
16.0	0.0
17.0	263.4331513626597
18.0	303.97490117739954
19.0	244.81598208909367
20.0	122.90177470836434
21.0	158.5076397740695
22.0	219.7238528264814
23.0	246.95647909444642
24.0	193.6317570127665
25.0	0.0
26.0	224.59571826068395
27.0	175.53414330618705
28.0	198.26541229408977
29.0	155.65341802043238
30.0	0.0
31.0	176.8289061857053
32.0	141.3756426969104
33.0	165.739919264134
34.0	35.01001191735923
35.0	96.08778537375449
36.0	150.42347626993663
37.0	114.84313508780822
38.0	129.83993665015862
39.0	0.0
40.0	102.25891667265948
41.0	115.57592022849418
42.0	90.97607639836275
43.0	46.957075496595394
44.0	56.78961126564745
45.0	84.62720252806005
46.0	96.49735226363914
47.0	75.21644114866359
48.0	0.0
49.0	83.09075456102038
50.0	66.09848950103591
51.0	76.75335280258024
52.0	31.00524219638381
53.0	28.556069527188637
54.0	68.86128345337764
55.0	53.66431744406783
56.0	65.92744369757806
57.0	0.0
58.0	49.92740591645335
59.0	57.28680624468608
60.0	43.007708948629556
61.0	21.488024288516876
62.0	30.771501784730408
63.0	42.132922494321235
64.0	50.37013577354679
65.0	39.42354997415446
66.0	9.224889174617378
67.0	35.25310418028441
68.0	33.15453263941695
69.0	39.818460744757644
70.0	15.860469858220089
71.0	16.035497485896716
72.0	39.53137269537014
73.0	31.021938968917848
74.0	39.347125560825056
75.0	6.474001461388969
76.0	23.707943683016264
77.0	36.40972204883971
78.0	25.468937628247676
79.0	31.641305738441215
80.0	6.024537734515818
81.0	17.68045430957117
82.0	28.53285898161601
83.0	21.381584261745605
84.0	9.712284929663227
85.0	15.41092721709839
86.0	18.900004746183097
87.0	23.4797744386447
88.0	17.471814685876264
89.0	0.0
90.0	24.090582404560514
91.0	17.892467822785516
92.0	23.40267705965491
93.0	7.257383110580908
94.0	8.495952858801239
95.0	20.639231178918685
96.0	15.30281043894037
97.0	20.582503606963034
98.0	3.972278695692906
99.0	12.338213245110673
100.0	19.77673999874628
101.0	14.709992662288167
102.0	6.113580140170934
103.0	10.660034388422313
104.0	13.15817467643221
105.0	17.017033271121775
106.0	13.394980742401948
107.0	2.6216214419042587
108.0	14.088204857699191
109.0	12.426726666325973
110.0	15.283437041886252
111.0	4.573588664920842
112.0	6.136376048491814
113.0	13.491380754255593
114.0	10.332514937115004
115.0	13.31722561084418
116.0	2.4213725910294293
117.0	6.979476915682962
118.0	11.706434157744738
119.0	8.55590054296945
120.0	6.533845818002158
121.0	5.937157377097
122.0	6.193328702736899
123.0	9.599495075311067
124.0	7.946045378706582
125.0	1.5862410160405702
126.0	7.76068744285572
127.0	7.730336097997003
128.0	8.541042553667603
129.0	6.314296494634264
130.0	0.0
131.0	7.956912287264833
132.0	6.318073074164959
133.0	8.670690976406167
134.0	3.0925209683725985
135.0	3.297449188448674
136.0	7.321017115439871
137.0	5.296204085141252
138.0	7.657295601731487
139.0	0.9273899966021986
140.0	4.673662018500411
141.0	7.4066585380700865
142.0	4.505463770601625
143.0	2.249227220837066
144.0	4.095305746617313
145.0	4.8473543463215965
146.0	6.94902913734474
147.0	5.211283669748772
148.0	0.0
149.0	6.367423896688794
150.0	4.774124866222551
151.0	5.766302218773278
152.0	1.9442910048183417
153.0	2.618100164559894
154.0	5.29661889570799
155.0	3.8376290845262653
156.0	4.748700704664616
157.0	0.8358735347332135
158.0	2.9129636680853603
159.0	4.924451087330645
160.0	3.624041260383608
161.0	2.6436361911674218
162.0	2.098110207179877
163.0	3.572563893904456
164.0	4.747232105811603
165.0	3.218699962390249
166.0	0.7406168759143805
167.0	3.0904140937401303
168.0	2.529491488069336
169.0	3.515074283075041
170.0	0.874672373886957
171.0	1.4942144982803598
172.0	3.5967949667330634
173.0	3.043019873001891
174.0	4.530868766078582
175.0	0.8030565893581016
176.0	2.5070853475709054
177.0	3.6692001634263454
178.0	2.5220749543259893
179.0	2.3558133798875662
180.0	0.7400205822853796
181.0	1.6391590971334364
182.0	3.574828992231772
183.0	2.7798493012255454
184.0	1.2329997713299683
185.0	2.175526458067488
186.0	2.315185580666
187.0	2.9239063708321082
188.0	2.001700419289344
189.0	0.0
190.0	2.3918024250834606
191.0	1.9917076318643292
192.0	2.5586819053730827
193.0	0.6341939264263643
194.0	0.997833358147595
195.0	2.4705323236198873
196.0	2.2220399962168105
197.0	3.303466204060008
198.0	0.30886957913975976
199.0	2.079612896419882
200.0	2.8029462755841643
201.0	1.8406329111163937
202.0	0.6132890326288181
203.0	1.4218915880480345
204.0	1.383079974061977
205.0	1.8130448294874923
206.0	1.0875337237312093
207.0	0.2665535696214231
208.0	1.5875151338211784
209.0	1.4000032971116239
210.0	2.2502847950416394
211.0	0.32781911000291303
212.0	0.7950384711227093
213.0	1.8750040588484163
214.0	1.3339624118031597
215.0	2.313220407935921
216.0	0.255232866809632
217.0	1.608303550647904
218.0	2.16228349005072
219.0	1.3908511595277429
220.0	0.712841465639148
221.0	0.6222088640513056
222.0	0.9591670895803188
223.0	1.467133074560218
224.0	1.0315184534802717
225.0	0.3485266905646526
226.0	1.2374406902490143
227.0	1.2123273496738596
228.0	1.9079834754017835
229.0	1.368191462320034
230.0	0.0
231.0	2.1501066789012455
232.0	1.5067649539655872
233.0	2.5304543286512975
234.0	0.33946402718141
235.0	1.024578887374018
236.0	1.7235993551791777
237.0	1.0369216557403829
238.0	1.4826297343812551
239.0	0.0
240.0	1.1059624288066188
241.0	0.9495100154275484
242.0	0.824313107333751
243.0	0.3110491370236163
244.0	0.6038773979098051
245.0	1.2435640879460708
246.0	1.1744312810080544
247.0	1.235043790880571
248.0	0.0
249.0	1.4313612716361097
250.0	1.277750880531391
251.0	1.1468666399923253
252.0	0.17232813125723132
253.0	0.38645125686904924
254.0	1.0821096044317886
255.0	0.5048611176387146
256.0	0.8578227343958572
257.0	0.0
258.0	0.4874065764188622
259.0	0.8226581341216539
260.0	0.5597716771324648
261.0	0.33572520607146183
262.0	0.5089408872474878
263.0	0.5471160076644153
264.0	0.95249270685014
265.0	0.6995204875634048
266.0	0.0
267.0	0.800115550191329
268.0	0.6357662604565256
269.0	0.558441490722611
270.0	0.20087135412031806
271.0	0.21043448818634783
272.0	0.3665868058645555
273.0	0.21954223491590344
274.0	0.30797845565987325
275.0	0.0
276.0	0.5843530301681971
277.0	0.5529768426848808
278.0	0.6972890896146636
279.0	0.3926349615110758
280.0	0.0
281.0	0.3188166742680416
282.0	0.2777862752514012
283.0	0.3369866289935054
284.0	0.04553873364777028
285.0	0.5246062116223221
286.0	0.46950434390851664
287.0	0.27414317655957754
288.0	0.27323240188662345
289.0	0.0
290.0	0.04553873364777145
291.0	0.0
292.0	0.0
293.0	0.0
294.0	0.0
295.0	0.0
296.0	0.0
297.0	0.0
298.0	0.0
299.0	0.0
300.0	0.0
301.0	0.0
302.0	0.0
303.0	0.0
304.0	0.0
305.0	0.0
306.0	0.0
307.0	0.0
308.0	0.0
309.0	0.0
310.0	0.0
311.0	0.0
312.0	0.0
313.0	0.0
314.0	0.0
315.0	0.0
316.0	0.0
317.0	0.0
318.0	0.0
319.0	0.0
320.0	0.0
321.0	0.0
322.0	0.0
323.0	0.0
324.0	0.0
325.0	0.0
326.0	0.0
327.0	0.0
328.0	0.0
329.0	0.0
330.0	0.0
331.0	0.0
332.0	0.0
333.0	0.0
334.0	0.0
335.0	0.0
336.0	0.0
337.0	0.0
338.0	0.0
339.0	0.0
340.0	0.0
341.0	0.0
342.0	0.0
343.0	0.0
344.0	0.0
345.0	0.0
346.0	0.0
347.0	0.0
348.0	0.0
349.0	0.0
350.0	0.0
351.0	0.0
352.0	0.0
353.0	0.0
354.0	0.0
355.0	0.0
356.0	0.0
357.0	0.0
358.0	0.0
359.0	0.0
360.0	0.0
361.0	0.0
362.0	0.0
363.0	0.0
364.0	0.0
365.0	0.0
366.0	0.0
367.0	0.0
368.0	0.0
369.0	0.0
370.0	0.0
371.0	0.0
372.0	0.0
373.0	0.0
374.0	0.0
375.0	0.0
376.0	0.0
377.0	0.0
378.0	0.0
379.0	0.0
380.0	0.0
381.0	0.0
382.0	0.0
383.0	0.0
384.0	0.0
385.0	0.0
386.0	0.0
387.0	0.0
388.0	0.0
389.0	0.0
390.0	0.0
391.0	0.0
392.0	0.0
393.0	0.0
394.0	0.0
395.0	0.0
396.0	0.0
397.0	0.0
398.0	0.0
399.0	0.0
400.0	0.0
