0.0	1030.6526956315538
1.0	0.0
2.0	315.17549244480995
3.0	167.42681910463907
4.0	324.4417173504401
5.0	176.74385666110945
6.0	225.75623800331473
7.0	177.27135207368198
8.0	311.9497705491835
9.0	255.3513465998461
10.0	318.52775609499747
11.0	0.0
12.0	258.5980837112678
13.0	318.9106448688928
14.0	260.61842219722763
15.0	311.0751972299622
16.0	0.0
17.0	248.79210355683742
18.0	294.02961217538126
19.0	234.7129706394084
20.0	115.73236156910684
21.0	154.58884247313358
22.0	213.23382997766572
23.0	243.4481064281027
24.0	192.45297805812555
25.0	0.0
26.0	220.07372635052235
27.0	172.10992723964233
28.0	193.48761407998316
29.0	149.79808831521547
30.0	0.0
31.0	173.95260084452406
32.0	135.62084034951337
33.0	159.8614448301476
34.0	30.409001956131753
35.0	92.6674229665305
36.0	148.80101656774784
37.0	113.56823072428251
38.0	131.35251927858565
39.0	0.0
40.0	98.98383022700959
41.0	113.05139781576439
42.0	87.56412996220563
43.0	41.27146557042148
44.0	60.867285332266086
45.0	80.90602300413745
46.0	96.64905064635415
47.0	75.3308094279046
48.0	0.0
49.0	89.03145596292461
50.0	68.34535529786865
51.0	78.71300346847599
52.0	27.709781333737336
53.0	31.932697825202833
54.0	71.37603344564954
55.0	55.30469672090296
56.0	68.04605687211426
57.0	0.0
58.0	50.364669977947685
59.0	61.610076613782674
60.0	47.1666407633602
61.0	22.432822380257978
62.0	35.974900804972
63.0	44.91278516735048
64.0	53.826482025671716
65.0	40.21472226825077
66.0	8.784243413464381
67.0	41.18347836684936
68.0	36.35030667063921
69.0	44.28349895260451
70.0	15.407899064967925
71.0	17.504308291045064
72.0	41.7588096835298
73.0	32.370434953777306
74.0	40.20117637057184
75.0	7.088298058758334
76.0	23.409216864955635
77.0	37.85612029895995
78.0	27.65542771574075
79.0	35.243836972616165
80.0	5.276634976457048
81.0	20.944828507322427
82.0	32.201111656405054
83.0	23.091726765068557
84.0	9.776418745143737
85.0	17.70937935108389
86.0	20.801845009202395
87.0	26.249374303862265
88.0	19.89982391737067
89.0	0.0
90.0	25.842534791732284
91.0	19.217426586088948
92.0	24.360782872809388
93.0	7.828454317357774
94.0	9.432236446327686
95.0	22.130191594140822
96.0	17.227387154397935
97.0	22.93199125695287
98.0	3.7263340311184625
99.0	12.958141805012884
100.0	20.725136240307027
101.0	15.119960282121463
102.0	6.552565208967116
103.0	12.776115257983754
104.0	14.775926327122585
105.0	18.74249068342736
106.0	14.218070536356317
107.0	2.5179609764992854
108.0	15.651627814964003
109.0	13.010437403312423
110.0	16.743531836348534
111.0	5.08707361593163
112.0	6.757518928507318
113.0	14.667856369570101
114.0	10.997219127186403
115.0	13.653333332631496
116.0	2.129241535428449
117.0	7.34546636588727
118.0	11.92728640326016
119.0	8.874262497632916
120.0	6.789106951737375
121.0	6.471052660281963
122.0	6.826505733605164
123.0	10.582666279442172
124.0	8.088349455868542
125.0	1.9514491639924976
126.0	7.702751376115164
127.0	7.7604851343505965
128.0	9.701227516032391
129.0	7.596779199306142
130.0	0.0
131.0	9.76265686121339
132.0	6.719646952168959
133.0	9.00674989728383
134.0	2.86989486172312
135.0	3.522110879702205
136.0	8.221631802905874
137.0	5.969537616622275
138.0	7.982358575033465
139.0	1.2136495556039917
140.0	4.911426181334797
141.0	7.2547146299363146
142.0	4.843250572329301
143.0	2.117457894907839
144.0	4.381555072922028
145.0	5.005435995975232
146.0	6.819316809247348
147.0	5.204784248507068
148.0	0.0
149.0	6.804643262994336
150.0	4.699550978493708
151.0	6.34874568729327
152.0	1.7377132789934135
153.0	3.172147626729742
154.0	6.551838058518122
155.0	4.394446304573021
156.0	5.057570347073321
157.0	0.7141384576623482
158.0	3.1440899564268823
159.0	4.836931427068784
160.0	3.4281471414174716
161.0	2.5258836082204277
162.0	2.3732665128838693
163.0	3.6546378152699814
164.0	5.591497158006817
165.0	3.608535595194002
166.0	0.9041725804499832
167.0	3.4826734367304653
168.0	2.754947551013292
169.0	3.6185217158320784
170.0	0.9773341708015146
171.0	1.596444837876509
172.0	3.736036635405565
173.0	2.9594284110142306
174.0	4.4605088836891
175.0	0.6948408561420819
176.0	2.1426274470843216
177.0	3.9817615741326593
178.0	2.7541391138684426
179.0	3.539333872045545
180.0	0.5696313555364242
181.0	2.050353569542966
182.0	3.239509883280697
183.0	2.498818873697339
184.0	1.0770865864006813
185.0	2.108899716648845
186.0	2.2032350359370807
187.0	2.764261211275848
188.0	1.9474183935711609
189.0	0.0
190.0	2.5099512548590925
191.0	2.0181860691047966
192.0	2.7118921607706925
193.0	0.9938247325547348
194.0	1.1832014671496836
195.0	2.7807866614532197
196.0	1.9550235957733209
197.0	2.4540018197697253
198.0	0.2675049985129394
199.0	1.598859735538668
200.0	2.675562412033029
201.0	2.014327186826558
202.0	0.9331687018623367
203.0	1.6013429649679314
204.0	1.8148595860684396
205.0	2.1243923516382948
206.0	1.4178114293591013
207.0	0.27335580482160526
208.0	1.8944784936648407
209.0	1.6459664257984217
210.0	1.9850596790359172
211.0	0.34236441217458946
212.0	0.5738574333209688
213.0	1.567972950228982
214.0	1.5212999063695969
215.0	2.5604412568095585
216.0	0.33534596790206683
217.0	1.531327756361453
218.0	2.214998952961196
219.0	1.4990954587361498
220.0	0.8215307030847949
221.0	1.1207294250124902
222.0	1.3732462014570987
223.0	1.4260473929741186
224.0	1.1716295073338607
225.0	0.33925658307006645
226.0	1.080797153334752
227.0	1.1695892716231746
228.0	1.4389902651211377
229.0	0.992116960110969
230.0	0.0
231.0	1.629391447012234
232.0	1.194317353778489
233.0	2.0267310792544664
234.0	0.21507240581400294
235.0	1.0621763540144833
236.0	1.6659936747475321
237.0	0.9262522593975108
238.0	1.1387275406329864
239.0	0.0
240.0	1.0234320758308364
241.0	1.1461550917132333
242.0	0.9005391589810876
243.0	0.2745504694274802
244.0	0.6612237382487641
245.0	0.8486650620346462
246.0	1.1584659676953868
247.0	0.8473569264915992
248.0	0.0
249.0	1.0140920410808048
250.0	0.8065969820140939
251.0	1.0325668067900091
252.0	0.21041065624907304
253.0	0.3119215534092491
254.0	0.9848125580918197
255.0	0.5923100181583274
256.0	1.092430558684169
257.0	0.0
258.0	0.6238126515254035
259.0	1.0083671138809793
260.0	0.541624997759758
261.0	0.2973026585350498
262.0	0.32257614972363285
263.0	0.3536188924794599
264.0	0.5815847811483397
265.0	0.48700639720714
266.0	0.0
267.0	0.6515074827207693
268.0	0.4517492976451785
269.0	0.33404685074357454
270.0	0.1108665769951449
271.0	0.12461927455677202
272.0	0.3647601966593497
273.0	0.12235245759297231
274.0	0.34750607646613885
275.0	0.0
276.0	0.23026407676030622
277.0	0.1569416557281005
278.0	0.2833521204750166
279.0	0.25901419726992864
280.0	0.0
281.0	0.08086161138055817
282.0	0.11587077783710564
283.0	0.21251409035626506
284.0	0.005059859294196691
285.0	0.27687550057844806
286.0	0.14122067290103213
287.0	0.13975331370571326
288.0	0.030359155765180352
289.0	0.0
290.0	0.005059859294196821
291.0	0.0
292.0	0.0
293.0	0.0
294.0	0.0
295.0	0.0
296.0	0.0
297.0	0.0
298.0	0.0
299.0	0.0
300.0	0.0
301.0	0.0
302.0	0.0
303.0	0.0
304.0	0.0
305.0	0.0
306.0	0.0
307.0	0.0
308.0	0.0
309.0	0.0
310.0	0.0
311.0	0.0
312.0	0.0
313.0	0.0
314.0	0.0
315.0	0.0
316.0	0.0
317.0	0.0
318.0	0.0
319.0	0.0
320.0	0.0
321.0	0.0
322.0	0.0
323.0	0.0
324.0	0.0
325.0	0.0
326.0	0.0
327.0	0.0
328.0	0.0
329.0	0.0
330.0	0.0
331.0	0.0
332.0	0.0
333.0	0.0
334.0	0.0
335.0	0.0
336.0	0.0
337.0	0.0
338.0	0.0
339.0	0.0
340.0	0.0
341.0	0.0
342.0	0.0
343.0	0.0
344.0	0.0
345.0	0.0
346.0	0.0
347.0	0.0
348.0	0.0
349.0	0.0
350.0	0.0
351.0	0.0
352.0	0.0
353.0	0.0
354.0	0.0
355.0	0.0
356.0	0.0
357.0	0.0
358.0	0.0
359.0	0.0
360.0	0.0
361.0	0.0
362.0	0.0
363.0	0.0
364.0	0.0
365.0	0.0
366.0	0.0
367.0	0.0
368.0	0.0
369.0	0.0
370.0	0.0
371.0	0.0
372.0	0.0
373.0	0.0
374.0	0.0
375.0	0.0
376.0	0.0
377.0	0.0
378.0	0.0
379.0	0.0
380.0	0.0
381.0	0.0
382.0	0.0
383.0	0.0
384.0	0.0
385.0	0.0
386.0	0.0
387.0	0.0
388.0	0.0
389.0	0.0
390.0	0.0
391.0	0.0
392.0	0.0
393.0	0.0
394.0	0.0
395.0	0.0
396.0	0.0
397.0	0.0
398.0	0.0
399.0	0.0
400.0	0.0
