0.0	317.96787939849
1.0	317.9572525142839
2.0	317.9466256300778
3.0	317.93599874587164
4.0	317.9253718616655
5.0	317.9147449774594
6.0	317.7346834223591
7.0	317.54425431739327
8.0	317.35382521242735
9.0	317.1633961074615
10.0	316.9729670024956
11.0	316.7857877314945
12.0	316.59903209066243
13.0	316.41227644983036
14.0	316.2255208089983
15.0	316.0387651681662
16.0	316.12503308810443
17.0	316.28272956209133
18.0	316.44042603607824
19.0	316.59812251006514
20.0	316.755818984052
21.0	316.78589299428927
22.0	316.76142377226535
23.0	316.7369545502414
24.0	316.7124853282175
25.0	316.6880161061936
26.0	316.7155864235273
27.0	316.7830140499665
28.0	316.85044167640564
29.0	316.9178693028448
30.0	316.98529692928395
31.0	317.45650879293726
32.0	318.4586661313729
33.0	319.4608234698086
34.0	320.46298080824425
35.0	321.46513814668
36.0	322.49880053748086
37.0	323.6067941507452
38.0	324.71478776400954
39.0	325.8227813772739
40.0	326.9307749905382
41.0	327.9929600418764
42.0	328.8205643358263
43.0	329.64816862977625
44.0	330.4757729237262
45.0	331.3033772176761
46.0	332.13241620311175
47.0	333.0093693611007
48.0	333.88632251908973
49.0	334.76327567707875
50.0	335.6402288350677
51.0	336.51718199305674
52.0	337.6092597439314
53.0	338.7266373559068
54.0	339.84401496788223
55.0	340.96139257985766
56.0	342.0787701918331
57.0	343.2952442502392
58.0	344.5429317479142
59.0	345.7906192455892
60.0	347.0383067432642
61.0	348.2859942409392
62.0	349.6026332774566
63.0	350.96043794563633
64.0	352.318242613816
65.0	353.67604728199564
66.0	355.03385195017535
67.0	356.3949688870434
68.0	357.7595076868991
69.0	359.1240464867548
70.0	360.48858528661054
71.0	361.8531240864662
72.0	363.1769115616358
73.0	364.42747988472445
74.0	365.67804820781316
75.0	366.9286165309018
76.0	368.17918485399053
77.0	369.4465647222784
78.0	370.7724340393104
79.0	372.09830335634234
80.0	373.4241726733743
81.0	374.7500419904062
82.0	376.08548962648115
83.0	377.5190343058853
84.0	378.9525789852895
85.0	380.3861236646937
86.0	381.8196683440979
87.0	383.2532130235021
88.0	384.72950267508185
89.0	386.20782275135934
90.0	387.68614282763684
91.0	389.16446290391434
92.0	390.6427829801919
93.0	392.24468404790235
94.0	393.87364822198987
95.0	395.5026123960773
96.0	397.1315765701647
97.0	398.7605407442522
98.0	399.90726969794025
99.0	400.83331655714824
100.0	401.75936341635617
101.0	402.6854102755641
102.0	403.6114571347721
103.0	404.63082538522184
104.0	405.72601060273064
105.0	406.82119582023944
106.0	407.9163810377483
107.0	409.0115662552571
108.0	410.3296664681962
109.0	411.95885213671613
110.0	413.5880378052361
111.0	415.2172234737562
112.0	416.8464091422762
113.0	418.29930488586166
114.0	419.3058682668969
115.0	420.31243164793216
116.0	421.3189950289674
117.0	422.3255584100026
118.0	423.35806968137007
119.0	424.538968786123
120.0	425.7198678908759
121.0	426.9007669956288
122.0	428.08166610038177
123.0	429.2616376958284
124.0	430.3787300085211
125.0	431.49582232121384
126.0	432.61291463390654
127.0	433.7300069465992
128.0	434.8470992592919
129.0	437.090236501039
130.0	439.48658544658156
131.0	441.88293439212407
132.0	444.27928333766664
133.0	446.67563228320915
134.0	448.3133911926313
135.0	449.69276987896205
136.0	451.07214856529276
137.0	452.45152725162353
138.0	453.83090593795424
139.0	455.27579007874687
140.0	456.76226875115134
141.0	458.24874742355587
142.0	459.7352260959603
143.0	461.22170476836476
144.0	462.7468434928359
145.0	464.3143150439969
146.0	465.8817865951578
147.0	467.44925814631875
148.0	469.01672969747966
149.0	470.3967148153246
150.0	471.4176171624623
151.0	472.4385195096
152.0	473.4594218567377
153.0	474.4803242038754
154.0	475.5631019568114
155.0	476.8804535808498
156.0	478.19780520488825
157.0	479.51515682892665
158.0	480.83250845296504
159.0	482.1828149259127
160.0	483.9429931043297
161.0	485.70317128274667
162.0	487.46334946116366
163.0	489.2235276395806
164.0	490.9837058179976
165.0	492.9430388217241
166.0	494.91505749056137
167.0	496.8870761593987
168.0	498.859094828236
169.0	500.83111349707326
170.0	502.4123479218833
171.0	503.8994109953086
172.0	505.38647406873395
173.0	506.8735371421593
174.0	508.3606002155846
175.0	509.6647200438336
176.0	510.879348334904
177.0	512.0939766259745
178.0	513.3086049170448
179.0	514.5232332081152
180.0	515.9917233264955
181.0	517.6789079533077
182.0	519.3660925801198
183.0	521.0532772069319
184.0	522.740461833744
185.0	524.4238786300159
186.0	526.1017116489729
187.0	527.7795446679299
188.0	529.4573776868871
189.0	531.1352107058441
190.0	532.8628115069396
191.0	534.725927055488
192.0	536.5890426040364
193.0	538.4521581525847
194.0	540.3152737011332
195.0	542.199403650189
196.0	544.2189899561859
197.0	546.2385762621826
198.0	548.2581625681794
199.0	550.2777488741762
200.0	552.297335180173
201.0	553.9524121237511
202.0	555.6074890673289
203.0	557.2625660109068
204.0	558.9176429544848
205.0	560.5727198980627
206.0	562.2009776362074
207.0	563.8250747019629
208.0	565.4491717677182
209.0	567.0732688334737
210.0	568.6973658992291
211.0	570.3828624208414
212.0	572.0909078886012
213.0	573.7989533563612
214.0	575.5069988241212
215.0	577.215044291881
216.0	578.7401043958392
217.0	580.1416893317763
218.0	581.5432742677133
219.0	582.9448592036504
220.0	584.3464441395874
221.0	585.9176456131873
222.0	587.6857389269247
223.0	589.4538322406621
224.0	591.2219255543995
225.0	592.9900188681369
226.0	594.5343812559045
227.0	595.6213812725069
228.0	596.7083812891092
229.0	597.7953813057115
230.0	598.8823813223139
231.0	600.0160969350983
232.0	601.3436689455004
233.0	602.6712409559027
234.0	603.998812966305
235.0	605.3263849767072
236.0	606.6411818816867
237.0	607.7554198197898
238.0	608.8696577578929
239.0	609.983895695996
240.0	611.0981336340991
241.0	612.2123715722022
242.0	613.6349308181841
243.0	615.0822799727669
244.0	616.5296291273496
245.0	617.9769782819324
246.0	619.4243274365151
247.0	620.6630100659177
248.0	621.8466510751202
249.0	623.0302920843227
250.0	624.213933093525
251.0	625.3975741027275
252.0	626.8385885167057
253.0	628.4139842645384
254.0	629.989380012371
255.0	631.5647757602037
256.0	633.1401715080364
257.0	634.5511366604829
258.0	635.8119371327969
259.0	637.0727376051108
260.0	638.3335380774246
261.0	639.5943385497385
262.0	640.9811371853906
263.0	642.5663649565807
264.0	644.151592727771
265.0	645.7368204989613
266.0	647.3220482701514
267.0	648.7787907836956
268.0	649.858307691222
269.0	650.9378245987483
270.0	652.0173415062745
271.0	653.0968584138009
272.0	654.1433902276627
273.0	654.9474947560416
274.0	655.7515992844203
275.0	656.5557038127993
276.0	657.359808341178
277.0	658.1639128695568
278.0	658.9989749060912
279.0	659.834493585508
280.0	660.6700122649246
281.0	661.5055309443412
282.0	662.341049623758
283.0	663.2824221461311
284.0	664.2423048377386
285.0	665.2021875293461
286.0	666.1620702209536
287.0	667.1219529125611
288.0	667.9844791093516
289.0	668.8085519682187
290.0	669.6326248270858
291.0	670.456697685953
292.0	671.2807705448203
293.0	672.0602345287283
294.0	672.807733060767
295.0	673.5552315928056
296.0	674.3027301248443
297.0	675.050228656883
298.0	675.799848442425
299.0	676.5520792309626
300.0	677.3043100195001
301.0	678.0565408080378
302.0	678.8087715965753
303.0	679.5722934429847
304.0	680.3604885452567
305.0	681.1486836475285
306.0	681.9368787498004
307.0	682.7250738520721
308.0	683.5031729032612
309.0	684.2351693384016
310.0	684.9671657735422
311.0	685.6991622086827
312.0	686.4311586438232
313.0	687.165896444276
314.0	687.9583461037913
315.0	688.7507957633067
316.0	689.5432454228219
317.0	690.3356950823372
318.0	691.1281447418526
319.0	691.7418936822442
320.0	692.3381940590206
321.0	692.9344944357971
322.0	693.5307948125735
323.0	694.12709518935
324.0	694.828505234186
325.0	695.5601268124419
326.0	696.291748390698
327.0	697.023369968954
328.0	697.75499154721
329.0	698.3818171814493
330.0	698.9503169075202
331.0	699.5188166335913
332.0	700.0873163596623
333.0	700.6558160857332
334.0	701.2382140867385
335.0	701.8340652333115
336.0	702.4299163798847
337.0	703.0257675264578
338.0	703.621618673031
339.0	704.2182601139606
340.0	704.8162252807708
341.0	705.4141904475811
342.0	706.0121556143913
343.0	706.6101207812014
344.0	707.164086576797
345.0	707.5783631412575
346.0	707.992639705718
347.0	708.4069162701785
348.0	708.8211928346389
349.0	709.2367909003217
350.0	709.663625684314
351.0	710.0904604683063
352.0	710.5172952522986
353.0	710.944130036291
354.0	711.3709648202832
355.0	711.8490446088641
356.0	712.3286588238548
357.0	712.8082730388454
358.0	713.2878872538361
359.0	713.7675014688267
360.0	714.1894257209489
361.0	714.6000843677161
362.0	715.0107430144834
363.0	715.4214016612507
364.0	715.8320603080181
365.0	716.2022777092558
366.0	716.5553542171259
367.0	716.9084307249962
368.0	717.2615072328665
369.0	717.6145837407367
370.0	717.9180906179516
371.0	718.183899772041
372.0	718.44970892613
373.0	718.7155180802193
374.0	718.9813272343085
375.0	719.2721951338744
376.0	719.5957808862196
377.0	719.919366638565
378.0	720.2429523909102
379.0	720.5665381432555
380.0	720.8995236951209
381.0	721.2545032785791
382.0	721.6094828620372
383.0	721.9644624454954
384.0	722.3194420289535
385.0	722.6573381922858
386.0	722.9088551738721
387.0	723.1603721554585
388.0	723.4118891370447
389.0	723.663406118631
390.0	723.9165921533985
391.0	724.2146069929507
392.0	724.5126218325031
393.0	724.8106366720555
394.0	725.1086515116078
395.0	725.4066663511602
396.0	725.5373012705165
397.0	725.661380677711
398.0	725.7854600849055
399.0	725.9095394921
400.0	726.0336188992944
