0.0	318.05515703580016
1.0	318.0430274997726
2.0	318.03089796374513
3.0	318.01876842771765
4.0	318.00663889169016
5.0	317.9945093556626
6.0	317.93314939672445
7.0	317.8685556293635
8.0	317.8039618620026
9.0	317.7393680946417
10.0	317.6747743272808
11.0	317.5759063645815
12.0	317.4722190827735
13.0	317.36853180096557
14.0	317.2648445191575
15.0	317.1611572373496
16.0	316.9991201739643
17.0	316.82144634227507
18.0	316.6437725105858
19.0	316.4660986788966
20.0	316.2884248472074
21.0	316.217842279766
22.0	316.1930283295994
23.0	316.1682143794327
24.0	316.14340042926614
25.0	316.11858647909946
26.0	316.32781491788216
27.0	316.71629743837354
28.0	317.10477995886487
29.0	317.4932624793562
30.0	317.88174499984757
31.0	318.33763093489097
32.0	318.88214721912317
33.0	319.42666350335537
34.0	319.9711797875876
35.0	320.5156960718198
36.0	321.07187042867685
37.0	321.65555017672403
38.0	322.2392299247712
39.0	322.8229096728184
40.0	323.40658942086554
41.0	324.00689914566726
42.0	324.6923692068424
43.0	325.37783926801745
44.0	326.0633093291926
45.0	326.7487793903677
46.0	327.43995083701407
47.0	328.3215305839705
48.0	329.20311033092696
49.0	330.0846900778834
50.0	330.96626982483986
51.0	331.84784957179636
52.0	332.3308511431547
53.0	332.7669776810955
54.0	333.2031042190363
55.0	333.63923075697716
56.0	334.0753572949179
57.0	334.8005461875829
58.0	335.6167840590871
59.0	336.43302193059134
60.0	337.2492598020956
61.0	338.06549767359985
62.0	339.3228193740448
63.0	340.8434781187267
64.0	342.3641368634086
65.0	343.8847956080904
66.0	345.4054543527723
67.0	346.9863338272882
68.0	348.62942657792917
69.0	350.27251932857007
70.0	351.91561207921103
71.0	353.55870482985193
72.0	355.1568742390561
73.0	356.6743285060169
74.0	358.1917827729777
75.0	359.7092370399386
76.0	361.2266913068994
77.0	362.7327407712294
78.0	364.1991115141206
79.0	365.66548225701183
80.0	367.13185299990306
81.0	368.5982237427943
82.0	370.06527863543255
83.0	371.53934029690754
84.0	373.0134019583824
85.0	374.48746361985735
86.0	375.9615252813323
87.0	377.4355869428072
88.0	378.90742623141216
89.0	380.3791599553031
90.0	381.8508936791941
91.0	383.322627403085
92.0	384.79436112697596
93.0	386.2570807984392
94.0	387.7178264748979
95.0	389.1785721513566
96.0	390.6393178278153
97.0	392.1000635042741
98.0	393.5531105943866
99.0	395.0026346316662
100.0	396.4521586689457
101.0	397.9016827062253
102.0	399.35120674350486
103.0	400.7867731236892
104.0	402.21099990408715
105.0	403.6352266844851
106.0	405.059453464883
107.0	406.483680245281
108.0	407.8887675123398
109.0	409.26714493776075
110.0	410.6455223631816
111.0	412.02389978860253
112.0	413.4022772140234
113.0	414.79748271363127
114.0	416.2352936775722
115.0	417.67310464151313
116.0	419.11091560545407
117.0	420.54872656939494
118.0	421.9741614232557
119.0	423.32882119147206
120.0	424.6834809596885
121.0	426.03814072790493
122.0	427.39280049612137
123.0	428.74776057824283
124.0	430.12308004956213
125.0	431.49839952088143
126.0	432.87371899220074
127.0	434.24903846352004
128.0	435.6243579348394
129.0	436.9218870998428
130.0	438.2088319754792
131.0	439.49577685111564
132.0	440.782721726752
133.0	442.0696666023884
134.0	443.38571390834863
135.0	444.71167367305674
136.0	446.03763343776484
137.0	447.36359320247294
138.0	448.689552967181
139.0	449.9442609258502
140.0	451.1537255452734
141.0	452.3631901646966
142.0	453.57265478411983
143.0	454.78211940354305
144.0	456.0156349841355
145.0	457.2754864105552
146.0	458.53533783697486
147.0	459.7951892633945
148.0	461.0550406898142
149.0	462.2982114058576
150.0	463.5094344465769
151.0	464.7206574872963
152.0	465.9318805280156
153.0	467.1431035687349
154.0	468.33775857966344
155.0	469.4696030629772
156.0	470.60144754629096
157.0	471.7332920296047
158.0	472.8651365129184
159.0	473.99788484406434
160.0	475.14187466666584
161.0	476.28586448926734
162.0	477.4298543118688
163.0	478.5738441344703
164.0	479.7178339570718
165.0	480.89142737443876
166.0	482.06690646687633
167.0	483.24238555931396
168.0	484.41786465175153
169.0	485.5933437441891
170.0	486.7754585699947
171.0	487.9591724776166
172.0	489.14288638523846
173.0	490.3266002928604
174.0	491.5103142004823
175.0	492.6661388580819
176.0	493.80832074984545
177.0	494.950502641609
178.0	496.0926845333724
179.0	497.2348664251359
180.0	498.32499653179246
181.0	499.3702855543144
182.0	500.4155745768364
183.0	501.46086359935833
184.0	502.5061526218803
185.0	503.5409368961537
186.0	504.56015354488187
187.0	505.57937019361003
188.0	506.5985868423382
189.0	507.61780349106635
190.0	508.62894192892634
191.0	509.61808387309844
192.0	510.60722581727066
193.0	511.5963677614428
194.0	512.585509705615
195.0	513.560355618571
196.0	514.4430509937768
197.0	515.3257463689827
198.0	516.2084417441885
199.0	517.0911371193944
200.0	517.9738324946002
201.0	518.9714310972728
202.0	519.9690296999452
203.0	520.9666283026177
204.0	521.9642269052902
205.0	522.9618255079628
206.0	523.9809626110396
207.0	525.0034411495724
208.0	526.0259196881052
209.0	527.0483982266381
210.0	528.070876765171
211.0	528.8444642557482
212.0	529.5266465252431
213.0	530.2088287947379
214.0	530.8910110642328
215.0	531.5731933337277
216.0	532.3649186516749
217.0	533.2305616099851
218.0	534.0962045682954
219.0	534.9618475266057
220.0	535.827490484916
221.0	536.6802331468103
222.0	537.5180010713668
223.0	538.3557689959234
224.0	539.1935369204798
225.0	540.0313048450363
226.0	540.7673647971909
227.0	541.2955080332165
228.0	541.823651269242
229.0	542.3517945052674
230.0	542.8799377412929
231.0	543.4534827137439
232.0	544.215431940628
233.0	544.9773811675122
234.0	545.7393303943963
235.0	546.5012796212804
236.0	547.2739370957763
237.0	548.2147055178552
238.0	549.1554739399342
239.0	550.096242362013
240.0	551.0370107840919
241.0	551.9777792061707
242.0	553.0835198508462
243.0	554.2025247306407
244.0	555.321529610435
245.0	556.4405344902295
246.0	557.5595393700239
247.0	558.4064713894363
248.0	559.181636597977
249.0	559.9568018065177
250.0	560.7319670150582
251.0	561.5071322235989
252.0	562.2466834301028
253.0	562.9676396419072
254.0	563.6885958537116
255.0	564.409552065516
256.0	565.1305082773202
257.0	565.8898382126059
258.0	566.684212586541
259.0	567.4785869604759
260.0	568.272961334411
261.0	569.0673357083461
262.0	569.7448112800669
263.0	570.2381879121345
264.0	570.7315645442022
265.0	571.2249411762699
266.0	571.7183178083376
267.0	572.2436408518497
268.0	572.8627567914343
269.0	573.4818727310189
270.0	574.1009886706034
271.0	574.720104610188
272.0	575.3295802072296
273.0	575.8682031307092
274.0	576.4068260541889
275.0	576.9454489776684
276.0	577.484071901148
277.0	578.0226948246277
278.0	578.7774381809353
279.0	579.5353694507169
280.0	580.2933007204985
281.0	581.05123199028
282.0	581.8091632600616
283.0	582.3061003362701
284.0	582.7573985716272
285.0	583.2086968069842
286.0	583.6599950423413
287.0	584.1112932776983
288.0	584.6512998016477
289.0	585.2263438421412
290.0	585.8013878826346
291.0	586.376431923128
292.0	586.9514759636214
293.0	587.538743993025
294.0	588.134771385437
295.0	588.7307987778489
296.0	589.3268261702609
297.0	589.9228535626729
298.0	590.4535468592015
299.0	590.9038218936992
300.0	591.3540969281968
301.0	591.8043719626944
302.0	592.254646997192
303.0	592.7402481646632
304.0	593.3030441111691
305.0	593.8658400576751
306.0	594.4286360041812
307.0	594.9914319506871
308.0	595.5699479281508
309.0	596.220247868034
310.0	596.8705478079172
311.0	597.5208477478004
312.0	598.1711476876835
313.0	598.8159491961657
314.0	599.3449964501315
315.0	599.8740437040973
316.0	600.4030909580632
317.0	600.932138212029
318.0	601.4611854659947
319.0	601.963414458254
320.0	602.4630248816135
321.0	602.9626353049731
322.0	603.4622457283327
323.0	603.9618561516924
324.0	604.5527418853422
325.0	605.1698627611838
326.0	605.7869836370255
327.0	606.4041045128672
328.0	607.0212253887089
329.0	607.5852759390467
330.0	608.1197893258919
331.0	608.6543027127373
332.0	609.1888160995824
333.0	609.7233294864276
334.0	610.1830600987258
335.0	610.5704030545185
336.0	610.9577460103111
337.0	611.3450889661038
338.0	611.7324319218966
339.0	612.1093748160139
340.0	612.4688978327331
341.0	612.8284208494523
342.0	613.1879438661715
343.0	613.5474668828907
344.0	613.9047886149492
345.0	614.255121707096
346.0	614.6054547992428
347.0	614.9557878913896
348.0	615.3061209835364
349.0	615.6470264704869
350.0	615.9077690774263
351.0	616.1685116843657
352.0	616.4292542913051
353.0	616.6899968982445
354.0	616.950739505184
355.0	617.3931415085917
356.0	617.8409774273043
357.0	618.2888133460168
358.0	618.7366492647293
359.0	619.1844851834419
360.0	619.60440237092
361.0	620.0188699101232
362.0	620.4333374493265
363.0	620.8478049885297
364.0	621.2622725277329
365.0	621.6947780930047
366.0	622.1348748772307
367.0	622.5749716614567
368.0	623.0150684456828
369.0	623.4551652299089
370.0	623.8532204111151
371.0	624.2195432321905
372.0	624.585866053266
373.0	624.9521888743416
374.0	625.318511695417
375.0	625.6582029427793
376.0	625.9634350039283
377.0	626.2686670650774
378.0	626.5738991262265
379.0	626.8791311873755
380.0	627.1813498947228
381.0	627.4773082497162
382.0	627.7732666047095
383.0	628.0692249597029
384.0	628.3651833146963
385.0	628.6705325483358
386.0	629.0103866644032
387.0	629.3502407804706
388.0	629.6900948965381
389.0	630.0299490126055
390.0	630.3568579690544
391.0	630.5928741602712
392.0	630.828890351488
393.0	631.0649065427048
394.0	631.3009227339215
395.0	631.5312612691437
396.0	631.6761922927956
397.0	631.8211233164475
398.0	631.9660543400993
399.0	632.1109853637512
400.0	632.2559163874031
