% Model:              Cav_Hex_Unif_flux_v5.1.1 - Lin. Distn.mph
% Version:            COMSOL 5.5.0.359
% Date:               Dec 9 2021, 14:48
% Dimension:          1
% Nodes:              457
% Expressions:        6
% Description:        Line graph
% x                       Height                   Height                   Height                   Height                   Height                   Height
0                         50265.711273969195       15410.721106677385       16277.994817759634       16277.994817758852       16277.994817758852       16277.994817758852
0.43859649122806893       50265.711273969195       15410.721106677385       16277.994817759634       16277.994817758852       16277.994817758852       16277.994817758852
0.8771929824561379        50265.711273969195       15410.721106677385       16277.994817759634       16277.994817758852       16277.994817758852       16277.994817758852
1.3157894736842068        42836.53813514403        15287.349379175968       16439.59088864614        16439.590888645413       16439.590888645413       16439.590888645413
1.7543859649122757        35407.36499631886        15163.977651674551       16601.186959532643       16601.18695953197        16601.18695953197        16601.18695953197
2.192982456140345         35407.36499631886        15163.977651674551       16601.186959532643       16601.18695953197        16601.18695953197        16601.18695953197
2.6315789473684137        44518.81724374824        17284.2258100411         18974.282040906142       18978.922935197777       18978.922935197777       18978.922935197777
3.070175438596483         53630.26949117762        19404.473968407652       21347.377122279642       21356.65891086358        21356.65891086358        21356.65891086358
3.508771929824552         53630.26949117762        19404.473968407652       21347.377122279642       21356.65891086358        21356.65891086358        21356.65891086358
3.947368421052621         46767.08451635292        19600.37349857344        21587.811883786417       21597.086418416595       21597.086418416595       21597.086418416595
4.3859649122806905        39903.899541528226       19796.273028739226       21828.246645293195       21837.513925969608       21837.513925969608       21837.513925969608
4.824561403508759         39903.899541528226       19796.273028739226       21828.246645293195       21837.513925969608       21837.513925969608       21837.513925969608
5.263157894736827         43946.63974607174        20201.73616741779        22239.251474343044       22258.83515604113        22258.83515604113        22258.83515604113
5.701754385964897         47989.37995061526        20607.19930609635        22650.256303392896       22680.15638611265        22680.15638611265        22680.15638611265
6.140350877192967         47989.37995061526        20607.19930609635        22650.256303392896       22680.15638611265        22680.15638611265        22680.15638611265
6.578947368421037         38351.729195994514       20480.632829109076       23414.93952097741        23442.004452360998       23442.004452360998       23442.004452360998
7.017543859649106         28714.07844137377        20354.066352121805       24179.62273856192        24203.852518609347       24203.852518609347       24203.852518609347
7.456140350877175         28714.07844137377        20354.066352121805       24179.62273856192        24203.852518609347       24203.852518609347       24203.852518609347
7.894736842105244         31897.05409505264        19885.065042056092       23704.15668459559        23731.478349034143       23731.478349034143       23731.478349034143
8.333333333333314         35080.02974873151        19416.063731990376       23228.690630629255       23259.104179458944       23259.104179458944       23259.104179458944
8.771929824561383         35080.02974873151        19416.063731990376       23228.690630629255       23259.104179458944       23259.104179458944       23259.104179458944
9.210526315789451         38061.29136477437        20610.753314773814       24361.75914675874        24384.91098610372        24384.91098610372        24384.91098610372
9.649122807017521         41042.55298081722        21805.442897557252       25494.827662888223       25510.717792748495       25510.717792748495       25510.717792748495
10.08771929824559         41042.55298081722        21805.442897557252       25494.827662888223       25510.717792748495       25510.717792748495       25510.717792748495
10.52631578947366         37931.899260016144       20382.42529506317        24482.007314320817       24489.95237925062        24489.95237925062        24489.95237925062
10.96491228070173         34821.24553921506        18959.40769256909        23469.18696575341        23469.186965752742       23469.186965752742       23469.186965752742
11.403508771929795        34821.24553921506        18959.40769256909        23469.18696575341        23469.186965752742       23469.186965752742       23469.186965752742
11.842105263157865        33904.31623439486        18021.967952333634       21866.02093729531        21873.435817843074       21873.435817843074       21873.435817843074
12.280701754385934        32987.386929574655       17084.52821209818        20262.854908837213       20277.684669933406       20277.684669933406       20277.684669933406
12.719298245614002        32987.386929574655       17084.52821209818        20262.854908837213       20277.684669933406       20277.684669933406       20277.684669933406
13.15789473684207         30964.681603903286       16583.6934855315         21429.901669517174       21467.71618187477        21467.71618187477        21467.71618187477
13.596491228070139        28941.976278231916       16082.858758964825       22596.948430197135       22657.747693816138       22657.747693816138       22657.747693816138
14.03508771929821         28941.976278231916       16082.858758964825       22596.948430197135       22657.747693816138       22657.747693816138       22657.747693816138
14.47368421052628         34015.93482782571        17506.65019151783        23511.263594899407       23577.97726491297        23577.97726491297        23577.97726491297
14.91228070175435         39089.8933774195         18930.441624070834       24425.578759601674       24498.206836009802       24498.206836009802       24498.206836009802
15.350877192982416        39089.8933774195         18930.441624070834       24425.578759601674       24498.206836009802       24498.206836009802       24498.206836009802
15.789473684210485        34890.821148936186       16775.742853863394       22486.41080608932        22565.816603560444       22565.816603560444       22565.816603560444
16.228070175438553        30691.748920452865       14621.044083655954       20547.24285257697        20633.426371111083       20633.426371111083       20633.426371111083
16.66666666666662         30691.748920452865       14621.044083655954       20547.24285257697        20633.426371111083       20633.426371111083       20633.426371111083
17.10526315789469         26892.995663653877       14079.081066598552       20579.208974969588       20625.720815185465       20625.720815185465       20625.720815185465
17.543859649122762        23094.242406854893       13537.11804954115        20611.17509736221        20618.01525925985        20618.01525925985        20618.01525925985
17.98245614035083         23094.242406854893       13537.11804954115        20611.17509736221        20618.01525925985        20618.01525925985        20618.01525925985
18.4210526315789          24481.616490392513       11701.555246710623       19578.03502941905        19615.1537979492         19615.1537979492         19615.1537979492
18.85964912280697         25868.990573930132       9865.992443880095        18544.89496147589        18612.292336638548       18612.292336638548       18612.292336638548
19.29824561403504         25868.990573930132       9865.992443880095        18544.89496147589        18612.292336638548       18612.292336638548       18612.292336638548
19.73684210526311         19132.887109599105       19670.840858393145       17234.25715563121        17274.908574204073       17274.908574204073       17274.908574204073
20.175438596491183        12396.783645268079       29475.6892729062         15923.619349786535       15937.524811769597       15937.524811769597       15937.524811769597
20.61403508771925         12396.783645268079       29475.6892729062         15923.619349786535       15937.524811769597       15937.524811769597       15937.524811769597
21.05263157894732         14000.042992208106       37494.81271832048        16348.056553462597       16397.455673402794       16397.455673402794       16397.455673402794
21.49122807017539         15603.302339148133       45513.93616373476        16772.493757138658       16857.38653503599        16857.38653503599        16857.38653503599
21.929824561403457        15603.302339148133       45513.93616373476        16772.493757138658       16857.38653503599        16857.38653503599        16857.38653503599
22.368421052631522        13454.393826311196       39715.025960757994       16865.088197364654       16993.011056950763       16993.011056950763       16993.011056950763
22.807017543859594        11305.48531347426        33916.11575778123        16957.682637590646       17128.63557886554        17128.63557886554        17128.63557886554
23.24561403508766         11305.48531347426        33916.11575778123        16957.682637590646       17128.63557886554        17128.63557886554        17128.63557886554
23.68421052631573         11249.190827208262       34744.37377378917        15994.62368100114        16116.7867387371         16116.7867387371         16116.7867387371
24.122807017543803        11192.896340942265       35572.63178979712        15031.564724411635       15104.937898608665       15104.937898608665       15104.937898608665
24.561403508771875        11192.896340942265       35572.63178979712        15031.564724411635       15104.937898608665       15104.937898608665       15104.937898608665
24.999999999999943        9542.584375003862        27297.071887825812       13843.608247950608       13899.984767584525       13899.984767584525       13899.984767584525
25.438596491228015        7892.272409065461        19021.511985854508       12655.651771489582       12695.031636560385       12695.031636560385       12695.031636560385
25.877192982456084        7892.272409065461        19021.511985854508       12655.651771489582       12695.031636560385       12695.031636560385       12695.031636560385
26.31578947368415         8439.76864470275         17926.51448692535        12255.45083551462        12318.631612539852       12318.631612539852       12318.631612539852
26.754385964912217        8987.264880340039        16831.51698799619        11855.249899539658       11942.231588519317       11942.231588519317       11942.231588519317
27.19298245614029         8987.264880340039        16831.51698799619        11855.249899539658       11942.231588519317       11942.231588519317       11942.231588519317
27.631578947368357        7050.451545578987        15640.837557233179       12458.052256775216       12555.30409241072        12555.30409241072        12555.30409241072
28.070175438596426        5113.638210817935        14450.158126470169       13060.854614010776       13168.376596302125       13168.376596302125       13168.376596302125
28.508771929824494        5113.638210817935        14450.158126470169       13060.854614010776       13168.376596302125       13168.376596302125       13168.376596302125
28.947368421052563        5829.085162091984        15540.616178752927       12236.997924603544       12336.897525339993       12336.897525339993       12336.897525339993
29.385964912280635        6544.532113366033        16631.074231035687       11413.141235196312       11505.418454377861       11505.418454377861       11505.418454377861
29.8245614035087          6544.532113366033        16631.074231035687       11413.141235196312       11505.418454377861       11505.418454377861       11505.418454377861
30.263157894736768        7065.254272195432        14684.561132939501       10705.19410926671        10796.772794287226       10796.772794287226       10796.772794287226
30.701754385964836        7585.976431024833        12738.048034843316       9997.246983337107        10088.127134196591       10088.127134196591       10088.127134196591
31.140350877192905        7585.976431024833        12738.048034843316       9997.246983337107        10088.127134196591       10088.127134196591       10088.127134196591
31.578947368420977        6697.6530867288275       10025.627159427686       9704.066632947879        9835.275067093804        9835.275067093804        9835.275067093804
32.01754385964905         5809.329742432823        7313.206284012057        9410.886282558651        9582.422999991017        9582.422999991017        9582.422999991017
32.456140350877114        5809.329742432823        7313.206284012057        9410.886282558651        9582.422999991017        9582.422999991017        9582.422999991017
32.89473684210518         7399.230334281291        10027.608598263874       9983.028290354881        10150.043861899125       10150.043861899125       10150.043861899125
33.33333333333326         8989.13092612976         12742.010912515692       10555.170298151112       10717.664723807233       10717.664723807233       10717.664723807233
33.771929824561326        8989.13092612976         12742.010912515692       10555.170298151112       10717.664723807233       10717.664723807233       10717.664723807233
34.210526315789394        7344.483940671731        11334.309100185004       10059.681193562908       10188.166448474738       10188.166448474738       10188.166448474738
34.649122807017456        5699.836955213703        9926.607287854318        9564.192088974703        9658.668173142241        9658.668173142241        9658.668173142241
35.087719298245524        5699.836955213703        9926.607287854318        9564.192088974703        9658.668173142241        9658.668173142241        9658.668173142241
35.526315789473585        7128.158056540144        9301.26921280114         9072.31398957856         9154.855190590664        9154.855190590664        9154.855190590664
35.96491228070167         8556.479157866585        8675.931137747963        8580.43589018242         8651.042208039085        8651.042208039085        8651.042208039085
36.40350877192974         8556.479157866585        8675.931137747963        8580.43589018242         8651.042208039085        8651.042208039085        8651.042208039085
36.842105263157805        8366.779515932296        10176.030053585702       8571.36110529783         8716.627921268584        8716.627921268584        8716.627921268584
37.28070175438588         8177.079873998007        11676.12896942344        8562.286320413239        8782.213634498083        8782.213634498083        8782.213634498083
37.71929824561394         8177.079873998007        11676.12896942344        8562.286320413239        8782.213634498083        8782.213634498083        8782.213634498083
38.15789473684202         4833.374764969703        7616.284392955802        7795.072471946822        8016.524742214127        8016.524742214127        8016.524742214127
38.596491228070086        1489.6696559414          3556.439816488165        7027.858623480404        7250.835849930172        7250.835849930172        7250.835849930172
39.03508771929816         1489.6696559414          3556.439816488165        7027.858623480404        7250.835849930172        7250.835849930172        7250.835849930172
39.47368421052623         4128.481948426953        6385.466107292901        7242.233252294491        7478.201298398959        7478.201298398959        7478.201298398959
39.912280701754305        6767.294240912506        9214.492398097638        7456.607881108576        7705.566746867745        7705.566746867745        7705.566746867745
40.35087719298237         6767.294240912506        9214.492398097638        7456.607881108576        7705.566746867745        7705.566746867745        7705.566746867745
40.78947368421043         3536.9180586854795       5302.979656326871        6678.427587173457        6918.66912202426         6918.66912202426         6918.66912202426
41.2280701754385          306.5418764584528        1391.4669145561043       5900.247293238339        6131.771497180775        6131.771497180775        6131.771497180775
41.66666666666657         306.5418764584528        1391.4669145561043       5900.247293238339        6131.771497180775        6131.771497180775        6131.771497180775
42.10526315789464         2847.2914480348268       3570.1090914740726       5465.3544536003765       5695.629605588616        5695.629605588616        5695.629605588616
42.543859649122716        5388.041019611201        5748.75126839204         5030.461613962414        5259.487713996456        5259.487713996456        5259.487713996456
42.982456140350784        5388.041019611201        5748.75126839204         5030.461613962414        5259.487713996456        5259.487713996456        5259.487713996456
43.42105263157885         3435.253132964105        3726.9980870696663       5318.744527994661        5589.722317136389        5589.722317136389        5589.722317136389
43.85964912280692         1482.46524631701         1705.2449057472918       5607.027442026909        5919.956920276323        5919.956920276323        5919.956920276323
44.29824561403498         1482.46524631701         1705.2449057472918       5607.027442026909        5919.956920276323        5919.956920276323        5919.956920276323
44.736842105263044        2769.963916425936        2885.559274850574        5062.410496282579        5427.621363819404        5427.621363819404        5427.621363819404
45.17543859649112         4057.4625865348617       4065.873643953856        4517.793550538248        4935.285807362486        4935.285807362486        4935.285807362486
45.61403508771919         4057.4625865348617       4065.873643953856        4517.793550538248        4935.285807362486        4935.285807362486        4935.285807362486
46.05263157894726         4410.5571156311335       4519.3181951948445       5309.956527260309        5811.393597025763        5811.393597025763        5811.393597025763
46.49122807017533         4763.651644727405        4972.762746435832        6102.119503982369        6687.50138668904         6687.50138668904         6687.50138668904
46.92982456140341         4763.651644727405        4972.762746435832        6102.119503982369        6687.50138668904         6687.50138668904         6687.50138668904
47.368421052631476        4409.966303635579        4530.012418189117        5310.336395835597        5860.561202744431        5860.561202744431        5860.561202744431
47.80701754385955         4056.2809625437517       4087.262089942401        4518.553287688826        5033.621018799823        5033.621018799823        5033.621018799823
48.24561403508762         4056.2809625437517       4087.262089942401        4518.553287688826        5033.621018799823        5033.621018799823        5033.621018799823
48.68421052631568         4881.656118315339        4897.541223826514        4917.390141044016        5339.410191107649        5339.410191107649        5339.410191107649
49.12280701754376         5707.031274086927        5707.820357710627        5316.226994399205        5645.199363415474        5645.199363415474        5645.199363415474
49.56140350877182         5707.031274086927        5707.820357710627        5316.226994399205        5645.199363415474        5645.199363415474        5645.199363415474
49.99999999999989         2919.8104428518295       3270.36514489429         3934.346989574661        4746.680690416786        4746.680690416786        4746.680690416786
50.43859649122796         132.58961161673213       832.9099320779535        2552.4669847501173       3848.162017418099        3848.162017418099        3848.162017418099
50.87719298245604         132.58961161673213       832.9099320779535        2552.4669847501173       3848.162017418099        3848.162017418099        3848.162017418099
51.315789473684106        858.5136396316756        1208.7357986806473       2796.7434847821633       3858.659254022887        3858.659254022887        3858.659254022887
51.75438596491218         1584.437667646619        1584.5616652833412       3041.0199848142092       3869.1564906276753       3869.1564906276753       3869.1564906276753
52.19298245614025         1584.437667646619        1584.5616652833412       3041.0199848142092       3869.1564906276753       3869.1564906276753       3869.1564906276753
52.63157894736832         806.0513924572477        854.5189162130469        3171.8614739049794       3913.347433822297        3913.347433822297        3913.347433822297
53.070175438596394        27.665117267876337       124.4761671427524        3302.7029629957497       3957.5383770169187       3957.5383770169187       3957.5383770169187
53.50877192982446         27.665117267876337       124.4761671427524        3302.7029629957497       3957.5383770169187       3957.5383770169187       3957.5383770169187
53.94736842105254         2062.0312553913304       2110.4416256198574       3311.272984103928        4072.9342380873913       4072.9342380873913       4072.9342380873913
54.385964912280606        4096.397393514784        4096.4070840969625       3319.843005212107        4188.3300991578635       4188.3300991578635       4188.3300991578635
54.82456140350868         4096.397393514784        4096.4070840969625       3319.843005212107        4188.3300991578635       4188.3300991578635       4188.3300991578635
55.26315789473675         2709.067289808744        2712.546041712745        3170.348191158352        4132.851155620714        4132.851155620714        4132.851155620714
55.70175438596482         1321.737186102704        1328.6849993285277       3020.8533771045973       4077.372212083564        4077.372212083564        4077.372212083564
56.140350877192894        1321.737186102704        1328.6849993285277       3020.8533771045973       4077.372212083564        4077.372212083564        4077.372212083564
56.57894736842096         1518.9784631443865       1951.1969229468102       2746.0023069110202       3584.4565529271385       3589.148113757864        3589.148113757864
57.01754385964904         1716.219740186069        2573.7088465650927       2471.1512367174428       3091.5408937707125       3100.924015432164        3100.924015432164
57.45614035087711         1716.219740186069        2573.7088465650927       2471.1512367174428       3091.5408937707125       3100.924015432164        3100.924015432164
57.89473684210518         931.5205609262769        1398.9442304949007       2134.2075253249373       2995.144736074729        3009.2715470205812       3009.2715470205812
58.33333333333324         146.8213816664848        224.17961442470846       1797.2638139324317       2898.748578378745        2917.6190786089983       2917.6190786089983
58.77192982456131         146.8213816664848        224.17961442470846       1797.2638139324317       2898.748578378745        2917.6190786089983       2917.6190786089983
59.210526315789366        864.9537393340017        1289.5249829687214       1855.4852784150287       2914.681190510835        2924.116440625962        2924.116440625962
59.64912280701744         1583.0860970015187       2354.8703515127345       1913.7067428976256       2930.6138026429253       2930.6138026429253       2930.6138026429253
60.08771929824551         1583.0860970015187       2354.8703515127345       1913.7067428976256       2930.6138026429253       2930.6138026429253       2930.6138026429253
60.52631578947358         1576.4855495850943       1966.665636536031        3704.0499115788325       2738.4827250925523       2738.4827250925523       2738.4827250925523
60.964912280701654        1569.8850021686699       1578.4609215593273       5494.393080260039        2546.3516475421793       2546.3516475421793       2546.3516475421793
61.40350877192971         1569.8850021686699       1578.4609215593273       5494.393080260039        2546.3516475421793       2546.3516475421793       2546.3516475421793
61.84210526315778         1505.12179472765         1509.4098964279005       5646.956976992695        2353.7218686106635       2353.7218686106635       2353.7218686106635
62.28070175438585         1440.3585872866302       1440.358871296474        5799.52087372535         2161.0920896791476       2161.0920896791476       2161.0920896791476
62.71929824561393         1440.3585872866302       1440.358871296474        5799.52087372535         2161.0920896791476       2161.0920896791476       2161.0920896791476
63.157894736841996        1576.9442391402536       1576.9443877486328       5123.762056708965        2317.1047601232185       2362.4001743449794       2362.4001743449794
63.596491228070064        1713.5298909938767       1713.5299042007919       4448.003239692582        2473.1174305672894       2563.708259010811        2563.708259010811
64.03508771929813         1713.5298909938767       1713.5299042007919       4448.003239692582        2473.1174305672894       2563.708259010811        2563.708259010811
64.47368421052622         2895.7948401212143       2895.8373579981226       6180.574362854374        2609.628102889438        2689.606267038218        2689.606267038218
64.91228070175428         4078.0597892485516       4078.1448117954533       7913.145486016167        2746.138775211587        2815.504275065625        2815.504275065625
65.35087719298234         4078.0597892485516       4078.1448117954533       7913.145486016167        2746.138775211587        2815.504275065625        2815.504275065625
65.7894736842104          2183.529007788613        2183.5745424069596       5103.197767441741        2175.040607781648        2209.723357708667        2209.723357708667
66.22807017543848         288.9982263286741        289.00427301846634       2293.250048867316        1603.9424403517091       1603.9424403517091       1603.9424403517091
66.66666666666654         288.9982263286741        289.00427301846634       2293.250048867316        1603.9424403517091       1603.9424403517091       1603.9424403517091
67.1052631578946          1452.384345308472        1452.3873723133024       3135.980816544802        1970.5284597372981       1992.8113468843858       1992.8113468843858
67.54385964912267         2615.7704642882695       2615.7704716081385       3978.7115842222884       2337.114479122887        2381.6802534170624       2381.6802534170624
67.98245614035073         2615.7704642882695       2615.7704716081385       3978.7115842222884       2337.114479122887        2381.6802534170624       2381.6802534170624
68.42105263157882         1315.8000070839967       1315.842881236448        2602.606214421279        2056.398054939226        2089.578045665659        2089.578045665659
68.8596491228069          15.829549879723583       15.915290864757697       1226.5008446202696       1775.6816307555646       1797.4758379142554       1797.4758379142554
69.29824561403497         15.829549879723583       15.915290864757697       1226.5008446202696       1775.6816307555646       1797.4758379142554       1797.4758379142554
69.73684210526304         668.6177897690955        668.6610891389323        1479.6623011240404       1616.6688647381068       1650.6950427573972       1650.6950427573972
70.17543859649112         1321.4060296584673       1321.406887413107        1732.8237576278113       1457.656098720649        1503.914247600539        1503.914247600539
70.61403508771917         1321.4060296584673       1321.406887413107        1732.8237576278113       1457.656098720649        1503.914247600539        1503.914247600539
71.05263157894723         3341.6183180745634       3341.6195442855915       4899.170647185785        1727.6288196616651       1750.7578941016102       1750.7578941016102
71.4912280701753          5361.830606490659        5361.832201158076        8065.517536743759        1997.6015406026813       1997.6015406026813       1997.6015406026813
71.92982456140336         5361.830606490659        5361.832201158076        8065.517536743759        1997.6015406026813       1997.6015406026813       1997.6015406026813
72.36842105263145         2752.8752011846336       2752.8851062362683       4670.980586333166        1919.15520202782         1923.788842366423        1923.788842366423
72.80701754385952         143.91979587860789       143.93801131446085       1276.4436359225733       1840.7088634529587       1849.9761441301648       1849.9761441301648
73.24561403508758         143.91979587860789       143.93801131446085       1276.4436359225733       1840.7088634529587       1849.9761441301648       1849.9761441301648
73.68421052631564         73.93352921764973        76.4505364347238         959.6418145666383        1600.1634259838459       1612.742131252999        1612.742131252999
74.12280701754374         3.947262556691579        8.963061554986766        642.8399932107034        1359.617988514733        1375.508118375833        1375.508118375833
74.56140350877179         3.947262556691579        8.963061554986766        642.8399932107034        1359.617988514733        1375.508118375833        1375.508118375833
74.99999999999986         728.0932246703504        730.6063524306394        1216.9015966342272       1367.2303241078826       1417.5135428584476       1417.5135428584476
75.43859649122794         1452.2391867840092       1452.249643306292        1790.963200057751        1374.842659701032        1459.5189673410625       1459.5189673410625
75.877192982456           1452.2391867840092       1452.249643306292        1790.963200057751        1374.842659701032        1459.5189673410625       1459.5189673410625
76.31578947368408         792.1251186166807        792.1355972024209        962.858575978398         1181.839773952659        1224.1779277726741       1224.1779277726741
76.75438596491216         132.011050449352         132.02155109854976       134.75395189904492       988.836888204286         988.836888204286         988.836888204286
77.19298245614021         132.011050449352         132.02155109854976       134.75395189904492       988.836888204286         988.836888204286         988.836888204286
77.63157894736828         850.2225536216488        850.2281693455105        875.7623821452584        1087.128713204569        1103.7401203303655       1103.7401203303655
78.07017543859637         1568.4340567939455       1568.4347875924714       1616.7708123914717       1185.4205382048522       1218.643352456445        1218.643352456445
78.50877192982442         1568.4340567939455       1568.4347875924714       1616.7708123914717       1185.4205382048522       1218.643352456445        1218.643352456445
78.94736842105247         784.2171003567341        784.2174658200591        819.0135059880284        1062.6751932791517       1101.6900470552323       1101.6900470552323
79.38596491228056         1.439195228301851E-4     1.4404764682635855E-4    21.256199584585072       939.9298483534512        984.7367416540196        984.7367416540196
79.82456140350862         1.439195228301851E-4     1.4404764682635855E-4    21.256199584585072       939.9298483534512        984.7367416540196        984.7367416540196
80.26315789473672         1379.7116673808093       1379.731322727275        1400.9548816461813       1277.0036515847873       1393.380917651559        1393.380917651559
80.70175438596479         2759.4231908420957       2759.4625014069034       2780.6535637077777       1614.0774548161235       1802.0250936490984       1802.0250936490984
81.14035087719284         2759.4231908420957       2759.4625014069034       2780.6535637077777       1614.0774548161235       1802.0250936490984       1802.0250936490984
81.57894736842091         3340.9124506987837       3340.9328605355786       3351.6984980315447       1402.3157538968803       1509.076636625709        1509.076636625709
82.017543859649           3922.401710555472        3922.403219664254        3922.743432355312        1190.5540529776372       1216.1281796023195       1216.1281796023195
82.45614035087706         3922.401710555472        3922.403219664254        3922.743432355312        1190.5540529776372       1216.1281796023195       1216.1281796023195
82.89473684210512         2092.5571568211153       2096.4167783724115       2097.899136262316        1016.5721428997147       1038.689924045857        1038.689924045857
83.33333333333319         262.7126030867587        270.43033708056913       273.0548401693202        842.590232821792         861.2516684893945        861.2516684893945
83.77192982456125         262.7126030867587        270.43033708056913       273.0548401693202        842.590232821792         861.2516684893945        861.2516684893945
84.21052631578934         785.0202045612874        788.879071558198         1071.4921936413957       1050.2368128795142       1096.0017260173004       1096.0017260173004
84.64912280701742         1307.3278060358161       1307.3278060358268       1869.9295471134715       1257.8833929372363       1330.7517835452063       1330.7517835452063
85.08771929824549         1307.3278060358161       1307.3278060358268       1869.9295471134715       1257.8833929372363       1330.7517835452063       1330.7517835452063
85.52631578947357         660.1990388283086        660.1990391739203        942.7707011473702        896.2625127114643        960.7515817292119        960.7515817292119
85.96491228070164         13.070271620801057       13.07027231201376        15.611855181269055       534.6416324856923        590.7513799132176        590.7513799132176
86.40350877192968         13.070271620801057       13.07027231201376        15.611855181269055       534.6416324856923        590.7513799132176        590.7513799132176
86.84210526315773         6.601140682156202        6.601512221632584        117.47000260949456       535.0798232484076        589.2682187964513        589.2682187964513
87.2807017543858          0.1320097435113465       0.13275213125140864      219.32815003772006       535.5180140111229        587.7850576796848        587.7850576796848
87.71929824561386         0.1320097435113465       0.13275213125140864      219.32815003772006       535.5180140111229        587.7850576796848        587.7850576796848
88.15789473684193         6.601794842641287        6.602166036511111        171.56649446477948       466.2238119270314        554.6988795594259        554.6988795594259
88.59649122807001         13.071579941771228       13.071579941770814       123.80483889183891       396.92960984293995       521.6127014391672        521.6127014391672
89.03508771929808         13.071579941771228       13.071579941770814       123.80483889183891       396.92960984293995       521.6127014391672        521.6127014391672
89.47368421052616         7.844130760670779        7.844130760670514        172.19843135606908       526.1690353282149        672.8210369522703        672.8210369522703
89.91228070175426         2.6166815795703293       2.6166815795702143       220.59202382029926       655.4084608134899        824.0293724653735        824.0293724653735
90.35087719298232         2.6166815795703293       2.6166815795702143       220.59202382029926       655.4084608134899        824.0293724653735        824.0293724653735
90.78947368421039         1.308340861808897        1.308340862153099        111.50703376615023       443.2386846029337        577.0202829420114        577.0202829420114
91.22807017543846         1.4404746483942258E-7    1.4473598357226205E-7    2.4220437120011957       231.06890839237747       330.0111934186492        330.0111934186492
91.6666666666665          1.4404746483942258E-7    1.4473598357226205E-7    2.4220437120011957       231.06890839237747       330.0111934186492        330.0111934186492
92.10526315789457         0.7197218327691538       0.7197218331133759       1.9429039519269147       558.2776081996265        626.9110205760398        626.9110205760398
92.54385964912265         1.4394435214908428       1.4394435214907682       1.4637641918526336       885.4863080068756        923.8108477334305        923.8108477334305
92.98245614035073         1.4394435214908428       1.4394435214907682       1.4637641918526336       885.4863080068756        923.8108477334305        923.8108477334305
93.42105263157882         0.7269770685213265       0.7269770685735695       17.42216203418766        623.3247972613393        673.3026879057796        673.3026879057796
93.85964912280689         0.014510615551810263     0.014510615656370894     33.38055987652269        361.16328651580307       422.7945280781288        422.7945280781288
94.29824561403493         0.014510615551810263     0.014510615656370894     33.38055987652269        361.16328651580307       422.7945280781288        422.7945280781288
94.73684210526298         0.07979531520525236      0.07979531525752652      24.628567451249555       341.7436955598861        470.00086857145766       470.00086857145766
95.17543859649106         0.14508001485869446      0.14508001485868213      15.87657502597642        322.3241046039691        517.2072090647865        517.2072090647865
95.61403508771913         0.14508001485869446      0.14508001485868213      15.87657502597642        322.3241046039691        517.2072090647865        517.2072090647865
96.05263157894721         2751.3653669311298       2751.3705950401327       2759.685178628985        758.6407301080036        970.6764443987793        970.6764443987793
96.4912280701753          5502.585653847401        5502.596110065407        5503.4937822319935       1194.957355612038        1424.1456797327721       1424.1456797327721
96.92982456140336         5502.585653847401        5502.596110065407        5503.4937822319935       1194.957355612038        1424.1456797327721       1424.1456797327721
97.36842105263142         2751.430202014739        2751.435430123742        2890.3718328030623       768.0580390240884        1101.9482404970522       1101.9482404970522
97.80701754385952         0.2747501820772096       0.274750182077823        277.24988337413095       341.15872243613876       779.7508012613325        779.7508012613325
98.24561403508758         0.2747501820772096       0.274750182077823        277.24988337413095       341.15872243613876       779.7508012613325        779.7508012613325
98.68421052631564         0.20273312217565076      0.2027331249627241       139.48868763319433       319.67241426555915       754.0362713610866        754.0362713610866
99.12280701754372         0.13071606227409194      0.13071606784762527      1.7274918922577025       298.18610609497955       728.3217414608407        728.3217414608407
99.56140350877176         0.13071606227409194      0.13071606784762527      1.7274918922577025       298.18610609497955       728.3217414608407        728.3217414608407
99.99999999999984         0.07849365476337081      0.07849366230771497      0.8771671729699713       576.4075230000494        574.8091037369795        574.8091037369795
100.43859649122791        0.026271247252649683     0.02627125676780468      0.02684245368224008      854.6289399051193        421.29646601311845       421.29646601311845
100.87719298245597        0.026271247252649683     0.02627125676780468      0.02684245368224008      854.6289399051193        421.29646601311845       421.29646601311845
101.31578947368402        0.013135623698211996     0.0131356284557895       0.014511103385325737     567.0510274242126        285.75231369673196       285.75231369673196
101.75438596491212        1.437743092187111E-10    1.437743196748886E-10    0.002179753088411394     279.473114943306         150.20816138034547       150.20816138034547
102.19298245614017        1.437743092187111E-10    1.437743196748886E-10    0.002179753088411394     279.473114943306         150.20816138034547       150.20816138034547
102.63157894736825        718.8649456777132        718.8649481086725        718.8706041761827        1059.6887628297186       388.1744309912926        388.1744309912926
103.07017543859632        1437.7298913552827       1437.7298962172013       1437.739028599277        1839.9044107161312       626.1407006022397        626.1407006022397
103.50877192982438        1437.7298913552827       1437.7298962172013       1437.739028599277        1839.9044107161312       626.1407006022397        626.1407006022397
103.94736842105246        718.8655991918891        718.8708297314914        723.157226555905         1100.6049507712373       470.138269338439         470.138269338439
104.38596491228054        0.001307028495494478     0.01176324578155995      8.575424512533035        361.30549082634354       314.1358380746383        314.1358380746383
104.8245614035086         0.001307028495494478     0.01176324578155995      8.575424512533035        361.30549082634354       314.1358380746383        314.1358380746383
105.26315789473668        654.167748193331         654.1729763019754        658.4548071084904        914.5958197797568        455.2307735376175        455.2307735376175
105.70175438596475        1308.3341893581664       1308.3341893581692       1308.3341897044477       1467.88614873317         596.3257090005967        596.3257090005967
106.14035087719282        1308.3341893581664       1308.3341893581692       1308.3341897044477       1467.88614873317         596.3257090005967        596.3257090005967
106.57894736842087        660.7022317899026        660.7022317903811        660.8368561293426        1030.237706802422        489.75253580383105       489.75253580383105
107.01754385964895        13.070274221638764       13.070274222593076       13.339522554237362       592.5892648716742        383.1793626070654        383.1793626070654
107.45614035087702        13.070274221638764       13.070274222593076       13.339522554237362       592.5892648716742        383.1793626070654        383.1793626070654
107.89473684210512        13.070274221638764       13.070274222593076       13.204897604963069       325.40722632873          324.3134029869793        324.3134029869793
108.33333333333319        13.070271609021072       13.070271609020539       13.070272655688775       58.22518778578582        265.4474433668933        265.4474433668933
108.77192982456124        13.070271609021072       13.070271609020539       13.070272655688775       58.22518778578582        265.4474433668933        265.4474433668933
109.21052631578932        6.5416709410397935       6.541670941039526        6.541723611123728        481.40000709181993       311.19631464106465       311.19631464106465
109.6491228070174         0.013070273058514475     0.013070273058513123     0.01317456655867968      904.574826397854         356.9451859152359        356.9451859152359
110.08771929824546        0.013070273058514475     0.013070273058513123     0.01317456655867968      904.574826397854         356.9451859152359        356.9451859152359
110.52631578947354        0.006535136529271027     0.006535136529328383     0.006596375833442446     458.7513926066273        250.86768122801115       250.86768122801115
110.9649122807016         2.7578403939812634E-14   1.4364241581511355E-13   1.818510820521273E-5     12.927958815400487       144.79017654078638       144.79017654078638
111.40350877192964        2.7578403939812634E-14   1.4364241581511355E-13   1.818510820521273E-5     12.927958815400487       144.79017654078638       144.79017654078638
111.8421052631577         7.188649384170607        7.188649384170359        7.189452996674563        19.245490601351918       201.60690317635536       201.60690317635536
112.2807017543858         14.377298768341186       14.377298768340575       14.37888780824092        25.563022387303345       258.42362981192434       258.42362981192434
112.71929824561389        14.377298768341186       14.377298768340575       14.37888780824092        25.563022387303345       258.42362981192434       258.42362981192434
113.15789473684195        660.7094902992268        660.7094902992279        660.7102849537282        666.3738589040505        361.50618939657636       361.50618939657636
113.59649122807002        1307.0416818301123       1307.0416818301153       1307.0416820992154       1307.1846954207977       464.5887489812284        464.5887489812284
114.0350877192981         1307.0416818301123       1307.0416818301153       1307.0416820992154       1307.1846954207977       464.5887489812284        464.5887489812284
114.47368421052616        653.5215597800084        653.5215597805907        803.0248179051357        812.9109412999424        417.45664627083          417.45664627083
114.91228070175423        0.0014377299044399392    0.0014377310661254968    299.00795371105596       318.6371871790871        370.32454356043155       370.32454356043155
115.35087719298228        0.0014377299044399392    0.0014377310661254968    299.00795371105596       318.6371871790871        370.32454356043155       370.32454356043155
115.78947368421036        7.842163109179367E-4     7.873738836486502E-4     149.50404536389442       159.31877795823505       262.30227315617344       262.30227315617344
116.22807017543843        1.3070271739593425E-4    1.370167011718035E-4     1.370167328913493E-4     3.687373829699977E-4     154.28000275191533       154.28000275191533
116.6666666666665         1.3070271739593425E-4    1.370167011718035E-4     1.370167328913493E-4     3.687373829699977E-4     154.28000275191533       154.28000275191533
117.10526315789456        6.535135869803967E-5     6.85083505859743E-5      6.850836644578579E-5     0.07169116404037872      109.51413895905694       109.51413895905694
117.54385964912265        1.4508132187134315E-16   1.4509177808857034E-16   2.222586616598653E-16    0.14301359069778743      64.74827516619854        64.74827516619854
117.98245614035069        1.4508132187134315E-16   1.4509177808857034E-16   2.222586616598653E-16    0.14301359069778743      64.74827516619854        64.74827516619854
118.42105263157876        7.19590998605449E-4      0.20579907720375137      149.5036650393151        149.57517183467883       219.0683776472467        232.50518558383757
118.85964912280684        0.0014391819972107529    0.4115981544075026       299.0073300786302        299.0073300786599        373.3884801282949        400.2620960014766
119.29824561403491        0.0014391819972107529    0.4115981544075026       299.0073300786302        299.0073300786599        373.3884801282949        400.2620960014766
119.736842105263          13.070991199236541       13.29657863406167        177.5242311923858        275.6131137062933        350.91377745462876       382.75738803481937
120.17543859649106        26.140543216475873       26.181559113715835       56.041132306141385       252.21889733392666       328.4390747809626        365.25268006816214
120.61403508771912        26.140543216475873       26.181559113715835       56.041132306141385       252.21889733392666       328.4390747809626        365.25268006816214
121.05263157894717        667.2439007035663        667.2644086521876        682.1941952483979        780.283078349972         337.335344294823         355.7421469384228
121.49122807017527        1308.3472581906567       1308.3472581906594       1308.3472581906544       1308.3472593660174       346.2316138086835        346.2316138086835
121.92982456140334        1308.3472581906567       1308.3472581906594       1308.3472581906544       1308.3472593660174       346.2316138086835        346.2316138086835
122.36842105263142        654.1801642311322        654.1801642311335        654.180164231131         752.2690473274738        226.89159763620353       226.89159763620353
122.80701754385949        0.013070271607585289     0.01307027160758392      0.013070271607596657     196.1908352889301        107.55158146372355       107.55158146372355
123.24561403508754        0.013070271607585289     0.01307027160758392      0.013070271607596657     196.1908352889301        107.55158146372355       107.55158146372355
123.68421052631561        0.006535135804446223     0.006535135856731854     0.006535138669894604     98.11592559589938        78.53497352756109        78.53497352756109
124.12280701754366        1.3071578634744889E-12   1.058797869414037E-10    5.7321925528811816E-9    0.04101590286868069      49.518365591398634       49.518365591398634
124.56140350877173        1.3071578634744889E-12   1.058797869414037E-10    5.7321925528811816E-9    0.04101590286868069      49.518365591398634       49.518365591398634
124.99999999999979        6.53513586928003E-5      6.535141097910526E-5     6.535422413550434E-5     0.02057354033853458      81.28710330909182        81.28710330909182
125.43859649122788        1.3070271607844273E-4    1.3070271607842356E-4    1.3070271607845582E-4    1.3117780838847317E-4    113.055841026785         113.055841026785
125.87719298245598        1.3070271607844273E-4    1.3070271607842356E-4    1.3070271607845582E-4    1.3117780838847317E-4    113.055841026785         113.055841026785
126.31578947368405        6.53513586927356E-5      6.535135869272601E-5     6.535135869506362E-5     6.561824079579714E-5     68.07783938861132        82.8435623958542
126.75438596491212        1.307028467785561E-12    1.3070284681316977E-12   1.311671414310673E-12    5.86732031211129E-8      23.09983775043764        52.631283764923396
127.19298245614019        1.307028467785561E-12    1.3070284681316977E-12   1.311671414310673E-12    5.86732031211129E-8      23.09983775043764        52.631283764923396
127.63157894736827        653.5135803806305        653.5502964583723        655.5643752426811        655.5643752721469        140.50750130192782       189.90887086937073
128.07017543859632        1307.0271607612597       1307.1005929167432       1311.1287504853608       1311.1287504856207       257.915164853418         327.18645797381805
128.50877192982435        1307.0271607612597       1307.1005929167432       1311.1287504853608       1311.1287504856207       257.915164853418         327.18645797381805
128.94736842105243        653.5201155229701        653.5568316007123        655.5709104103391        660.3285174072463        232.01174760584274       286.86813091976273
129.38596491228049        0.013070284680482285     0.013070284681338322     0.013070335317393314     9.528284328871996        206.1083303582675        246.5498038657074
129.8245614035086         0.013070284680482285     0.013070284681338322     0.013070335317393314     9.528284328871996        206.1083303582675        246.5498038657074
130.26315789473665        0.0065357958538287105    0.006536163015034131     0.0065563291209047424    4.764163325898206        144.50649438287311       174.4150220016452
130.70175438596476        1.3070271751356512E-6    2.0413487299405813E-6    4.232292441617193E-5     4.23229244161963E-5      82.90465840747872        102.28024013758304
131.14035087719282        1.3070271751356512E-6    2.0413487299405813E-6    4.232292441617193E-5     4.23229244161963E-5      82.90465840747872        102.28024013758304
131.57894736842087        0.06535201155803948      0.0653523787188115       0.06537251950666365      0.06537251950668171      90.93918458928397        115.39269846157877
132.01754385964898        0.13070271608890383      0.13070271608889306      0.13070271608891113      0.13070271608894724      98.97371077108923        128.5051567855745
132.45614035087704        0.13070271608890383      0.13070271608889306      0.13070271608891113      0.13070271608894724      98.97371077108923        128.5051567855745
132.8947368421051         653.5789317372514        653.5789317372528        653.5789317372517        653.5789317372471        136.79840443355585       151.5641274407985
133.33333333333317        1307.0271607584139       1307.0271607584166       1307.0271607584143       1307.0271607584052       174.6230980960225        174.6230980960225
133.7719298245612         1307.0271607584139       1307.0271607584166       1307.0271607584143       1307.0271607584052       174.6230980960225        174.6230980960225
134.21052631578925        718.871474278979         718.8714742789791        718.87147427898          718.8714742789797        164.10384123836596       300.2297626301995
134.64912280701736        130.71578779954424       130.71578779954172       130.71578779954586       130.7157877995541        153.58458438070943       425.8364271643766
135.08771929824542        130.71578779954424       130.71578779954172       130.71578779954586       130.7157877995541        153.58458438070943       425.8364271643766
135.5263157894735         66.14211020276224        66.14211020276093        66.42342636387089        68.67395570501962        227.51596853081296       396.031441772565
135.96491228070155        1.5684326059802447       1.568432605980143        2.131064928195905        6.632123610485147        301.4473526809165        366.22645638075346
136.40350877192967        1.5684326059802447       1.568432605980143        2.131064928195905        6.632123610485147        301.4473526809165        366.22645638075346
136.84210526315775        2.156594821786459        2.156594821786322        2.437910982894346        4.688440324039254        169.93352510940696       336.623568221446
137.2807017543858         2.7447570375926733       2.7447570375925006       2.7447570375927874       2.7447570375933608       38.419697537897406       307.0206800621385
137.71929824561386        2.7447570375926733       2.7447570375925006       2.7447570375927874       2.7447570375933608       38.419697537897406       307.0206800621385
138.1578947368419         1.3723785187963367       1.3723785187962503       1.3723785187963937       1.3723785187966804       19.209848768948703       153.51034003106926
138.59649122807           0                        0                        0                        0                        0                        0
139.03508771929808        0                        0                        0                        0                        0                        0
139.47368421052613        0.6535135803791677       0.6535135803791275       0.6535135803791948       0.653513580379334        388.64729220706874       62.74348826157546
139.9122807017542         1.3070271607583355       1.307027160758255        1.3070271607583897       1.307027160758668        777.2945844141375        125.48697652315091
140.3508771929823         1.3070271607583355       1.307027160758255        1.3070271607583897       1.307027160758668        777.2945844141375        125.48697652315091
140.78947368421035        0.6535135803791677       0.6535135803791303       0.6606642599140754       47.5691220087362         435.56290063542633       67.95633364250375
141.22807017543843        1.3070271607583902E-22   5.62632335285668E-15     0.01430135906976119      93.83121685671374        93.83121685671522        10.425690761856576
141.6666666666665         1.3070271607583902E-22   5.62632335285668E-15     0.01430135906976119      93.83121685671374        93.83121685671522        10.425690761856576
142.10526315789457        1.3070271607583902E-22   5.62632335285668E-15     0.007150679600232006     46.915608428422225       118.65026987296622       31.615198623183957
142.54385964912265        1.307027173828713E-10    1.3070271738283533E-10   1.3070282194506832E-10   1.3071129148118956E-10   143.46932288921724       52.804706484511335
142.98245614035068        1.307027173828713E-10    1.3070271738283533E-10   1.3070282194506832E-10   1.3071129148118956E-10   143.46932288921724       52.804706484511335
143.42105263157873        6.535142404278963E-5     6.535142404278007E-5     6.53518998007349E-5      0.002344012381302451     518.8608319513872        76.08303885411677
143.8596491228068         1.3070271738286186E-4    1.3070271738284276E-4    1.3070366889864787E-4    0.00468802463189361      894.2523410135572        99.36137122372219
144.29824561403487        1.3070271738286186E-4    1.3070271738284276E-4    1.3070366889864787E-4    0.00468802463189361      894.2523410135572        99.36137122372219
144.73684210526295        6.535135869143093E-5     6.535135869142138E-5     6.535183444932393E-5     0.002344012315946805     447.1261705067786        49.680685611861094
145.17543859649106        0                        0                        0                        0                        0                        0
145.61403508771915        0                        0                        0                        0                        0                        0
146.05263157894723        0                        0                        7.260535878013471E-6     7.260535878017594E-6     4.8006505244214305E-5    107.49403339155961
146.49122807017534        1.4521071756025266E-5    1.4521071756022802E-5    1.4521071756026943E-5    1.4521071756035188E-5    9.601301048842861E-5     214.98806678311922
146.9298245614034         1.4521071756025266E-5    1.4521071756022802E-5    1.4521071756026943E-5    1.4521071756035188E-5    9.601301048842861E-5     214.98806678311922
147.36842105263145        1.4521071756025266E-5    1.4521071756022802E-5    1.1115609407551707E-5    1.111561909534906E-5     0.5303877603704216       164.5499518574776
147.80701754385953        1.4508001484418719E-11   1.4508001535051302E-11   7.710147059076472E-6     7.71016643466293E-6      1.0606795077303548       114.111836931836
148.24561403508756        1.4508001484418719E-11   1.4508001535051302E-11   7.710147059076472E-6     7.71016643466293E-6      1.0606795077303548       114.111836931836
148.6842105263156         1.4508001484418719E-11   1.4508001535051302E-11   7.710147059076472E-6     7.71016643466293E-6      0.5453372131392712       126.19953593418234
149.1228070175437         1.4378607102529864E-8    1.4378607102526497E-8    1.4378607102532135E-8    1.4378607102543349E-8    0.029994918548187626     138.28723493652868
149.56140350877175        1.4378607102529864E-8    1.4378607102526497E-8    1.4378607102532135E-8    1.4378607102543349E-8    0.029994918548187626     138.28723493652868
149.99999999999983        1.4378607102529864E-8    1.4378607102526497E-8    1.345525170697796        108.98753825138841       109.00253570347324       120.21076046756886
150.4385964912279         1.452250948590295E-15    5.626317726534405E-7     2.6910503270169848       217.97507648839823       217.9750764883983        102.13428599860903
150.87719298245594        1.452250948590295E-15    5.626317726534405E-7     2.6910503270169848       217.97507648839823       217.9750764883983        102.13428599860903
151.31578947368402        1.452250948590295E-15    5.626317726534405E-7     1.3455251635084924       108.98753824419911       108.98753824419914       51.067142999304515
151.7543859649121         0                        0                        0                        0                        0                        0
152.1929824561402         0                        0                        0                        0                        0                        0
152.6315789473683         0.06535135803791688      0.06535135803791145      0.0653513580379205       0.06535135803793854      0.06535135803790229      47.64114000963946
153.07017543859635        0.13070271607583375      0.1307027160758229       0.130702716075841        0.13070271607587708      0.13070271607580458      95.28228001927891
153.50877192982443        0.13070271607583375      0.1307027160758229       0.130702716075841        0.13070271607587708      0.13070271607580458      95.28228001927891
153.9473684210525         0.06535135803791688      0.06535135803791145      0.0653513580379205       0.06535135803793854      0.06535135803790229      47.64114000963946
154.38596491228057        0                        0                        0                        0                        0                        0
154.82456140350862        0                        0                        0                        0                        0                        0
155.26315789473665        0                        0                        0                        0                        0                        0
155.70175438596476        0                        0                        0                        0                        0                        0
156.14035087719282        0                        0                        0                        0                        0                        0
156.5789473684209         0.6535136457305469       0.6535136457305069       0.6535136457305739       0.653513645730708        0.6535136457304396       78.25305509857652
157.01754385964898        1.3070272914610939       1.3070272914610137       1.3070272914611478       1.307027291461416        1.3070272914608791       156.50611019715305
157.456140350877          1.3070272914610939       1.3070272914610137       1.3070272914611478       1.307027291461416        1.3070272914608791       156.50611019715305
157.8947368421051         0.6535137110819049       0.6535137110818648       0.6535137110819319       0.653513711082066        0.6535163799490309       103.57151018644115
158.33333333333317        1.3070271607583968E-7    1.3070271607581218E-7    1.307027160758584E-7     1.3070271607595014E-7    5.468437182526477E-6     50.63691017572923
158.7719298245612         1.3070271607583968E-7    1.3070271607581218E-7    1.307027160758584E-7     1.3070271607595014E-7    5.468437182526477E-6     50.63691017572923
159.21052631578928        1.3070271607583968E-7    1.3070271607581218E-7    1.307027160758584E-7     1.3070271607595014E-7    5.468437182526477E-6     25.318455087864614
159.64912280701736        0                        0                        0                        0                        0                        0
160.08771929824545        0                        0                        0                        0                        0                        0
160.52631578947353        0                        0                        0                        0                        0                        0
160.9649122807016         0                        0                        0                        0                        0                        0
161.4035087719297         0                        0                        0                        0                        0                        0
161.84210526315778        653.5135803798574        653.5135803798589        653.5135803798563        653.5135803798512        653.5135803850895        93.12056866330073
162.28070175438586        1307.027160759715        1307.0271607597178       1307.0271607597126       1307.0271607597024       1307.027160770179        186.24113732660146
162.7192982456139         1307.027160759715        1307.0271607597178       1307.0271607597126       1307.0271607597024       1307.027160770179        186.24113732660146
163.15789473684194        653.5135803863926        653.5135803863941        653.5135803863915        653.5135803863864        653.5135804439058        115.90717824237812
163.59649122807002        1.307027160758348E-8     1.3070271607580448E-8    1.3070271607585524E-8    1.3070271607595627E-8    1.1763244446818572E-7    45.573219158154785
164.03508771929808        1.307027160758348E-8     1.3070271607580448E-8    1.3070271607585524E-8    1.3070271607595627E-8    1.1763244446818572E-7    45.573219158154785
164.47368421052616        1.307027160758348E-8     1.3070271607580448E-8    1.3070271607585524E-8    1.3070271607595627E-8    1.1763244446818572E-7    22.786609579077393
164.91228070175424        0                        0                        0                        0                        0                        0
165.3508771929823         0                        0                        0                        0                        0                        0
165.78947368421038        0                        0                        0                        0                        0                        0
166.22807017543846        0                        0                        0                        0                        0                        0
166.6666666666665         0                        0                        0                        0                        0                        0
167.10526315789457        6.535135804510228E-5     6.535135804509266E-5     6.535517838093744E-5     6.53551783809694E-5      6.535517838090533E-5     57.73889437152317
167.54385964912265        1.3070271609020456E-4    1.3070271609018531E-4    1.3071035676187487E-4    1.307103567619388E-4     1.3071035676181066E-4    115.47778874304635
167.98245614035076        1.3070271609020456E-4    1.3070271609018531E-4    1.3071035676187487E-4    1.307103567619388E-4     1.3071035676181066E-4    115.47778874304635
168.42105263157887        6.535135804510228E-5     6.535135804509266E-5     6.535517838093744E-5     6.53551783809694E-5      6.535517838090533E-5     57.73889437152317
168.85964912280693        0                        0                        0                        0                        0                        0
169.29824561403495        0                        0                        0                        0                        0                        0
169.73684210526298        65.35135803792379        65.35135803792255        65.35135803792463        65.35135803792875        65.35135803792049        96.91309096589423
170.1754385964911         130.70271607584758       130.7027160758451        130.70271607584925       130.7027160758575        130.70271607584098       193.82618193178845
170.61403508771915        130.70271607584758       130.7027160758451        130.70271607584925       130.7027160758575        130.70271607584098       193.82618193178845
171.0526315789472         65.35135803792379        65.35135803792255        65.35135803792463        65.35135803792875        65.35135803792049        96.91309096589423
171.4912280701753         0                        0                        0                        0                        0                        0
171.92982456140334        0                        0                        0                        0                        0                        0
172.36842105263142        0                        0                        0                        0                        0                        0
172.80701754385953        0                        0                        0                        0                        0                        0
173.24561403508758        0                        0                        0                        0                        0                        0
173.68421052631567        0                        0                        0                        0                        0                        0
174.12280701754375        0                        0                        0                        0                        0                        0
174.56140350877183        0                        0                        0                        0                        0                        0
174.99999999999994        0                        0                        0                        0                        0                        0
175.43859649122797        0                        0                        0                        0                        0                        0
175.87719298245602        0                        0                        0                        0                        0                        0
176.31578947368405        0                        0                        0                        0                        0                        0
176.75438596491213        0                        0                        0                        0                        0                        0
177.19298245614024        0                        0                        0                        0                        0                        0
177.6315789473683         0                        0                        0                        0                        0                        0
178.07017543859638        0                        0                        0                        0                        0                        0
178.50877192982446        0                        0                        0                        0                        0                        0
178.94736842105252        0                        0                        0                        0                        0                        0
179.3859649122806         0                        0                        0                        0                        0                        0
179.82456140350865        0                        0                        0                        0                        0                        0
180.26315789473674        0                        0                        0                        0                        0                        0
180.70175438596482        0                        0                        0                        0                        0                        0
181.14035087719287        0                        0                        0                        0                        0                        0
181.57894736842096        0.006535135803791784     0.00653513580379111      0.0065351358037922455    0.006535135803794516     0.006535135803789966     385.8932340781001
182.017543859649          0.013070271607583568     0.01307027160758222      0.013070271607584491     0.013070271607589033     0.013070271607579932     771.7864681562002
182.4561403508771         0.013070271607583568     0.01307027160758222      0.013070271607584491     0.013070271607589033     0.013070271607579932     771.7864681562002
182.89473684210517        0.00653513581032692      0.006535135810326246     0.006535135810327382     0.006535135810329652     0.006535135810325102     385.8932340781066
183.33333333333326        1.3070271607583579E-11   1.3070271607579706E-11   1.3070271607586188E-11   1.3070271607599064E-11   1.3070271607573249E-11   1.3070271607624867E-11
183.77192982456134        1.3070271607583579E-11   1.3070271607579706E-11   1.3070271607586188E-11   1.3070271607599064E-11   1.3070271607573249E-11   1.3070271607624867E-11
184.2105263157894         725.4007996209518        725.4007996209518        725.4007996209517        725.4007996209517        725.400799620952         737.0003221336516
184.64912280701748        1450.8015992418907       1450.8015992418907       1450.8015992418905       1450.8015992418905       1450.801599241891        1474.0006442672902
185.08771929824556        1450.8015992418907       1450.8015992418907       1450.8015992418905       1450.8015992418905       1450.801599241891        1474.0006442672902
185.5263157894736         725.4007996209453        725.4007996209453        725.4007996209452        725.4007996209452        725.4007996209455        737.0003221336451
185.9649122807017         0                        0                        0                        0                        0                        0
186.40350877192975        0                        0                        0                        0                        0                        0
186.8421052631578         65.35135803791616        65.3513580379149         65.35135803791697        65.3513580379211         65.35135803791279        65.35135803792937
187.2807017543859         130.7027160758323        130.7027160758298        130.70271607583393       130.7027160758422        130.70271607582558       130.70271607585875
187.71929824561394        130.7027160758323        130.7027160758298        130.70271607583393       130.7027160758422        130.70271607582558       130.70271607585875
188.15789473684202        65.35135803791616        65.35135803795778        65.35135806917432        65.35135806917846        65.35135806917015        65.35136056977488
188.59649122807014        1.3070271607583378E-14   8.57540520173297E-11     6.251470392065891E-8     6.251470392070611E-8     6.251470392061818E-8     5.06369101758205E-6
189.03508771929816        1.3070271607583378E-14   8.57540520173297E-11     6.251470392065891E-8     6.251470392070611E-8     6.251470392061818E-8     5.06369101758205E-6
189.47368421052627        1.3070271607583378E-14   8.57540520173297E-11     6.251470392065891E-8     6.251470392070611E-8     6.251470392061818E-8     5.06369101758205E-6
189.91228070175433        0                        0                        0                        0                        0                        0
190.35087719298238        0                        0                        0                        0                        0                        0
190.7894736842105         0                        0                        0                        0                        0                        0
191.22807017543855        0                        0                        0                        0                        0                        0
191.6666666666666         0                        0                        0                        0                        0                        0
192.10526315789468        0                        0                        0                        0                        0                        0
192.5438596491228         0                        0                        0                        0                        0                        0
192.98245614035088        0                        0                        0                        0                        0                        0
193.42105263157893        0                        0                        0                        0                        0                        0
193.859649122807          0                        0                        0                        0                        0                        0
194.29824561403504        0                        0                        0                        0                        0                        0
194.73684210526312        0                        0                        0                        0                        0                        0
195.1754385964912         0                        0                        0                        0                        0                        0
195.61403508771923        0                        0                        0                        0                        0                        0
196.05263157894734        718.8265429511325        718.8265429511326        718.8265429511322        718.8265429511312        718.8265429511332        718.8265429511291
196.49122807017542        1437.653085902265        1437.6530859022653       1437.6530859022644       1437.6530859022623       1437.6530859022664       1437.6530859022582
196.92982456140345        1437.653085902265        1437.6530859022653       1437.6530859022644       1437.6530859022623       1437.6530859022664       1437.6530859022582
197.36842105263156        718.8265429511325        718.8265429511326        718.8265429511322        718.8265429511312        718.8265429511332        718.8265429511291
197.80701754385964        0                        0                        0                        0                        0                        0
198.24561403508773        0                        0                        0                        0                        0                        0
198.6842105263158         0                        0                        0                        0                        0                        0
199.12280701754386        0                        0                        0                        0                        0                        0
199.56140350877195        0                        0                        0                        0                        0                        0
200                       0                        0                        0                        0                        0                        0
