% Model:              Cav_Hex_Unif_flux_v5.1.1 - Lin. Distn.mph
% Version:            COMSOL 5.5.0.359
% Date:               Dec 9 2021, 14:49
% Dimension:          1
% Nodes:              469
% Expressions:        6
% Description:        Line graph
% x                       Height                   Height                   Height                   Height                   Height                   Height
0                         43045.72624134796        14233.022112856877       15090.972772389883       15090.972772389883       15090.972772392806       15090.972772392806
0.8547008547008556        43045.72624134796        14233.022112856877       15090.972772389883       15090.972772389883       15090.972772392806       15090.972772392806
1.709401709401711         43045.72624134796        14233.022112856877       15090.972772389883       15090.972772389883       15090.972772392806       15090.972772392806
2.5641025641025665        44089.32215422122        14712.707249165014       15588.821428116966       15588.821428116966       15588.821428119978       15588.821428119978
3.418803418803422         45132.91806709448        15192.392385473151       16086.670083844048       16086.670083844048       16086.67008384715        16086.67008384715
4.273504273504278         45132.91806709448        15192.392385473151       16086.670083844048       16086.670083844048       16086.67008384715        16086.67008384715
5.128205128205133         44953.77457309906        16452.339728062827       17534.573868089596       17534.573868089596       17534.57386809292        17534.57386809292
5.982905982905989         44774.63107910363        17712.287070652503       18982.47765233514        18982.47765233514        18982.477652338694       18982.477652338694
6.837606837606845         44774.63107910363        17712.287070652503       18982.47765233514        18982.47765233514        18982.477652338694       18982.477652338694
7.692307692307701         45916.90593354349        17928.13625464712        19316.687568798057       19316.687568798057       19316.6875688016         19316.6875688016
8.547008547008557         47059.18078798334        18143.985438641736       19650.89748526097        19650.89748526097        19650.897485264504       19650.897485264504
9.401709401709413         47059.18078798334        18143.985438641736       19650.89748526097        19650.89748526097        19650.897485264504       19650.897485264504
10.256410256410268        43169.162935172644       17680.43286805608        19334.388325772336       19334.388325772336       19334.388325775744       19334.388325775744
11.111111111111125        39279.14508236195        17216.880297470423       19017.879166283703       19017.879166283703       19017.879166286984       19017.879166286984
11.965811965811982        39279.14508236195        17216.880297470423       19017.879166283703       19017.879166283703       19017.879166286984       19017.879166286984
12.820512820512837        36704.733675497795       17532.203811211475       19379.923430084968       19379.923430084968       19379.923430088245       19379.923430088245
13.675213675213692        34130.32226863364        17847.527324952523       19741.967693886232       19741.967693886232       19741.967693889506       19741.967693889506
14.529914529914548        34130.32226863364        17847.527324952523       19741.967693886232       19741.967693886232       19741.967693889506       19741.967693889506
15.384615384615401        33447.69322505865        17855.077814077304       19768.95223152153        19768.95223152153        19768.952231524712       19768.952231524712
16.239316239316256        32765.064181483656       17862.628303202087       19795.936769156822       19795.936769156822       19795.93676915992        19795.93676915992
17.09401709401711         32765.064181483656       17862.628303202087       19795.936769156822       19795.936769156822       19795.93676915992        19795.93676915992
17.948717948717967        29556.149880779587       17015.033842191195       19163.27412451316        19163.27412451316        19163.27412451611        19163.27412451611
18.803418803418825        26347.235580075514       16167.439381180304       18530.611479869494       18530.611479869494       18530.6114798723         18530.6114798723
19.65811965811968         26347.235580075514       16167.439381180304       18530.611479869494       18530.611479869494       18530.6114798723         18530.6114798723
20.51282051282054         26958.809054346875       16435.304030528063       18915.76811450887        18915.76811450887        18915.768114511753       18915.768114511753
21.367521367521395        27570.382528618236       16703.168679875824       19300.924749148253       19300.924749148253       19300.92474915121        19300.92474915121
22.222222222222246        27570.382528618236       16703.168679875824       19300.924749148253       19300.924749148253       19300.92474915121        19300.92474915121
23.0769230769231          29520.33249018964        16520.726298786984       19180.39943229551        19180.39943229551        19180.399432298458       19180.399432298458
23.93162393162396         31470.282451761042       16338.283917698145       19059.87411544277        19059.87411544277        19059.87411544571        19059.87411544571
24.786324786324816        31470.282451761042       16338.283917698145       19059.87411544277        19059.87411544277        19059.87411544571        19059.87411544571
25.641025641025678        28272.608663663825       15479.384913754533       18825.13085691128        18825.13085691128        18825.130856914075       18825.130856914075
26.495726495726533        25074.934875566607       14620.485909810921       18590.387598379788       18590.387598379788       18590.387598382444       18590.387598382444
27.350427350427385        25074.934875566607       14620.485909810921       18590.387598379788       18590.387598379788       18590.387598382444       18590.387598382444
28.205128205128236        22438.08695168962        13876.577595095707       18013.913860662455       18013.913860662455       18013.913860665          18013.913860665
29.05982905982909         19801.239027812633       13132.669280380493       17437.440122945125       17437.440122945125       17437.440122947555       17437.440122947555
29.914529914529943        19801.239027812633       13132.669280380493       17437.440122945125       17437.440122945125       17437.440122947555       17437.440122947555
30.7692307692308          19817.677483512587       13118.100175110627       17719.948732254295       17719.948732254295       17719.948732256697       17719.948732256697
31.623931623931657        19834.11593921254        13103.531069840763       18002.457341563466       18002.457341563466       18002.457341565838       18002.457341565838
32.47863247863251         19834.11593921254        13103.531069840763       18002.457341563466       18002.457341563466       18002.457341565838       18002.457341565838
33.33333333333337         19110.276927698622       11855.371028632284       16696.70060963508        16696.70060963508        16696.700609637297       16696.700609637297
34.18803418803423         18386.4379161847         10607.210987423805       15390.943877706693       15390.943877706693       15390.943877708756       15390.943877708756
35.04273504273508         18386.4379161847         10607.210987423805       15390.943877706693       15390.943877706693       15390.943877708756       15390.943877708756
35.89743589743594         15425.83872359094        9500.56132087636         14800.065571699073       14800.065571699073       14800.06557170092        14800.06557170092
36.7521367521368          12465.23953099718        8393.911654328918        14209.187265691453       14209.187265691453       14209.187265693083       14209.187265693083
37.60683760683765         12465.23953099718        8393.911654328918        14209.187265691453       14209.187265691453       14209.187265693083       14209.187265693083
38.4615384615385          12849.28273951114        10999.819391954003       14140.384603835062       14154.312936316208       14154.312936317823       14154.312936317823
39.31623931623936         13233.3259480251         13605.727129579087       14071.581941978671       14099.438606940963       14099.438606942562       14099.438606942562
40.17094017094022         13233.3259480251         13605.727129579087       14071.581941978671       14099.438606940963       14099.438606942562       14099.438606942562
41.02564102564108         13213.986132191176       28016.284961130117       13788.736212751115       13802.664545232261       13802.664545233834       13802.664545233834
41.88034188034194         13194.646316357252       42426.84279268115        13505.890483523559       13505.890483523559       13505.890483525109       13505.890483525109
42.73504273504279         13194.646316357252       42426.84279268115        13505.890483523559       13505.890483523559       13505.890483525109       13505.890483525109
43.58974358974364         11917.254947570065       35244.17463643624        12687.43861053122        12687.43861053122        12687.438610532598       12687.438610532598
44.4444444444445          10639.863578782879       28061.50648019133        11868.986737538882       11868.986737538882       11868.986737540088       11868.986737540088
45.29914529914535         10639.863578782879       28061.50648019133        11868.986737538882       11868.986737538882       11868.986737540088       11868.986737540088
46.1538461538462          10153.495516590405       26071.466117778415       11389.164648039863       11389.164648039863       11389.16464804102        11389.16464804102
47.00854700854706         9667.12745439793         24081.425755365497       10909.342558540844       10909.342558540844       10909.342558541952       10909.342558541952
47.86324786324791         9667.12745439793         24081.425755365497       10909.342558540844       10909.342558540844       10909.342558541952       10909.342558541952
48.71794871794877         7968.981924429258        20118.317189218724       10496.93380299211        10496.93380299211        10496.933802993088       10496.933802993088
49.57264957264963         6270.836394460584        16155.208623071954       10084.525047443374       10084.525047443374       10084.525047444225       10084.525047444225
50.42735042735048         6270.836394460584        16155.208623071954       10084.525047443374       10084.525047443374       10084.525047444225       10084.525047444225
51.28205128205134         6753.058683936562        17269.94720055817        10560.43528204738        10569.52911527322        10569.529115274216       10569.529115274216
52.1367521367522          7235.28097341254         18384.68577804439        11036.345516651383       11054.533183103067       11054.533183104206       11054.533183104206
52.991452991453045        7235.28097341254         18384.68577804439        11036.345516651383       11054.533183103067       11054.533183104206       11054.533183104206
53.846153846153896        8527.944980623157        18146.52894744568        10776.884526416896       10785.978359642739       10785.97835964381        10785.97835964381
54.700854700854755        9820.608987833773        17908.37211684697        10517.42353618241        10517.42353618241        10517.423536183414       10517.423536183414
55.55555555555561         9820.608987833773        17908.37211684697        10517.42353618241        10517.42353618241        10517.423536183414       10517.423536183414
56.410256410256466        8203.464685668576        15336.236945329505       9973.254016208433        9973.254016208433        9973.25401620938         9973.25401620938
57.264957264957324        6586.320383503378        12764.101773812039       9429.084496234456        9429.084496234456        9429.084496235344        9429.084496235344
58.119658119658176        6586.320383503378        12764.101773812039       9429.084496234456        9429.084496234456        9429.084496235344        9429.084496235344
58.97435897435903         6816.284508789295        11362.50443826969        8622.420964340483        8640.722655467971        8640.722655468704        8640.722655468704
59.82905982905989         7046.248634075212        9960.90710272734         7815.75743244651         7852.360814701485        7852.360814702065        7852.360814702065
60.68376068376074         7046.248634075212        9960.90710272734         7815.75743244651         7852.360814701485        7852.360814702065        7852.360814702065
61.5384615384616          5896.134424083501        8879.689590660866        7633.842001630928        7683.7372987136805       7683.737298714283        7683.737298714283
62.393162393162456        4746.020214091788        7798.472078594392        7451.926570815347        7515.113782725877        7515.113782726501        7515.113782726501
63.247863247863314        4746.020214091788        7798.472078594392        7451.926570815347        7515.113782725877        7515.113782726501        7515.113782726501
64.10256410256417         5253.681440106491        7994.987139228021        6993.704715167506        7040.7532279249845       7040.753227925565        7040.753227925565
64.95726495726502         5761.342666121194        8191.50219986165         6535.482859519665        6566.392673124092        6566.392673124628        6566.392673124628
65.81196581196588         5761.342666121194        8191.50219986165         6535.482859519665        6566.392673124092        6566.392673124628        6566.392673124628
66.66666666666673         5321.197752722057        7786.605931928835        6394.447898116099        6413.793349135833        6413.7933491363565       6413.7933491363565
67.52136752136758         4881.052839322921        7381.70966399602         6253.412936712533        6261.1940251475735       6261.194025148085        6261.194025148085
68.37606837606843         4881.052839322921        7381.70966399602         6253.412936712533        6261.1940251475735       6261.194025148085        6261.194025148085
69.2307692307693          5171.644398966814        7359.267617689777        6131.184634611323        6156.975717505854        6156.975717506359        6156.975717506359
70.08547008547016         5462.235958610708        7336.825571383534        6008.9563325101135       6052.757409864134        6052.757409864633        6052.757409864633
70.94017094017101         5462.235958610708        7336.825571383534        6008.9563325101135       6052.757409864134        6052.757409864633        6052.757409864633
71.79487179487188         4800.997872628775        6112.776349827132        5667.008875268086        5730.374755388172        5730.374755388679        5730.374755388679
72.64957264957273         4139.759786646844        4888.72712827073         5325.061418026058        5407.99210091221         5407.992100912725        5407.992100912725
73.50427350427357         4139.759786646844        4888.72712827073         5325.061418026058        5407.99210091221         5407.992100912725        5407.992100912725
74.35897435897442         4269.645974401201        5172.398565483289        5494.087451254979        5555.923263659093        5555.923263659584        5555.923263659584
75.21367521367529         4399.532162155557        5456.0700026958475       5663.1134844839          5703.8544264059765       5703.854426406444        5703.854426406444
76.06837606837614         4399.532162155557        5456.0700026958475       5663.1134844839          5703.8544264059765       5703.854426406444        5703.854426406444
76.92307692307699         3820.8215457877886       4938.853194234022        5764.782579791907        5828.396774854881        5828.396774855351        5828.396774855351
77.77777777777786         3242.11092942002         4421.636385772197        5866.451675099913        5952.939123303786        5952.939123304259        5952.939123304259
78.63247863247871         3242.11092942002         4421.636385772197        5866.451675099913        5952.939123303786        5952.939123304259        5952.939123304259
79.48717948717956         4149.003698129465        5167.232775671664        5646.173262356498        5701.5408727950835       5701.540872795582        5701.540872795582
80.34188034188041         5055.896466838911        5912.82916557113         5425.894849613082        5450.14262228638         5450.142622286904        5450.142622286904
81.19658119658126         5055.896466838911        5912.82916557113         5425.894849613082        5450.14262228638         5450.142622286904        5450.142622286904
82.0512820512821          4696.592849989382        5778.293466123584        4883.61289267951         4913.657963577547        4913.657963578002        4913.657963578002
82.90598290598297         4337.2892331398525       5643.757766676038        4341.330935745937        4377.173304868715        4377.1733048691          4377.1733048691
83.76068376068382         4337.2892331398525       5643.757766676038        4341.330935745937        4377.173304868715        4377.1733048691          4377.1733048691
84.61538461538467         4105.091692537228        5093.953743266981        4238.713612304078        4275.562100226797        4275.562100227167        4275.562100227167
85.47008547008552         3872.8941519346017       4544.1497198579245       4136.09628886222         4173.95089558488         4173.950895585234        4173.950895585234
86.32478632478637         3872.8941519346017       4544.1497198579245       4136.09628886222         4173.95089558488         4173.950895585234        4173.950895585234
87.17948717948723         3461.219207936856        4229.053497589188        3689.2482097352085       3747.6364412132316       3747.6364412135226       3747.6364412135226
88.0341880341881          3049.5442639391104       3913.957275320451        3242.4001306081973       3321.321986841584        3321.321986841811        3321.321986841811
88.88888888888897         3049.5442639391104       3913.957275320451        3242.4001306081973       3321.321986841584        3321.321986841811        3321.321986841811
89.74358974358984         4260.61160658008         5168.704552634465        3647.6657460152314       3735.6710245711165       3735.6710245714144       3735.6710245714144
90.59829059829069         5471.678949221048        6423.451829948477        4052.9313614222656       4150.020062300649        4150.020062301018        4150.020062301018
91.45299145299153         5471.678949221048        6423.451829948477        4052.9313614222656       4150.020062300649        4150.020062301018        4150.020062301018
92.30769230769238         4698.484214209769        5329.791985191718        3577.974833308928        3692.6531852902444       3692.6531852905964       3692.6531852905964
93.16239316239324         3925.2894791984886       4236.132140434959        3103.01830519559         3235.286308279839        3235.2863082801746       3235.2863082801746
94.0170940170941          3925.2894791984886       4236.132140434959        3103.01830519559         3235.286308279839        3235.2863082801746       3235.2863082801746
94.87179487179495         3338.1674126589137       3810.9660101058735       3031.2819781024346       3197.2453691151227       3197.245369115438        3197.245369115438
95.72649572649583         2751.045346119339        3385.7998797767877       2959.5456510092795       3159.2044299504064       3159.2044299507006       3159.2044299507006
96.58119658119668         2751.045346119339        3385.7998797767877       2959.5456510092795       3159.2044299504064       3159.2044299507006       3159.2044299507006
97.43589743589753         2991.731260822812        3611.8686879430943       3083.2238333551268       3229.7079847183895       3229.707984718691        3229.707984718691
98.29059829059838         3232.417175526286        3837.937496109401        3206.9020157009745       3300.211539486372        3300.2115394866814       3300.2115394866814
99.14529914529923         3232.417175526286        3837.937496109401        3206.9020157009745       3300.211539486372        3300.2115394866814       3300.2115394866814
100.00000000000009        2804.6252355368733       3245.2613970103957       2994.452473728845        3132.9444667447547       3132.944466745042        3132.944466745042
100.85470085470094        2376.8332955474607       2652.58529791139         2782.002931756715        2965.677394003137        2965.6773940034027       2965.6773940034027
101.70940170940179        2376.8332955474607       2652.58529791139         2782.002931756715        2965.677394003137        2965.6773940034027       2965.6773940034027
102.56410256410264        2315.848941110516        2458.047936041391        2321.9541226045294       2510.132288514513        2510.1322885147365       2510.1322885147365
103.41880341880349        2254.8645866735715       2263.5105741713924       1861.9053134523433       2054.5871830258893       2054.58718302607         2054.58718302607
104.27350427350433        2254.8645866735715       2263.5105741713924       1861.9053134523433       2054.5871830258893       2054.58718302607         2054.58718302607
105.12820512820518        2103.188168957072        2194.7545289627415       1967.1974225199958       2234.862516585813        2234.8625165860067       2234.8625165860067
105.98290598290605        1951.5117512405727       2125.9984837540906       2072.4895315876483       2415.1378501457366       2415.137850145943        2415.137850145943
106.8376068376069         1951.5117512405727       2125.9984837540906       2072.4895315876483       2415.1378501457366       2415.137850145943        2415.137850145943
107.69230769230775        1949.604025731538        2129.910109834934        1863.6313049709813       2205.063695959669        2205.0636959598546       2205.0636959598546
108.5470085470086         1947.6963002225036       2133.8217359157775       1654.7730783543143       1994.9895417736016       1994.9895417737662       1994.9895417737662
109.40170940170945        1947.6963002225036       2133.8217359157775       1654.7730783543143       1994.9895417736016       1994.9895417737662       1994.9895417737662
110.2564102564103         1758.1460972815717       1851.2526925283803       1564.6692150328474       1951.6264719983055       1951.626471998471        1951.626471998471
111.11111111111119        1568.5958943406397       1568.683649140983        1474.5653517113806       1908.2634022230093       1908.2634022231762       1908.2634022231762
111.96581196581204        1568.5958943406397       1568.683649140983        1474.5653517113806       1908.2634022230093       1908.2634022231762       1908.2634022231762
112.8205128205129         1391.022536523535        1531.993606943956        1364.6514770595988       1703.1775576528153       1703.1775576529603       1703.1775576529603
113.67521367521377        1213.4491787064303       1495.3035647469285       1254.7376024078171       1498.091713082621        1498.0917130827445       1498.0917130827445
114.5299145299146         1213.4491787064303       1495.3035647469285       1254.7376024078171       1498.091713082621        1498.0917130827445       1498.0917130827445
115.38461538461546        1976.2182304565524       2117.3058456874096       1285.647132784885        1656.395842987767        1656.395842987928        1656.395842987928
116.23931623931632        2738.9872822066745       2739.308126627891        1316.5566631619527       1814.6999728929134       1814.6999728931114       1814.6999728931114
117.09401709401718        2738.9872822066745       2739.308126627891        1316.5566631619527       1814.6999728929134       1814.6999728931114       1814.6999728931114
117.94871794871804        2515.343976513442        2515.505920075744        1275.3529227360225       1775.2952222795557       1775.2952222797398       1775.2952222797398
118.8034188034189         2291.70067082021         2291.703713523598        1234.1491823100923       1735.8904716661978       1735.8904716663683       1735.8904716663683
119.65811965811973        2291.70067082021         2291.703713523598        1234.1491823100923       1735.8904716661978       1735.8904716663683       1735.8904716663683
120.51282051282058        1686.105353633951        1687.228747360529        2944.5062815772753       1562.9135739608873       1562.9135739610265       1562.9135739610265
121.36752136752145        1080.5100364476923       1082.7537811974603       4654.863380844458        1389.936676255577        1389.9366762556847       1389.9366762556847
122.22222222222229        1080.5100364476923       1082.7537811974603       4654.863380844458        1389.936676255577        1389.9366762556847       1389.9366762556847
123.07692307692315        1110.751913765819        1113.1286371082706       3624.606651206873        1278.074462516314        1278.0744625164125       1278.0744625164125
123.93162393162402        1140.9937910839456       1143.5034930190807       2594.3499215692873       1166.2122487770512       1166.21224877714         1166.21224877714
124.78632478632487        1140.9937910839456       1143.5034930190807       2594.3499215692873       1166.2122487770512       1166.21224877714         1166.21224877714
125.64102564102572        1023.8472325980708       1151.1687385321084       3295.843057971131        1412.6250856691056       1412.6250856692436       1412.6250856692436
126.49572649572657        906.700674112196         1158.8339840451358       3997.336194372975        1659.03792256116         1659.037922561347        1659.037922561347
127.35042735042742        906.700674112196         1158.8339840451358       3997.336194372975        1659.03792256116         1659.037922561347        1659.037922561347
128.2051282051283         1203.1482712557267       1329.356883114494        4005.2668203066146       1598.9197850135827       1598.9197850137532       1598.9197850137532
129.05982905982913        1499.5958683992576       1499.8797821838518       4013.197446240254        1538.8016474660053       1538.8016474661595       1538.8016474661595
129.91452991453           1499.5958683992576       1499.8797821838518       4013.197446240254        1538.8016474660053       1538.8016474661595       1538.8016474661595
130.76923076923083        1664.6774913290315       1664.820851142997        3628.1240642832595       1364.5862129023317       1364.5862129024745       1364.5862129024745
131.62393162393172        1829.7591142588053       1829.7619201021425       3243.050682326265        1190.370778338658        1190.3707783387895       1190.3707783387895
132.47863247863256        1829.7591142588053       1829.7619201021425       3243.050682326265        1190.370778338658        1190.3707783387895       1190.3707783387895
133.33333333333346        1888.1960605143593       2026.0426473574935       3864.551638747183        1160.1192694341605       1160.1192694343156       1160.1192694343156
134.1880341880343         1946.6330067699132       2222.3233746128444       4486.052595168101        1129.867760529663        1129.8677605298417       1129.8677605298417
135.04273504273513        1946.6330067699132       2222.3233746128444       4486.052595168101        1129.867760529663        1129.8677605298417       1129.8677605298417
135.89743589743597        1149.7201180896884       1287.6784259559756       2795.8769068303664       1021.3002745777421       1021.3002745778681       1021.3002745778681
136.75213675213686        352.8072294094638        353.03347729910683       1105.7012184926318       912.7327886258212        912.7327886258945        912.7327886258945
137.6068376068377         352.8072294094638        353.03347729910683       1105.7012184926318       912.7327886258212        912.7327886258945        912.7327886258945
138.46153846153857        716.0866878228069        716.2000690099985        1463.494018894186        910.3803013279436        910.3803013280158        910.3803013280158
139.31623931623943        1079.36614623615         1079.3666607208902       1821.2868192957399       908.027814030066         908.027814030137         908.027814030137
140.17094017094027        1079.36614623615         1079.3666607208902       1821.2868192957399       908.027814030066         908.027814030137         908.027814030137
141.0256410256411         912.5632317983343        912.5662477544954        1542.942760044115        922.3377853812572        922.3377853813506        922.3377853813506
141.88034188034197        745.7603173605186        745.7658347881006        1264.5987007924903       936.6477567324484        936.6477567325641        936.6477567325641
142.73504273504284        745.7603173605186        745.7658347881006        1264.5987007924903       936.6477567324484        936.6477567325641        936.6477567325641
143.58974358974368        772.8857889777175        772.8990761333359        1416.8111803025981       868.6404748586112        868.6404748587133        868.6404748587133
144.44444444444454        800.0112605949166        800.0323174785714        1569.0236598127062       800.6331929847742        800.6331929848627        800.6331929848627
145.29914529914538        800.0112605949166        800.0323174785714        1569.0236598127062       800.6331929847742        800.6331929848627        800.6331929848627
146.15384615384625        474.33122999457953       474.4796503192688        1146.4738976153749       846.9634617845022        846.9634617846           846.9634617846
147.00854700854708        148.65119939424244       148.92698315996614       723.9241354180433        893.2937305842304        893.2937305843373        893.2937305843373
147.86324786324795        148.65119939424244       148.92698315996614       723.9241354180433        893.2937305842304        893.2937305843373        893.2937305843373
148.71794871794881        304.1557700040661        305.26765775395063       958.0589854328085        871.952165713181         871.9521657132904        871.9521657132904
149.57264957264968        459.6603406138897        461.6083323479352        1192.1938354475737       850.6106008421316        850.6106008422435        850.6106008422435
150.42735042735052        459.6603406138897        461.6083323479352        1192.1938354475737       850.6106008421316        850.6106008422435        850.6106008422435
151.28205128205138        798.4428832062566        799.416903715478         1278.6309256288152       730.4337594457468        730.4337594458442        730.4337594458442
152.13675213675225        1137.2254257986235       1137.225475083021        1365.0680158100567       610.2569180493618        610.256918049445         610.256918049445
152.99145299145312        1137.2254257986235       1137.225475083021        1365.0680158100567       610.2569180493618        610.256918049445         610.256918049445
153.84615384615395        964.6728978850738        965.6904712088005        1156.7516144736223       537.3261277716567        537.326127771727         537.326127771727
154.70085470085482        792.120369971524         794.1554673345802        948.4352131371882        464.39533749395156       464.39533749400914       464.39533749400914
155.55555555555566        792.120369971524         794.1554673345802        948.4352131371882        464.39533749395156       464.39533749400914       464.39533749400914
156.41025641025652        586.3850927483529        588.9056618411398        688.485592525212         513.7470102490645        513.7470102491252        513.7470102491252
157.26495726495742        380.6498155251819        383.65585634769957       428.5359719132358        563.0986830041775        563.0986830042411        563.0986830042411
158.11965811965828        380.6498155251819        383.65585634769957       428.5359719132358        563.0986830041775        563.0986830042411        563.0986830042411
158.97435897435915        535.0704239657357        628.0825887781444        650.52887314858          433.0362639244454        433.0362639244951        433.0362639244951
159.82905982906001        689.4910324062896        872.5093212085893        872.5217743839241        302.9738448447133        302.97384484474907       302.97384484474907
160.68376068376082        689.4910324062896        872.5093212085893        872.5217743839241        302.9738448447133        302.97384484474907       302.97384484474907
161.5384615384617         434.6846291035657        663.946661266263         730.0115199740128        458.5041247344575        458.50412473451365       458.50412473451365
162.39316239316253        179.87822580084188       455.38400132393684       587.5012655641013        614.0344046242017        614.0344046242783        614.0344046242783
163.2478632478634         179.87822580084188       455.38400132393684       587.5012655641013        614.0344046242017        614.0344046242783        614.0344046242783
164.10256410256423        109.41605068510667       247.17008194591327       324.21065099707926       583.6398337205072        583.6398337205646        583.6398337205646
164.9572649572651         38.95387556937146        38.95616256788969        60.92003643005714        553.2452628168128        553.2452628168511        553.2452628168511
165.81196581196593        38.95387556937146        38.95616256788969        60.92003643005714        553.2452628168128        553.2452628168511        553.2452628168511
166.66666666666677        38.64735299456129        38.76145386155238        147.23651143049472       520.0493098031664        520.0493098032041        520.0493098032041
167.5213675213676         38.340830419751114       38.56674515521507        233.55298643093226       486.8533567895198        486.8533567895572        486.8533567895572
168.37606837606847        38.340830419751114       38.56674515521507        233.55298643093226       486.8533567895198        486.8533567895572        486.8533567895572
169.2307692307693         228.074339631525         238.35482665189352       430.97861128609605       420.4946196179893        420.4946196180394        420.4946196180394
170.0854700854702         417.80784884329887       438.14290814857196       628.4042361412598        354.1358824464588        354.1358824465216        354.1358824465216
170.94017094017104        417.80784884329887       438.14290814857196       628.4042361412598        354.1358824464588        354.1358824465216        354.1358824465216
171.79487179487194        401.930140831637         412.0976704842733        507.2283344957705        296.1823753579327        296.18237535798403       296.18237535798403
172.6495726495728         386.0524328199751        386.0524328199746        386.0524328502812        238.2288682694066        238.2288682694465        238.2288682694465
173.50427350427364        386.0524328199751        386.0524328199746        386.0524328502812        238.2288682694066        238.2288682694465        238.2288682694465
174.35897435897448        367.11334258701345       367.113342587014         367.117110654452         255.47465741492374       255.47465741495807       255.47465741495807
175.21367521367534        348.17425235405176       348.17425235405346       348.1817884586228        272.7204465604409        272.72044656046967       272.72044656046967
176.06837606837615        348.17425235405176       348.17425235405346       348.1817884586228        272.7204465604409        272.72044656046967       272.72044656046967
176.92307692307702        177.87722061380026       177.87722061380066       279.5562851924726        219.2977424986251        229.38962290530588       229.38962290530588
177.77777777777789        7.58018887354874         7.580188873547877        210.9307819263224        165.8750384368093        186.05879925014213       186.05879925014213
178.63247863247875        7.58018887354874         7.580188873547877        210.9307819263224        165.8750384368093        186.05879925014213       186.05879925014213
179.4871794871796         351.9861617756184        352.0013145768902        455.0417407450246        257.40328421606506       300.8610517552431        300.8610517552431
180.34188034188048        696.3921346776881        696.4224402802325        699.1526995637267        348.93152999532083       415.66330426034415       415.66330426034415
181.19658119658135        696.3921346776881        696.4224402802325        699.1526995637267        348.93152999532083       415.66330426034415       415.66330426034415
182.05128205128224        717.2377416401007        717.2529082166473        718.7107777795726        431.8258954366297        479.120115050331         479.120115050331
182.90598290598308        738.0833486025133        738.0833761530619        738.2688559954184        514.7202608779386        542.5769258403178        542.5769258403178
183.76068376068395        738.0833486025133        738.0833761530619        738.2688559954184        514.7202608779386        542.5769258403178        542.5769258403178
184.61538461538478        734.4687530318859        734.4687680496907        788.0564897190523        489.2727769582351        503.2011094394604        503.2011094394604
185.47008547008565        730.8541574612584        730.8541599463194        837.8441234426859        463.8252930385317        463.825293038603         463.825293038603
186.32478632478646        730.8541574612584        730.8541599463194        837.8441234426859        463.8252930385317        463.825293038603         463.825293038603
187.17948717948732        537.6183828032332        537.6335368470354        691.7734246351979        297.9180768548257        297.91807685487015       297.91807685487015
188.0341880341882         344.38260814520794       344.4129137477515        545.70272582771          132.01086067111973       132.01086067113732       132.01086067113732
188.88888888888903        344.38260814520794       344.4129137477515        545.70272582771          132.01086067111973       132.01086067113732       132.01086067113732
189.74358974358987        172.1913402344198        172.20649303569158       272.92565937312736       91.22631308149576        98.54705840886997        98.54705840886997
190.59829059829076        7.232363170134643E-5     7.232363170131782E-5     0.1485929185447054       50.44176549187178        65.08325614660262        65.08325614660262
191.4529914529916         7.232363170134643E-5     7.232363170131782E-5     0.1485929185447054       50.44176549187178        65.08325614660262        65.08325614660262
192.3076923076925         380.92083163452617       380.92083163452634       380.9952296847213        184.7231298244489        192.04387515184771       192.04387515184771
193.16239316239336        761.8415909454206        761.841590945421         761.8418664508979        319.00449415702604       319.00449415709284       319.00449415709284
194.01709401709422        761.8415909454206        761.841590945421         761.8418664508979        319.00449415702604       319.00449415709284       319.00449415709284
194.87179487179506        398.34824077350925       398.3482424403166        398.3496348450026        225.95924170725291       262.0657651391939        262.0657651391939
195.72649572649593        34.854890601597816       34.85489393521224        34.857403239107235       132.91398925747978       205.1270361212949        205.1270361212949
196.58119658119674        34.854890601597816       34.85489393521224        34.857403239107235       132.91398925747978       205.1270361212949        205.1270361212949
197.43589743589757        534.0021101651298        534.0021118319402        534.0135340135323        146.14270132469323       188.8378955512477        188.8378955512477
198.29059829059844        1033.1493297286618       1033.1493297286681       1033.1696647879573       159.37141339190669       172.54875498120052       172.54875498120052
199.14529914529928        1033.1493297286618       1033.1493297286681       1033.1696647879573       159.37141339190669       172.54875498120052       172.54875498120052
200.00000000000014        518.6581750562709        518.6581750562739        671.5738828188972        254.40866680509797       148.89023772528006       148.89023772528006
200.85470085470104        4.1670203838801125       4.167020383879615        309.9781008498371        349.44592021828925       125.23172046935959       125.23172046935959
201.70940170940187        4.1670203838801125       4.167020383879615        309.9781008498371        349.44592021828925       125.23172046935959       125.23172046935959
202.56410256410274        229.7388538229707        229.73885382296845       382.6456476058754        706.2597683858227        224.38076128964792       224.38076128964792
203.4188034188036         455.31068726206126       455.3106872620573        455.3131943619137        1063.073616553356        323.52980210993627       323.52980210993627
204.27350427350447        455.31068726206126       455.3106872620573        455.3131943619137        1063.073616553356        323.52980210993627       323.52980210993627
205.1282051282053         245.04662692484666       245.04662692484374       245.04799343202006       555.5991207328352        199.60248739358445       199.60248739358445
205.9829059829062         34.78256658763205        34.78256658763021        34.782792502126405       48.12462491231429        75.67517267723267        75.67517267723267
206.83760683760698        34.78256658763205        34.78256658763021        34.782792502126405       48.12462491231429        75.67517267723267        75.67517267723267
207.69230769230785        208.54042750519886       208.54042750519793       208.540540462446         345.1057479013411        102.23890497157795       102.23890497157795
208.54700854700872        382.29828842276567       382.29828842276567       382.29828842276555       642.0868708903679        128.80263726592324       128.80263726592324
209.40170940170958        382.29828842276567       382.29828842276567       382.29828842276555       642.0868708903679        128.80263726592324       128.80263726592324
210.25641025641045        191.1527619599053        191.167914761176         303.0779465066464        441.8669415912866        112.07078113506662       112.07078113506662
211.1111111111113         0.007235497044943203     0.03754109958633127      223.85760459052722       241.64701229220537       95.33892500421           95.33892500421
211.96581196581215        0.007235497044943203     0.03754109958633127      223.85760459052722       241.64701229220537       95.33892500421           95.33892500421
212.820512820513          19.118721579677008       19.133874380946594       131.04390612641976       305.382404360293         124.94928277453894       124.94928277453894
213.67521367521385        38.23020766230907        38.23020766230685        38.230207662312324       369.11779642838053       154.5596405448679        154.5596405448679
214.52991452991472        38.23020766230907        38.23020766230685        38.230207662312324       369.11779642838053       154.5596405448679        154.5596405448679
215.38461538461556        19.115103831154535       19.115103831153426       19.115103831156162       184.55889821419026       77.27982027243395        77.27982027243395
216.23931623931645        0                        0                        0                        0                        0                        0
217.09401709401732        0                        0                        0                        0                        0                        0
217.9487179487182         51.88284716902395        164.8400930051357        164.840093005144         164.84009300513912       114.5603433342032        114.5603433342032
218.80341880341905        103.7656943380479        329.6801860102714        329.680186010288         329.68018601027825       229.1206866684064        229.1206866684064
219.6581196581199         103.7656943380479        329.6801860102714        329.680186010288         329.68018601027825       229.1206866684064        229.1206866684064
220.51282051282072        585.8487951377695        698.8060409738835        698.806040973886         748.2458694275938        224.5890233399037        224.5890233399037
221.3675213675216         1067.931895937491        1067.9318959374955       1067.931895937484        1166.8115528449093       220.05736001140102       220.05736001140102
222.22222222222243        1067.931895937491        1067.9318959374955       1067.931895937484        1166.8115528449093       220.05736001140102       220.05736001140102
223.07692307692326        897.6677888411135        897.6677888411167        897.6691663684965        1187.0360596701394       244.17767325632212       244.17767325632212
223.93162393162416        727.4036817447361        727.4036817447379        727.4064367995092        1207.2605664953696       268.29798650124326       268.29798650124326
224.78632478632505        727.4036817447361        727.4036817447379        727.4064367995092        1207.2605664953696       268.29798650124326       268.29798650124326
225.64102564102592        384.55416171382615       384.55416171382575       384.55553939274256       625.8042054073998        220.27009486764024       220.27009486764024
226.49572649572679        41.70464168291613        41.70464168291354        41.70464198597597        44.34784431943           172.24220323403722       172.24220323403722
227.3504273504276         41.70464168291613        41.70464168291354        41.70464198597597        44.34784431943           172.24220323403722       172.24220323403722
228.20512820512843        38.071413194524325       38.07141319452215        38.07141334605555        39.39301451278038        103.3401939700883        103.3401939700883
229.05982905982927        34.43818470613251        34.43818470613077        34.438184706135125       34.43818470613077        34.43818470613936        34.43818470613936
229.9145299145301         34.43818470613251        34.43818470613077        34.438184706135125       34.43818470613077        34.43818470613936        34.43818470613936
230.76923076923094        571.6738661217795        571.6738661217798        571.6738661217793        571.6738661217798        140.04861780496316       140.04861780496316
231.62393162393187        1108.9095475374265       1108.9095475374288       1108.9095475374234       1108.9095475374288       245.65905090378698       245.65905090378698
232.4786324786327         1108.9095475374265       1108.9095475374288       1108.9095475374234       1108.9095475374288       245.65905090378698       245.65905090378698
233.33333333333357        899.0088117535704        899.0088117535737        899.0088117535656        899.0088117535737        175.04163993136868       175.04163993136868
234.1880341880344         689.1080759697144        689.1080759697186        689.1080759697079        689.1080759697186        104.42422895895038       104.42422895895038
235.04273504273525        689.1080759697144        689.1080759697186        689.1080759697079        689.1080759697186        104.42422895895038       104.42422895895038
235.89743589743608        534.1725770769758        534.1725770769781        534.1725770769723        534.1725770769781        149.08158146245682       149.08158146245682
236.75213675213698        379.23707818423725       379.2370781842376        379.23707818423674       379.2370781842376        193.73893396596327       193.73893396596327
237.60683760683781        379.23707818423725       379.2370781842376        379.23707818423674       379.2370781842376        193.73893396596327       193.73893396596327
238.4615384615387         208.57675977284435       208.57675977284347       208.5767597728457        208.57675977284347       142.13846077920002       142.13846077920002
239.31623931623957        37.91644136145149        37.91644136144934        37.91644136145466        37.91644136144934        90.53798759243675        90.53798759243675
240.17094017094044        37.91644136145149        37.91644136144934        37.91644136145466        37.91644136144934        90.53798759243675        90.53798759243675
241.02564102564125        22.591449167222677       22.591449167221196       22.591449167224862       160.48194073057616       102.76354316311468       102.76354316311468
241.88034188034214        7.266456972993861        7.266456972993052        7.266456972995068        283.04744009970295       114.9890987337926        114.9890987337926
242.73504273504298        7.266456972993861        7.266456972993052        7.266456972995068        283.04744009970295       114.9890987337926        114.9890987337926
243.58974358974385        3.6332284864969306       3.633228486496526        3.633228486497534        141.52372004985148       57.4945493668963         57.4945493668963
244.44444444444468        0                        0                        0                        0                        0                        0
245.29914529914555        0                        0                        0                        0                        0                        0
246.1538461538464         0                        0                        0                        0                        0                        0
247.00854700854725        0                        0                        0                        0                        0                        0
247.8632478632481         0                        0                        0                        0                        0                        0
248.71794871794899        173.9128327659669        173.91283276596775       173.9128327659655        173.91283276596775       34.6295079545065         34.6295079545065
249.57264957264985        347.8256655319338        347.8256655319355        347.825665531931         347.8256655319355        69.259015909013          69.259015909013
250.42735042735072        347.8256655319338        347.8256655319355        347.825665531931         347.8256655319355        69.259015909013          69.259015909013
251.28205128205155        707.7046957110105        707.7046957110136        707.7046957110055        707.7046957110136        109.24557481780857       109.24557481780857
252.13675213675245        1067.5837258900872       1067.5837258900917       1067.58372589008         1067.5837258900917       149.23213372660416       149.23213372660416
252.99145299145326        1067.5837258900872       1067.5837258900917       1067.58372589008         1067.5837258900917       149.23213372660416       149.23213372660416
253.84615384615412        878.1737100063583        878.1737100063627        878.1737100063514        878.1737100063627        112.88071653679013       112.88071653679013
254.70085470085502        688.7636941226294        688.7636941226338        688.7636941226228        688.7636941226338        76.5292993469761         76.5292993469761
255.55555555555586        688.7636941226294        688.7636941226338        688.7636941226228        688.7636941226338        76.5292993469761         76.5292993469761
256.4102564102567         344.3818470613147        344.3818470613169        344.3818470613114        344.3818470613169        38.26464967348805        38.26464967348805
257.26495726495756        0                        0                        0                        0                        0                        0
258.1196581196584         0                        0                        0                        0                        0                        0
258.97435897435923        189.41001588373496       189.41001588373513       189.41001588373462       189.41001588373513       36.35141718981551        36.35141718981551
259.8290598290601         378.8200317674699        378.82003176747025       378.82003176746923       378.82003176747025       72.70283437963101        72.70283437963101
260.68376068376085        378.8200317674699        378.82003176747025       378.82003176746923       378.82003176747025       72.70283437963101        72.70283437963101
261.5384615384617         191.13192511904154       191.1319251190415        191.13192511904148       191.1319251190415        51.848600307577385       51.848600307577385
262.3931623931626         3.4438184706131603       3.4438184706127855       3.443818470613715        3.4438184706127855       30.99436623552376        30.99436623552376
263.2478632478635         3.4438184706131603       3.4438184706127855       3.443818470613715        3.4438184706127855       30.99436623552376        30.99436623552376
264.1025641025643         1.7219092353065801       1.7219092353063927       1.7219092353068575       1.7219092353063927       15.49718311776188        15.49718311776188
264.95726495726524        0                        0                        0                        0                        0                        0
265.8119658119661         0                        0                        0                        0                        0                        0
266.6666666666669         1.72190923530658         1.7219092353063918       1.7219092353068568       1.7219092353063918       15.497183117761875       15.497183117761875
267.5213675213678         3.44381847061316         3.4438184706127837       3.4438184706137136       3.4438184706127837       30.99436623552375        30.99436623552375
268.37606837606864        3.44381847061316         3.4438184706127837       3.4438184706137136       3.4438184706127837       30.99436623552375        30.99436623552375
269.2307692307695         1.72190923530658         1.7219092353063918       1.7219092353068568       1.7219092353063918       15.497183117761875       15.497183117761875
270.0854700854703         0                        0                        0                        0                        0                        0
270.9401709401712         0                        0                        0                        0                        0                        0
271.79487179487205        0                        0                        0                        0                        0                        0
272.649572649573          0                        0                        0                        0                        0                        0
273.50427350427384        0                        0                        0                        0                        0                        0
274.3589743589747         0                        0                        0                        0                        0                        0
275.2136752136756         0                        0                        0                        0                        0                        0
276.06837606837644        0                        0                        0                        0                        0                        0
276.92307692307725        191.13192511903515       191.13192511903515       191.1319251190351        191.13192511903515       51.848600307576575       51.848600307576575
277.7777777777781         382.2638502380703        382.2638502380703        382.2638502380702        382.2638502380703        103.69720061515315       103.69720061515315
278.6324786324789         382.2638502380703        382.2638502380703        382.2638502380702        382.2638502380703        103.69720061515315       103.69720061515315
279.4871794871798         363.3228486496936        363.32284864969466       363.3228486496919        363.32284864969466       197.4410754832337        70.98092514432072
280.34188034188065        344.3818470613169        344.38184706131904       344.38184706131364       344.38184706131904       291.1849503513142        38.2646496734883
281.1965811965815         344.3818470613169        344.38184706131904       344.38184706131364       344.38184706131904       291.1849503513142        38.2646496734883
282.0512820512824         172.19092353065844       172.19092353065952       172.19092353065682       172.19092353065952       145.5924751756571        19.13232483674415
282.90598290598325        0                        0                        0                        0                        0                        0
283.76068376068406        0                        0                        0                        0                        0                        0
284.6153846153849         189.4100158837182        189.41001588371842       189.41001588371788       189.41001588371842       189.41001588372166       36.35141718981228
285.47008547008585        378.8200317674364        378.82003176743683       378.82003176743575       378.82003176743683       378.8200317674433        72.70283437962456
286.3247863247867         378.8200317674364        378.82003176743683       378.82003176743575       378.82003176743683       378.8200317674433        72.70283437962456
287.1794871794876         189.4100158837182        189.41001588371842       189.41001588371788       189.41001588371842       189.41001588372166       36.35141718981228
288.0341880341884         0                        0                        0                        0                        0                        0
288.8888888888892         0                        0                        0                        0                        0                        0
289.74358974359           0                        0                        0                        0                        0                        0
290.5982905982909         0                        0                        0                        0                        0                        0
291.45299145299174        0                        0                        0                        0                        0                        0
292.3076923076926         0                        0                        0                        0                        0                        0
293.16239316239347        0                        0                        0                        0                        0                        0
294.0170940170943         0                        0                        0                        0                        0                        0
294.87179487179515        0                        0                        0                        0                        0                        0
295.72649572649607        0                        0                        0                        0                        0                        0
296.58119658119693        0                        0                        0                        0                        0                        0
297.4358974358978         0                        0                        0                        0                        0                        0
298.29059829059867        0                        0                        0                        0                        0                        0
299.1452991452995         0                        0                        0                        0                        0                        0
300.00000000000034        0                        0                        0                        0                        0                        0
300.8547008547012         0                        0                        0                        0                        0                        0
301.7094017094021         0                        0                        0                        0                        0                        0
302.56410256410294        0                        0                        0                        0                        0                        0
303.4188034188038         0                        0                        0                        0                        0                        0
304.2735042735046         0                        0                        0                        0                        0                        0
305.1282051282055         0                        0                        0                        0                        0                        0
305.98290598290635        0                        0                        0                        0                        0                        0
306.8376068376072         0                        0                        0                        0                        0                        0
307.692307692308          0                        0                        0                        0                        0                        0
308.5470085470089         0                        0                        0                        0                        0                        0
309.40170940170975        0                        0                        0                        0                        0                        0
310.2564102564106         0                        0                        0                        0                        0                        0
311.1111111111114         0                        0                        0                        0                        0                        0
311.96581196581235        0                        0                        0                        0                        0                        0
312.8205128205132         0                        0                        0                        0                        0                        0
313.6752136752141         0                        0                        0                        0                        0                        0
314.52991452991483        0                        0                        0                        0                        0                        0
315.3846153846157         0                        0                        0                        0                        0                        0
316.2393162393166         0                        0                        0                        0                        0                        0
317.09401709401754        0                        0                        0                        0                        0                        0
317.94871794871835        0                        0                        0                        0                        0                        0
318.80341880341916        0                        0                        0                        0                        0                        0
319.65811965812           0                        0                        0                        0                        0                        0
320.5128205128208         0                        0                        0                        0                        0                        0
321.36752136752165        0                        0                        0                        0                        0                        0
322.2222222222225         0                        0                        0                        0                        0                        0
323.07692307692344        0                        0                        0                        0                        0                        0
323.93162393162436        0                        0                        0                        0                        0                        0
324.7863247863251         0                        0                        0                        0                        0                        0
325.641025641026          0                        0                        0                        0                        0                        0
326.4957264957269         0                        0                        0                        0                        0                        0
327.35042735042776        0                        0                        0                        0                        0                        0
328.2051282051286         0                        0                        0                        0                        0                        0
329.05982905982944        0                        0                        0                        0                        0                        0
329.9145299145303         0                        0                        0                        0                        0                        0
330.7692307692312         0                        0                        0                        0                        0                        0
331.623931623932          0                        0                        0                        0                        0                        0
332.4786324786328         0                        0                        0                        0                        0                        0
333.3333333333336         0                        0                        0                        0                        0                        0
334.18803418803446        0                        0                        0                        0                        0                        0
335.0427350427353         0                        0                        0                        0                        0                        0
335.89743589743614        0                        0                        0                        0                        0                        0
336.75213675213706        0                        0                        0                        0                        0                        0
337.6068376068379         0                        0                        0                        0                        0                        0
338.46153846153874        0                        0                        0                        0                        0                        0
339.31623931623966        0                        0                        0                        0                        0                        0
340.1709401709405         0                        0                        0                        0                        0                        0
341.0256410256414         0                        0                        0                        0                        0                        0
341.8803418803422         0                        0                        0                        0                        0                        0
342.73504273504295        0                        0                        0                        0                        0                        0
343.5897435897438         0                        0                        0                        0                        0                        0
344.44444444444474        0                        0                        0                        0                        0                        0
345.29914529914555        0                        0                        0                        0                        0                        0
346.1538461538464         0                        0                        0                        0                        0                        0
347.0085470085473         0                        0                        0                        0                        0                        0
347.8632478632481         0                        0                        0                        0                        0                        0
348.7179487179489         0                        0                        0                        0                        0                        0
349.57264957264977        0                        0                        0                        0                        0                        0
350.42735042735063        0                        0                        0                        0                        0                        0
351.2820512820515         0                        0                        0                        0                        0                        0
352.1367521367523         0                        0                        0                        0                        0                        0
352.9914529914532         0                        0                        0                        0                        0                        0
353.84615384615404        0                        0                        0                        0                        0                        0
354.7008547008549         0                        0                        0                        0                        0                        0
355.5555555555557         0                        0                        0                        0                        0                        0
356.4102564102566         0                        0                        0                        0                        0                        0
357.26495726495745        0                        0                        0                        0                        0                        0
358.1196581196583         0                        0                        0                        0                        0                        0
358.9743589743591         0                        0                        0                        0                        0                        0
359.82905982906004        0                        0                        0                        0                        0                        0
360.6837606837609         0                        0                        0                        0                        0                        0
361.5384615384618         0                        0                        0                        0                        0                        0
362.3931623931626         0                        0                        0                        0                        0                        0
363.2478632478634         0                        0                        0                        0                        0                        0
364.1025641025642         0                        0                        0                        0                        0                        0
364.95726495726507        0                        0                        0                        0                        0                        0
365.8119658119659         0                        0                        0                        0                        0                        0
366.66666666666674        0                        0                        0                        0                        0                        0
367.52136752136767        0                        0                        0                        0                        0                        0
368.37606837606853        0                        0                        0                        0                        0                        0
369.23076923076934        0                        0                        0                        0                        0                        0
370.08547008547026        0                        0                        0                        0                        0                        0
370.94017094017113        0                        0                        0                        0                        0                        0
371.794871794872          0                        0                        0                        0                        0                        0
372.64957264957286        0                        0                        0                        0                        0                        0
373.50427350427367        0                        0                        0                        0                        0                        0
374.35897435897454        0                        0                        0                        0                        0                        0
375.2136752136754         0                        0                        0                        0                        0                        0
376.06837606837615        0                        0                        0                        0                        0                        0
376.923076923077          0                        0                        0                        0                        0                        0
377.7777777777779         0                        0                        0                        0                        0                        0
378.63247863247875        0                        0                        0                        0                        0                        0
379.48717948717956        0                        0                        0                        0                        0                        0
380.3418803418805         0                        0                        0                        0                        0                        0
381.19658119658135        0                        0                        0                        0                        0                        0
382.0512820512822         0                        0                        0                        0                        0                        0
382.905982905983          0                        0                        0                        0                        0                        0
383.76068376068383        0                        0                        0                        0                        0                        0
384.61538461538464        0                        0                        0                        0                        0                        0
385.4700854700855         0                        0                        0                        0                        0                        0
386.32478632478626        0                        0                        0                        0                        0                        0
387.1794871794872         0                        0                        0                        0                        0                        0
388.0341880341881         0                        0                        0                        0                        0                        0
388.88888888888897        0                        0                        0                        0                        0                        0
389.74358974358984        0                        0                        0                        0                        0                        0
390.59829059829076        0                        0                        0                        0                        0                        0
391.4529914529916         0                        0                        0                        0                        0                        0
392.30769230769243        0                        0                        0                        0                        0                        0
393.16239316239324        0                        0                        0                        0                        0                        0
394.01709401709405        0                        0                        0                        0                        0                        0
394.87179487179486        0                        0                        0                        0                        0                        0
395.7264957264958         0                        0                        0                        0                        0                        0
396.5811965811966         0                        0                        0                        0                        0                        0
397.43589743589746        0                        0                        0                        0                        0                        0
398.2905982905983         0                        0                        0                        0                        0                        0
399.1452991452992         0                        0                        0                        0                        0                        0
400                       0                        0                        0                        0                        0                        0
