% Model:              Cav_Hex_Unif_flux_v5.1.1 - Lin. Distn.mph
% Version:            COMSOL 5.5.0.359
% Date:               Dec 9 2021, 14:48
% Dimension:          1
% Nodes:              430
% Expressions:        6
% Description:        Line graph
% x                       Height                   Height                   Height                   Height                   Height                   Height
0                         42831.289111167345       20572.841754679233       21640.122535794824       21640.122535794824       21640.12253579381        21640.12253579381
0.2331002331002331        42831.289111167345       20572.841754679233       21640.122535794824       21640.122535794824       21640.12253579381        21640.12253579381
0.4662004662004662        42831.289111167345       20572.841754679233       21640.122535794824       21640.122535794824       21640.12253579381        21640.12253579381
0.6993006993006993        36064.45439331005        19223.076415275948       20699.885439016667       20699.885439016667       20699.885439015834       20699.885439015834
0.9324009324009324        29297.619675452755       17873.31107587266        19759.648342238514       19759.648342238514       19759.64834223786        19759.64834223786
1.1655011655011656        29297.619675452755       17873.31107587266        19759.648342238514       19759.648342238514       19759.64834223786        19759.64834223786
1.3986013986013985        43974.33157910724        16355.31699133165        18101.36520662783        18107.82229473564        18107.822294734964       18107.822294734964
1.6317016317016317        58651.043482761714       14837.32290679064        16443.08207101715        16455.996247232768       16455.99624723207        16455.99624723207
1.8648018648018643        58651.043482761714       14837.32290679064        16443.08207101715        16455.996247232768       16455.99624723207        16455.99624723207
2.0979020979020975        45597.77244361992        14387.559992344577       16300.783319590446       16382.2833186396         16382.283318638943       16382.283318638943
2.3310023310023307        32544.501404478124       13937.797077898516       16158.48456816374        16308.570390046432       16308.570390045817       16308.570390045817
2.5641025641025634        32544.501404478124       13937.797077898516       16158.48456816374        16308.570390046432       16308.570390045817       16308.570390045817
2.797202797202796         27134.256324731046       15055.902655769212       16955.923603212123       17045.840842488695       17045.840842488105       17045.840842488105
3.03030303030303          21724.011244983965       16174.008233639906       17753.362638260507       17783.11129493096        17783.111294930397       17783.111294930397
3.2634032634032635        21724.011244983965       16174.008233639906       17753.362638260507       17783.11129493096        17783.111294930397       17783.111294930397
3.4965034965034967        37540.50562203812        18110.1582038124         20224.999582083732       20248.709500694044       20248.70950069335        20248.70950069335
3.7296037296037294        53356.99999909227        20046.308173984893       22696.636525906957       22714.30770645713        22714.3077064563         22714.3077064563
3.962703962703962         53356.99999909227        20046.308173984893       22696.636525906957       22714.30770645713        22714.3077064563         22714.3077064563
4.195804195804195         47944.30217650524        20162.712788042656       23298.42942127636        23311.09731120689        23311.097311206064       23311.097311206064
4.428904428904428         42531.6043539182         20279.11740210042        23900.222316645762       23907.886915956653       23907.886915955827       23907.886915955827
4.6620046620046605        42531.6043539182         20279.11740210042        23900.222316645762       23907.886915956653       23907.886915955827       23907.886915955827
4.895104895104893         36489.98366458257        18749.003328052437       23127.3889780226         23145.0639873442         23145.0639873435         23145.0639873435
5.128205128205128         30448.362975246935       17218.88925400445        22354.55563939944        22382.24105873175        22382.241058731175       22382.241058731175
5.3613053613053605        30448.362975246935       17218.88925400445        22354.55563939944        22382.24105873175        22382.241058731175       22382.241058731175
5.594405594405594         33763.76104457615        20576.250484188953       24911.047768443037       24936.685430943144       24936.685430942423       24936.685430942423
5.827505827505827         37079.15911390538        23933.61171437346        27467.539897486633       27491.129803154538       27491.12980315367        27491.12980315367
6.060606060606059         37079.15911390538        23933.61171437346        27467.539897486633       27491.129803154538       27491.12980315367        27491.12980315367
6.2937062937062915        34740.46138882509        21657.150258077498       25979.0217816922         26052.5057545928         26052.50575459201        26052.50575459201
6.526806526806525         32401.7636637448         19380.688801781533       24490.50366589777        24613.88170603106        24613.881706030348       24613.881706030348
6.759906759906759         32401.7636637448         19380.688801781533       24490.50366589777        24613.88170603106        24613.881706030348       24613.881706030348
6.9930069930069925        26733.986223104414       16960.63988100581        22126.804300787833       22190.027089206054       22190.02708920545        22190.02708920545
7.226107226107226         21066.208782464026       14540.590960230087       19763.104935677897       19766.172472381048       19766.172472380553       19766.172472380553
7.459207459207458         21066.208782464026       14540.590960230087       19763.104935677897       19766.172472381048       19766.172472380553       19766.172472380553
7.692307692307692         25802.148313500395       18292.255754802594       24079.952863033755       24143.322307718347       24143.322307717735       24143.322307717735
7.925407925407924         30538.08784453676        22043.9205493751         28396.800790389614       28520.472143055646       28520.472143054918       28520.472143054918
8.158508158508157         30538.08784453676        22043.9205493751         28396.800790389614       28520.472143055646       28520.472143054918       28520.472143054918
8.391608391608388         40045.65418786407        21091.434965639542       28710.161433478683       28831.49581365192        28831.495813651087       28831.495813651087
8.624708624708623         49553.220531191386       20138.949381903985       29023.52207656775        29142.51948424819        29142.519484247256       29142.519484247256
8.857808857808857         49553.220531191386       20138.949381903985       29023.52207656775        29142.51948424819        29142.519484247256       29142.519484247256
9.09090909090909          28070.416898890897       14018.163553010163       21461.074246880446       21664.248720574637       21664.24872057411        21664.24872057411
9.324009324009324         6587.61326659041         7897.3777241163425       13898.626417193143       14185.977956901083       14185.977956900962       14185.977956900962
9.557109557109555         6587.61326659041         7897.3777241163425       13898.626417193143       14185.977956901083       14185.977956900962       14185.977956900962
9.79020979020979          11439.859227521145       12689.815111676027       13848.772990908667       13996.252914212706       13996.252914212502       13996.252914212502
10.023310023310023        16292.105188451878       17482.252499235714       13798.91956462419        13806.52787152433        13806.527871524044       13806.527871524044
10.256410256410257        16292.105188451878       17482.252499235714       13798.91956462419        13806.52787152433        13806.527871524044       13806.527871524044
10.48951048951049         15462.46564515117        30112.930237807406       14378.5313165225         14396.828900808294       14396.82890080805        14396.82890080805
10.722610722610721        14632.826101850462       42743.6079763791         14958.14306842081        14987.129930092258       14987.129930092055       14987.129930092055
10.955710955710956        14632.826101850462       42743.6079763791         14958.14306842081        14987.129930092258       14987.129930092055       14987.129930092055
11.188811188811187        7681.1313286277355       24088.71661452661        14962.455306646081       15066.66717059473        15066.66717059461        15066.66717059461
11.42191142191142         729.4365554050091        5433.825252674117        14966.767544871353       15146.204411097202       15146.204411097164       15146.204411097164
11.65501165501165         729.4365554050091        5433.825252674117        14966.767544871353       15146.204411097202       15146.204411097164       15146.204411097164
11.888111888111883        3452.6019092872666       14999.973868655381       13307.90632886808        13451.361870423823       13452.684384901353       13452.684384901353
12.121212121212116        6175.767263169524        24566.122484636646       11649.04511286481        11756.519329750445       11759.164358705544       11759.164358705544
12.35431235431235         6175.767263169524        24566.122484636646       11649.04511286481        11756.519329750445       11759.164358705544       11759.164358705544
12.587412587412583        8248.036346604222        23287.111509924063       14095.773240252267       14238.612965917386       14242.196980151628       14242.196980151628
12.820512820512816        10320.30543003892        22008.10053521148        16542.501367639725       16720.706602084327       16725.22960159771        16725.22960159771
13.053613053613049        10320.30543003892        22008.10053521148        16542.501367639725       16720.706602084327       16725.22960159771        16725.22960159771
13.286713286713281        12130.79892672546        22710.99943546049        14619.164377830455       14788.901066846822       14791.435234636787       14791.435234636787
13.519813519813518        13941.292423412          23413.8983357095         12695.827388021185       12857.095531609315       12857.640867675862       12857.640867675862
13.75291375291375         13941.292423412          23413.8983357095         12695.827388021185       12857.095531609315       12857.640867675862       12857.640867675862
13.986013986013985        19695.772133463524       26458.666190872224       13366.332784537402       13478.435799528255       13478.708467561404       13478.708467561404
14.219114219114218        25450.25184351505        29503.43404603495        14036.83818105362        14099.776067447197       14099.776067446946       14099.776067446946
14.452214452214449        25450.25184351505        29503.43404603495        14036.83818105362        14099.776067447197       14099.776067446946       14099.776067446946
14.68531468531468         15300.104127254828       20191.47482167554        13369.520719058282       13470.957797492569       13470.95779749247        13470.95779749247
14.918414918414914        5149.956410994606        10879.515597316135       12702.203257062945       12842.13952753794        12842.139527537995       12842.139527537995
15.151515151515147        5149.956410994606        10879.515597316135       12702.203257062945       12842.13952753794        12842.139527537995       12842.139527537995
15.38461538461538         5380.505717100019        11111.53605562566        10947.41602591396        11209.003818862462       11209.003818862493       11209.003818862493
15.617715617715614        5611.055023205432        11343.556513935187       9192.628794764974        9575.868110186984        9575.868110186992        9575.868110186992
15.850815850815845        5611.055023205432        11343.556513935187       9192.628794764974        9575.868110186984        9575.868110186992        9575.868110186992
16.08391608391608         9977.67645149637         13036.188270513101       9233.998958330569        9488.257026305528        9488.25702630551         9488.25702630551
16.317016317016314        14344.29787978731        14728.820027091015       9275.369121896163        9400.645942424073        9400.64594242403         9400.64594242403
16.55011655011654         14344.29787978731        14728.820027091015       9275.369121896163        9400.645942424073        9400.64594242403         9400.64594242403
16.783216783216776        9767.020427383899        10171.035028905213       8654.995878939499        8761.196991498267        8761.538824436635        8764.273488515504
17.01631701631701         5189.74297498049         5613.250030719411        8034.622635982834        8121.748040572462        8122.43170644924         8127.90103460698
17.24941724941724         5189.74297498049         5613.250030719411        8034.622635982834        8121.748040572462        8122.43170644924         8127.90103460698
17.482517482517476        5185.298515612294        5447.476810602027        7792.273231354845        7918.497417894163        7918.839250832576        7921.573914911445
17.71561771561771         5180.8540562440985       5281.703590484643        7549.923826726856        7715.246795215864        7715.246795215911        7715.246795215911
17.948717948717942        5180.8540562440985       5281.703590484643        7549.923826726856        7715.246795215864        7715.246795215911        7715.246795215911
18.181818181818173        3083.4884803073355       3136.0128397104054       8495.014541021612        8795.884860702065        8795.884860702197        8795.884860702197
18.41491841491841         986.1229043705724        990.3220889361671        9440.105255316368        9876.522926188265        9876.522926188483        9876.522926188483
18.648018648018645        986.1229043705724        990.3220889361671        9440.105255316368        9876.522926188265        9876.522926188483        9876.522926188483
18.881118881118876        7666.968596978016        7671.9340629821245       8639.840338525828        9010.805986254134        9010.805986254272        9010.805986254272
19.11421911421911         14347.81428958546        14353.546037028082       7839.57542173529         8145.089046320003        8145.089046320063        8145.089046320063
19.347319347319342        14347.81428958546        14353.546037028082       7839.57542173529         8145.089046320003        8145.089046320063        8145.089046320063
19.580419580419576        9999.994447075736        10603.915230813262       7767.315212811017        7979.5297196524025       7979.529719652473        7979.529719652473
19.813519813519807        5652.174604566015        6854.284424598442        7695.055003886744        7813.970392984803        7813.970392984885        7813.970392984885
20.04662004662004         5652.174604566015        6854.284424598442        7695.055003886744        7813.970392984803        7813.970392984885        7813.970392984885
20.279720279720273        10025.456293821235       10751.266166586154       8090.0621356669035       8300.84244212616         8300.842442126204        8300.842442126204
20.51282051282051         14398.737983076455       14648.247908573867       8485.069267447063        8787.714491267518        8787.714491267525        8787.714491267525
20.745920745920742        14398.737983076455       14648.247908573867       8485.069267447063        8787.714491267518        8787.714491267525        8787.714491267525
20.979020979020977        12081.905626186952       13875.502599961486       7374.833927165317        7704.625412697876        7704.625412697853        7704.625412697853
21.21212121212121         9765.073269297447        13102.757291349106       6264.5985868835705       6621.536334128234        6621.536334128181        6621.536334128181
21.445221445221442        9765.073269297447        13102.757291349106       6264.5985868835705       6621.536334128234        6621.536334128181        6621.536334128181
21.678321678321677        12334.215306883685       14003.486812466588       7158.544864056293        7510.371214404564        7510.371214404511        7510.371214404511
21.91142191142191         14903.357344469925       14904.216333584072       8052.491141229015        8399.206094680894        8399.206094680841        8399.206094680841
22.144522144522142        14903.357344469925       14904.216333584072       8052.491141229015        8399.206094680894        8399.206094680841        8399.206094680841
22.377622377622373        7729.456261212873        7731.763983899132        6347.2318362947035       7121.984005839           7121.9840058390155       7121.9840058390155
22.610722610722608        555.5551779558216        559.3116342141911        4641.972531360392        5844.761916997106        5844.7619169971895       5844.7619169971895
22.84382284382284         555.5551779558216        559.3116342141911        4641.972531360392        5844.761916997106        5844.7619169971895       5844.7619169971895
23.07692307692307         303.2192949188991        604.6760313344332        4038.660179905576        4791.543119062413        4792.517957780532        4792.517957780532
23.3100233100233          50.88341188197654        650.0404284546754        3435.34782845076         3738.3243211277213       3740.2739985638746       3740.2739985638746
23.54312354312353         50.88341188197654        650.0404284546754        3435.34782845076         3738.3243211277213       3740.2739985638746       3740.2739985638746
23.776223776223766        280.1129535438996        579.978468016554         4695.7419948918505       5092.139728411254        5093.1145671294          5093.1145671294
24.009324009324           509.3424952058227        509.91650757843246       5956.136161332941        6445.955135694787        6445.955135694926        6445.955135694926
24.242424242424235        509.3424952058227        509.91650757843246       5956.136161332941        6445.955135694787        6445.955135694926        6445.955135694926
24.47552447552447         3030.363162681157        4807.094041631298        5114.889255319745        5555.098430411743        5555.098430411831        5555.098430411831
24.708624708624708        5551.383830156491        9104.271575684163        4273.642349306549        4664.2417251287          4664.241725128736        4664.241725128736
24.94172494172493         5551.383830156491        9104.271575684163        4273.642349306549        4664.2417251287          4664.241725128736        4664.241725128736
25.174825174825166        3007.213567000962        4783.733532882617        3806.982507609046        4209.054221477677        4261.307521316909        4261.307521316909
25.4079254079254          463.04330384543346       463.19549008107          3340.3226659115435       3753.866717826654        3858.37331750508         3858.37331750508
25.641025641025628        463.04330384543346       463.19549008107          3340.3226659115435       3753.866717826654        3858.37331750508         3858.37331750508
25.87412587412586         465.4296968906947        617.217888628346         3806.2424637635895       4294.02179513438         4346.275094973633        4346.275094973633
26.1072261072261          467.8160899359559        771.2402871756221        4272.1622616156355       4834.176872442106        4834.176872442185        4834.176872442185
26.340326340326335        467.8160899359559        771.2402871756221        4272.1622616156355       4834.176872442106        4834.176872442185        4834.176872442185
26.573426573426566        257.0378027564005        519.364156087304         4403.933021549541        5031.1063734025065       5031.106373402609        5031.106373402609
26.8065268065268          46.25951557684501        267.48802499898574       4535.703781483447        5228.035874362906        5228.035874363033        5228.035874363033
27.03962703962703         46.25951557684501        267.48802499898574       4535.703781483447        5228.035874362906        5228.035874363033        5228.035874363033
27.272727272727263        2336.0330961797117       2446.6482468681143       3190.9115276731745       3964.6151693454585       3964.615169345564        3964.615169345564
27.505827505827494        4625.8066767825785       4625.808468737243        1846.119273862903        2701.194464328011        2701.194464328095        2701.194464328095
27.73892773892773         4625.8066767825785       4625.808468737243        1846.119273862903        2701.194464328011        2701.194464328095        2701.194464328095
27.97202797202796         2315.2417042260363       2315.242625934556        2018.231845555253        2851.720345722326        2851.8226216276244       2851.8226216276244
28.205128205128194        4.676731669494462        4.676783131869069        2190.344417247603        3002.2462271166414       3002.4507789271543       3002.4507789271543
28.438228438228425        4.676731669494462        4.676783131869069        2190.344417247603        3002.2462271166414       3002.4507789271543       3002.4507789271543
28.67132867132866         4.653348265818925        9.944020870636562        1830.4680908235632       2535.7886010504844       2535.890876955793        2535.890876955793
28.904428904428894        4.629964862143388        15.211258609404055       1470.5917643995235       2069.330974984328        2069.330974984432        2069.330974984432
29.13752913752912         4.629964862143388        15.211258609404055       1470.5917643995235       2069.330974984328        2069.330974984432        2069.330974984432
29.370629370629352        2314.9849958342616       2320.302217777457        1462.5249156920706       2721.7534086239866       2742.3712084098183       2742.3712084098183
29.60372960372959         4625.34002680638         4625.393176945509        1454.4580669846177       3374.1758422636453       3415.4114418352046       3415.4114418352046
29.83682983682982         4625.34002680638         4625.393176945509        1454.4580669846177       3374.1758422636453       3415.4114418352046       3415.4114418352046
30.069930069930056        6938.058122606634        6938.091955091933        7193.0182487053335       3480.185914439455        3503.7273359635883       3503.7273359635883
30.30303030303029         9250.776218406889        9250.790733238357        12931.578430426049       3586.195986615264        3592.043230091972        3592.043230091972
30.536130536130525        9250.776218406889        9250.790733238357        12931.578430426049       3586.195986615264        3592.043230091972        3592.043230091972
30.769230769230756        6938.060689621043        6938.067947240477        10804.56544889402        3531.476410515988        3534.4000322543816       3534.4000322543816
31.00233100233099         4625.345160835198        4625.345161242599        8677.552467361993        3476.756834416712        3476.756834416791        3476.756834416791
31.235431235431218        4625.345160835198        4625.345161242599        8677.552467361993        3476.756834416712        3476.756834416791        3476.756834416791
31.468531468531452        2312.952413458405        2312.9524246144206       7468.026408725668        3027.4866577868183       3029.5051475268197       3029.5051475268197
31.701631701631683        0.5596660816114024       0.5596879862421944       6258.500350089344        2578.2164811569246       2582.253460636848        2582.253460636848
31.934731934731918        0.5596660816114024       0.5596879862421944       6258.500350089344        2578.2164811569246       2582.253460636848        2582.253460636848
32.16783216783215         0.5136441849364412       0.5136551981971631       5063.122068184159        2474.15490649427         2476.173396234286        2476.173396234286
32.40093240093238         0.46762228826147995      0.4676224101521318       3867.7437862789734       2370.093331831616        2370.093331831724        2370.093331831724
32.63403263403262         0.46762228826147995      0.4676224101521318       3867.7437862789734       2370.093331831616        2370.093331831724        2370.093331831724
32.86713286713285         5088.107537273299        5089.434307205795        9025.891815871413        2823.640906137321        2824.797818888344        2824.797818888344
33.10023310023308         10175.747452258338       10178.40099200144        14184.039845463854       3277.188480443026        3279.502305944964        3279.502305944964
33.333333333333314        10175.747452258338       10178.40099200144        14184.039845463854       3277.188480443026        3279.502305944964        3279.502305944964
33.566433566433545        5087.876293192603        5089.203063064339        7184.402310164437        2252.5741469904215       2254.5744491369037       2254.5744491369037
33.79953379953378         0.005134126868988775     0.005134127239286602     184.76477486501975       1227.9598135378167       1229.6465923288433       1229.6465923288433
34.03263403263402         0.005134126868988775     0.005134127239286602     184.76477486501975       1227.9598135378167       1229.6465923288433       1229.6465923288433
34.26573426573425         0.002567086561448681     0.003032543672257242     103.56472809929194       980.9919605506988        985.0686605828469        985.0686605828469
34.49883449883448         4.62539085871383E-8      9.309601052278815E-4     22.364681333564125       734.0241075635809        740.4907288368504        740.4907288368504
34.731934731934714        4.62539085871383E-8      9.309601052278815E-4     22.364681333564125       734.0241075635809        740.4907288368504        740.4907288368504
34.965034965034945        0.025439626773891597     0.030561033593499473     778.9194454476033        1595.738179476993        1598.9714901136822       1598.9714901136822
35.19813519813519         0.05087920729387461      0.06019110708177106      1535.4742095616425       2457.4522513904053       2457.452251390514        2457.452251390514
35.43123543123542         0.05087920729387461      0.06019110708177106      1535.4742095616425       2457.4522513904053       2457.452251390514        2457.452251390514
35.66433566433565         23.152141816234845       23.15681641919791        915.7961601441714        1999.34565495003         2033.5669821279732       2033.5669821279732
35.89743589743589         46.253404425175816       46.25344173131405        296.11811072670037       1541.2390585096546       1609.6817128654325       1609.6817128654325
36.130536130536115        46.253404425175816       46.25344173131405        296.11811072670037       1541.2390585096546       1609.6817128654325       1609.6817128654325
36.363636363636346        23.357992315180848       23.358188622591175       324.240317631268         1337.6543912993566       1378.7325587456985       1378.7325587456985
36.59673659673659         0.46258020518588094      0.46293551386830195      352.3625245358357        1134.0697240890586       1147.7834046259643       1147.7834046259643
36.82983682983682         0.46258020518588094      0.46293551386830195      352.3625245358357        1134.0697240890586       1147.7834046259643       1147.7834046259643
37.06293706293705         0.4653322821756379       0.4672863803761418       1545.1162499416744       1221.048206400898        1228.5244781144759       1228.5244781144759
37.29603729603729         0.4680843591653948       0.4716372468839817       2737.869975347513        1308.026688712737        1309.2655516029874       1309.2655516029874
37.529137529137515        0.4680843591653948       0.4716372468839817       2737.869975347513        1308.026688712737        1309.2655516029874       1309.2655516029874
37.762237762237746        231.5010182830743        231.50279472693583       1612.4940506408848       1228.5856924783125       1229.2051239234502       1229.2051239234502
37.99533799533799         462.5339522069832        462.5339522069877        487.11812593425657       1149.1446962438881       1149.144696243913        1149.144696243913
38.22843822843822         462.5339522069832        462.5339522069877        487.11812593425657       1149.1446962438881       1149.144696243913        1149.144696243913
38.46153846153846         231.26698174124195       231.27851096989133       275.78625277316246       915.8659272882873        917.6601410251981        918.2302215121053
38.694638694638684        1.1275500671504128E-5    0.023069732794973898     64.45437961206831        682.5871583326864        686.1755858064834        687.3157467802978
38.927738927738915        1.1275500671504128E-5    0.023069732794973898     64.45437961206831        682.5871583326864        686.1755858064834        687.3157467802978
39.160839160839146        0.028220440073954276     0.03974966872289736      200.6777105637132        1285.2765179670882       1289.9074146345931       1290.4774951215004
39.393939393939384        0.05642960464723705      0.05642960465082082      336.9010415153581        1887.96587760149         1893.6392434627028       1893.6392434627028
39.627039627039615        0.05642960464723705      0.05642960465082082      336.9010415153581        1887.96587760149         1893.6392434627028       1893.6392434627028
39.86013986013985         0.028261055742199732     0.028262284668359283     168.52558173370252       1523.6611905078898       1534.4638453791326       1534.4638453791326
40.093240093240084        9.250683716241595E-5     9.49646858977438E-5      0.1501219520469453       1159.3565034142894       1175.2884472955627       1175.2884472955627
40.326340326340315        9.250683716241595E-5     9.49646858977438E-5      0.1501219520469453       1159.3565034142894       1175.2884472955627       1175.2884472955627
40.55944055944055         0.02342965760341644      0.023430886527783714     0.13711154593265729      1278.6184263955806       1289.0662304646953       1289.0662304646953
40.792540792540784        0.04676680836967047      0.046766808369669684     0.12410113981836925      1397.8803493768717       1402.8440136338277       1402.8440136338277
41.025641025641015        0.04676680836967047      0.046766808369669684     0.12410113981836925      1397.8803493768717       1402.8440136338277       1402.8440136338277
41.25874125874124         0.023409306088445596     0.023409306089008496     0.06509304130358588      1279.1885055236808       1306.164675961136        1306.164675961136
41.49184149184147         5.18038072207232E-5      5.1803808347308386E-5    0.006084942788802507     1160.4966616704899       1209.4853382884444       1209.4853382884444
41.72494172494171         5.18038072207232E-5      5.1803808347308386E-5    0.006084942788802507     1160.4966616704899       1209.4853382884444       1209.4853382884444
41.958041958041946        2312.692934448471        2312.6929344484724       2497.226487869982        1310.7171453930844       1335.8726738820383       1335.8726738820383
42.19114219114218         4625.385817093135        4625.385817093136        4994.446890797175        1460.9376291156789       1462.2600094756322       1462.2600094756322
42.42424242424241         4625.385817093135        4625.385817093136        4994.446890797175        1460.9376291156789       1462.2600094756322       1462.2600094756322
42.65734265734264         5111.254583602065        5111.254583602064        5295.808721635318        2047.9092269071798       2244.8432641086665       2244.8432641086665
42.89044289044287         5597.123350110995        5597.123350110992        5597.17055247346         2634.880824698681        3027.4265187417013       3027.4265187417013
43.12354312354311         5597.123350110995        5597.123350110992        5597.17055247346         2634.880824698681        3027.4265187417013       3027.4265187417013
43.35664335664334         2798.7929420313694       2798.792942031368        2798.816543436857        1533.341348639023        1758.5709824790238       1758.5709824790238
43.58974358974358         0.46253395174444745      0.46253395174444123      0.46253440025411063      431.801872579365         489.7154462163462        489.7154462163462
43.82284382284381         0.46253395174444745      0.46253395174444123      0.46253440025411063      431.801872579365         489.7154462163462        489.7154462163462
44.055944055944046        2312.901025929391        2312.90119429175         2312.966586840072        662.6020325515614        698.4559771375693        710.675277630188
44.28904428904429         4625.339517907038        4625.339854631756        4625.47063927989         893.4021925237578        907.1965080587925        931.63510904403
44.522144522144515        4625.339517907038        4625.339854631756        4625.47063927989         893.4021925237578        907.1965080587925        931.63510904403
44.755244755244746        7169.2762754199985       7169.276443782357        7169.341836106449        1441.7999501468676       1467.2567966559127       1479.4760971485314
44.98834498834499         9713.21303293296         9713.21303293296         9713.213032933007        1990.1977077699771       2027.317085253033        2027.317085253033
45.22144522144522         9713.21303293296         9713.21303293296         9713.213032933007        1990.1977077699771       2027.317085253033        2027.317085253033
45.45454545454545         4856.606516466482        4856.606516466501        4856.630837052437        1144.7030362418725       1280.2948579189233       1280.2948579189233
45.68764568764569         4.722471648410358E-12    4.1762443370126484E-11   0.048641171867077226     299.20836471376793       533.2726305848137        533.2726305848137
45.920745920745915        4.722471648410358E-12    4.1762443370126484E-11   0.048641171867077226     299.20836471376793       533.2726305848137        533.2726305848137
46.153846153846146        0.2315239366114862       0.23152393663000315      0.303430948150358        714.9308756058072        1022.0971173589371       1034.6017913611338
46.386946386946384        0.46304787321825         0.46304787321824387      0.5582207244336388       1130.6533864978464       1510.9216041330606       1535.930952137454
46.62004662004661         0.46304787321825         0.46304787321824387      0.5582207244336388       1130.6533864978464       1510.9216041330606       1535.930952137454
46.85314685314684         2544.168258531049        2544.16825853105         2544.7790947851886       1168.2390159466408       1371.571759332306        1384.0764333345028
47.08624708624708         5087.87346918888         5087.873469188882        5088.999968845944        1205.8246453954353       1232.2219145315516       1232.2219145315516
47.3193473193473          5087.87346918888         5087.873469188882        5088.999968845944        1205.8246453954353       1232.2219145315516       1232.2219145315516
47.55244755244754         2567.063432181663        2567.0634321816638       2567.626682010232        933.7586728941511        959.607251916005         959.607251916005
47.78554778554778         46.25339517444531        46.25339517444502        46.253395174520065       661.692700392867         686.9925893004582        686.9925893004582
48.01864801864801         46.25339517444531        46.25339517444502        46.253395174520065       661.692700392867         686.9925893004582        686.9925893004582
48.25174825174824         254.39367345945445       254.39367827341297       254.42525784678543       575.0382204681266        658.601734235116         658.601734235116
48.48484848484847         462.5339517444636        462.53396137238093       462.5971205190508        488.3837405433862        630.2108791697738        630.2108791697738
48.717948717948694        462.5339517444636        462.53396137238093       462.5971205190508        488.3837405433862        630.2108791697738        630.2108791697738
48.951048951048925        231.26697587223205       231.26698068619072       231.31180370898102       381.11610346133057       508.88282355054264       508.88282355054264
49.18414918414916         5.08792018511811E-13     5.087920187813119E-13    0.026486898911227255     273.8484663792749        387.5547679313115        387.5547679313115
49.4172494172494          5.08792018511811E-13     5.087920187813119E-13    0.026486898911227255     273.8484663792749        387.5547679313115        387.5547679313115
49.65034965034964         2.312669784161959E-5     2.3126697841618975E-5    0.013303635486653479     439.98625859564663       332.96838471572073       332.96838471572073
49.88344988344987         4.625339517444716E-5     4.6253395174445934E-5    1.2037206207970226E-4    606.1240508120184        278.38200150013          278.38200150013
50.1165501165501          4.625339517444716E-5     4.6253395174445934E-5    1.2037206207970226E-4    606.1240508120184        278.38200150013          278.38200150013
50.349650349650325        2.3126977677200373       2.312697767720014        2.3127386809161825       1274.8923622200764       971.0467132243233        971.0467132243233
50.58275058275056         4.6253492820449          4.625349282044853        4.625356989770285        1943.6606736281342       1663.7114249485167       1663.7114249485167
50.8158508158508          4.6253492820449          4.625349282044853        4.625356989770285        1943.6606736281342       1663.7114249485167       1663.7114249485167
51.04895104895104         2.312674641253717        2.3126746412536936       2.3126784952509345       1129.3509651373352       961.2203646281014        961.2203646281014
51.28205128205128         4.625339517449767E-10    4.625339517449563E-10    7.315837066366068E-10    315.041256646536         258.7293043076862        258.7293043076862
51.5151515151515          4.625339517449767E-10    4.625339517449563E-10    7.315837066366068E-10    315.041256646536         258.7293043076862        258.7293043076862
51.74825174825173         4.625339517449767E-10    4.625339517449563E-10    0.20928338367165442      1168.6515162376422       352.44327902041795       352.44327902041795
51.98135198135197         4.625339984603964E-9     4.62546632067605E-9      0.41856676661172515      2022.2617758287486       446.1572537331497        446.1572537331497
52.2144522144522          4.625339984603964E-9     4.62546632067605E-9      0.41856676661172515      2022.2617758287486       446.1572537331497        446.1572537331497
52.44755244755243         4.625339984603964E-9     4.62546632067605E-9      0.2092833833058628       1013.3394994897656       286.8699609702783        286.8699609702783
52.68065268065268         4.62538577083975E-16     4.625385770839447E-16    4.643816217942101E-16    4.417223150782546        127.58266820740695       127.58266820740695
52.91375291375291         4.62538577083975E-16     4.625385770839447E-16    4.643816217942101E-16    4.417223150782546        127.58266820740695       127.58266820740695
53.14685314685315         2.5439367369303443E-5    2.545948788446812E-5     34.185856925531624       186.18474899623718       376.2443350332681        376.2443350332681
53.379953379953385        5.0878734738144345E-5    5.09189757684737E-5      68.37171385106325        367.9522748416918        624.9060018591292        624.9060018591292
53.613053613053616        5.0878734738144345E-5    5.09189757684737E-5      68.37171385106325        367.9522748416918        624.9060018591292        624.9060018591292
53.84615384615384         2.5439367369072173E-5    2.5459487884237304E-5    34.187055152473384       187.87929046344354       350.3864406479454        350.3864406479454
54.079254079254085        4.6253395683697465E-23   9.07341867136084E-19     0.002396453883518585     7.806306085195252        75.86687943676158        75.86687943676158
54.312354312354316        4.6253395683697465E-23   9.07341867136084E-19     0.002396453883518585     7.806306085195252        75.86687943676158        75.86687943676158
54.54545454545454         2543.936734594505        2543.9367345945047       2543.937944740426        2547.8529599424946       558.3963612335839        558.3963612335839
54.778554778554785        5087.87346918901         5087.8734691890095       5087.873493026968        5087.899613799794        1040.9258430304062       1040.9258430304062
55.011655011655           5087.87346918901         5087.8734691890095       5087.873493026968        5087.899613799794        1040.9258430304062       1040.9258430304062
55.24475524475524         2543.936734594505        2543.936734637359        2693.360233799023        2950.6209522278596       655.8720382993791        655.8720382993791
55.47785547785548         4.6253395271578385E-14   8.570852131458348E-8     298.8469745710769        813.3422906559251        270.81823356835207       270.81823356835207
55.71095571095571         4.6253395271578385E-14   8.570852131458348E-8     298.8469745710769        813.3422906559251        270.81823356835207       270.81823356835207
55.94405594405595         4.6253395271578385E-14   8.570852131458348E-8     149.42348728553844       406.67114532796256       138.05576218407842       138.05576218407842
56.177156177156185        5.087873469189492E-47    5.087873469188621E-47    5.087873479379222E-47    7.022408806540766E-17    5.293290799804775        5.293290799804775
56.4102564102564          5.087873469189492E-47    5.087873469188621E-47    5.087873479379222E-47    7.022408806540766E-17    5.293290799804775        5.293290799804775
56.64335664335664         0.2312669758953502       0.23126697589534703      0.2312669759847829       0.24031426912987822      239.4487446479988        239.4487446479988
56.87645687645688         0.4625339517907004       0.46253395179069406      0.4625339519695658       0.4806285382597564       473.60419849619285       473.60419849619285
57.10955710955711         0.4625339517907004       0.46253395179069406      0.4625339519695658       0.4806285382597564       473.60419849619285       473.60419849619285
57.34265734265735         0.23126697589535042      0.23126697589534725      0.23126697599670212      5.877991759978157        297.4367277888467        303.22204820543266
57.575757575757585        4.625385770839866E-16    4.625385770839563E-16    2.3838424086584507E-11   11.275354981696557       121.26925708150056       132.83989791467252
57.808857808857816        4.625385770839866E-16    4.625385770839563E-16    2.3838424086584507E-11   11.275354981696557       121.26925708150056       132.83989791467252
58.04195804195805         4.625385770839866E-16    4.625385770839563E-16    2.3838424086584507E-11   35.050891856264776       126.02587841885156       131.81119883543755
58.27505827505828         4.625385770840022E-15    4.625385770839733E-15    1.2258458166785921E-11   58.826428730832994       130.78249975620258       130.78249975620258
58.50815850815851         4.625385770840022E-15    4.625385770839733E-15    1.2258458166785921E-11   58.826428730832994       130.78249975620258       130.78249975620258
58.741258741258726        4.625385770840022E-15    4.625385770839733E-15    1.2258458166785921E-11   29.413229024573177       148.6127133348378        152.83166900964824
58.97435897435897         5.087873469189022E-15    4.470406283361513E-14    4.1211843467043477E-13   2.9318313359302668E-5    166.442926913473         174.8808382630939
59.20745920745921         5.087873469189022E-15    4.470406283361513E-14    4.1211843467043477E-13   2.9318313359302668E-5    166.442926913473         174.8808382630939
59.44055944055944         5.087873469189022E-15    4.470406283361513E-14    4.285423753059756        4.384305315439022        140.93737191240427       145.15632758721472
59.67365967365967         4.6253395220700724E-15   4.625339522069785E-15    8.5708475061191          8.768581312564685        115.43181691133555       115.43181691133555
59.9067599067599          4.6253395220700724E-15   4.625339522069785E-15    8.5708475061191          8.768581312564685        115.43181691133555       115.43181691133555
60.13986013986013         231.26697587224507       231.2669758722444        235.5523996253076        235.65554161977067       386.68238617017386       386.68238617017386
60.37296037296037         462.53395174449014       462.5339517444888        462.5339517444961        462.5425019269767        657.9329554290122        657.9329554290122
60.60606060606061         462.53395174449014       462.5339517444888        462.5339517444961        462.5425019269767        657.9329554290122        657.9329554290122
60.83916083916084         231.26697587224507       231.2669758722444        231.26697587224805       231.27125214008137       333.8271271906386        335.01902503279604
61.07226107226108         4.630011110362199E-43    3.497223834490146E-42    2.391520158434648E-36    2.353186076257259E-6     9.721298952265037        12.10509463657991
61.30536130536131         4.630011110362199E-43    3.497223834490146E-42    2.391520158434648E-36    2.353186076257259E-6     9.721298952265037        12.10509463657991
61.53846153846154         4.630011110362199E-43    3.497223834490146E-42    2.391520158434648E-36    13.609820402250678       152.6598322676655        153.85173010982294
61.771561771561785        4.625339517449069E-6     4.6253395174491745E-6    4.625340693148909E-6     27.21963845131528        295.59836558306597       295.59836558306597
62.004662004662016        4.625339517449069E-6     4.6253395174491745E-6    4.625340693148909E-6     27.21963845131528        295.59836558306597       295.59836558306597
62.237762237762254        4.625339517449069E-6     4.6253395174491745E-6    4.625340693148909E-6     13.609819580655769       149.2675083490881        174.06247889597662
62.47086247086249         5.087873469189344E-26    8.510007424499602E-18    6.872962615190195E-8     7.099962560718402E-7     2.936651115110257        52.526592208887266
62.70396270396271         5.087873469189344E-26    8.510007424499602E-18    6.872962615190195E-8     7.099962560718402E-7     2.936651115110257        52.526592208887266
62.93706293706294         0.023126697587222408     0.023126697587222026     0.023126731952037176     0.07229149430227712      161.47904658333198       193.38640115401404
63.17016317016319         0.046253395174444815     0.046253395174444045     0.0462533951744482       0.14458227860829817      320.0214420515537        334.2462100991408
63.40326340326341         0.046253395174444815     0.046253395174444045     0.0462533951744482       0.14458227860829817      320.0214420515537        334.2462100991408
63.636363636363654        0.06938009276166598      0.06938009276166485      0.06938009276375325      0.23801121987130514      505.9416745602873        513.0540585840808
63.86946386946391         0.09250679034888716      0.09250679034888563      0.09250679035305828      0.3314401611343121       691.861907069021         691.861907069021
64.10256410256414         0.09250679034888716      0.09250679034888563      0.09250679035305828      0.3314401611343121       691.861907069021         691.861907069021
64.33566433566438         2.35892315389687         2.358923153896846        2.3589231538990507       2.4783898392892034       539.1255983240144        539.1255983240144
64.5687645687646          4.625339517444853        4.625339517444806        4.625339517445044        4.625339517444095        386.38928957900794       386.38928957900794
64.80186480186482         4.625339517444853        4.625339517444806        4.625339517445044        4.625339517444095        386.38928957900794       386.38928957900794
65.03496503496504         2.3126697587224263       2.312669758722403        2.312669758722522        2.3126697587220475       193.19464478950397       194.53187211185985
65.26806526806527         5.087873469189777E-53    5.087873469188789E-53    5.087873469193885E-53    3.806964509181425E-30    1.3200835572967553E-19   2.6744546447117843
65.5011655011655          5.087873469189777E-53    5.087873469188789E-53    5.087873469193885E-53    3.806964509181425E-30    1.3200835572967553E-19   2.6744546447117843
65.73426573426572         5.087873469189777E-53    5.087873469188789E-53    5.087873469193885E-53    1.3074088674486032E-5    1.9354304907624635       4.247496522733
65.96736596736596         4.635099030080188E-53    2.7342211167767916E-48   2.628901304088544E-22    2.6148177348972064E-5    3.870860981524927        5.820538400754215
66.2004662004662          4.635099030080188E-53    2.7342211167767916E-48   2.628901304088544E-22    2.6148177348972064E-5    3.870860981524927        5.820538400754215
66.43356643356643         4.635099030080188E-53    2.7342211167767916E-48   2.628901304088544E-22    1.3090692166530331E-5    13.840511028975623       24.193405030023282
66.66666666666669         4.6345901969422036E-32   2.212285553787392E-25    3.320521931965458E-8     3.320698408859997E-8     23.81016107642632        42.56627165929235
66.8997668997669          4.6345901969422036E-32   2.212285553787392E-25    3.320521931965458E-8     3.320698408859997E-8     23.81016107642632        42.56627165929235
67.13286713286713         2.3126697587222495E-4    2.3126697587221937E-4    2.3128357848190763E-4    2.3128357937022529E-4    136.12794289849532       145.50599818992833
67.36596736596738         4.625339517444499E-4     4.6253395174443874E-4    4.625339517444956E-4     4.62533951756362E-4      248.4457247205643        248.4457247205643
67.59906759906761         4.625339517444499E-4     4.6253395174443874E-4    4.625339517444956E-4     4.62533951756362E-4      248.4457247205643        248.4457247205643
67.83216783216784         2.3126697587222495E-4    2.3126697587221937E-4    2.312669758722478E-4     2.31266975878181E-4      124.22286236028215       124.22286236028215
68.06526806526809         0                        0                        0                        0                        0                        0
68.2983682983683          0                        0                        0                        0                        0                        0
68.53146853146853         0                        0                        0                        0                        85.19459621082973        85.19459621082973
68.76456876456876         4.6253395174447085E-8    4.625339517444535E-8     4.625339517445435E-8     4.6255778970431555E-8    170.38919242165946       170.38919242165946
68.997668997669           4.6253395174447085E-8    4.625339517444535E-8     4.625339517445435E-8     4.6255778970431555E-8    170.38919242165946       170.38919242165946
69.23076923076924         0.002543959861292041     0.0025439598612919893    0.0025439598612922595    0.0025439598629526726    344.6602896473297        345.5290793648761
69.46386946386949         0.005087873469188907     0.005087873469188804     0.005087873469189344     0.005087873470126375     518.931386873            520.6689663080928
69.6969696969697          0.005087873469188907     0.005087873469188804     0.005087873469189344     0.005087873470126375     518.931386873            520.6689663080928
69.93006993006993         0.0025439367345944535    0.002543936734594402     0.002543936734594672     0.0025439367350631875    259.5537209108072        270.3509999861664
70.16317016317016         5.087873469189425E-34    5.087873469188769E-34    5.087873469192139E-34    4.027644169857052E-20    0.17605494861453108      20.033033664240033
70.39627039627038         5.087873469189425E-34    5.087873469188769E-34    5.087873469192139E-34    4.027644169857052E-20    0.17605494861453108      20.033033664240033
70.62937062937063         5.087873469189425E-34    5.087873469188769E-34    5.087873469192139E-34    4.027644169857052E-20    7.119027974483993        11.923825276111803
70.86247086247086         5.134126864364106E-53    5.134126864363117E-53    4.0213848206777083E-48   3.7067967898430986E-39   14.062001000353455       3.814616887983574
71.09557109557109         5.134126864364106E-53    5.134126864363117E-53    4.0213848206777083E-48   3.7067967898430986E-39   14.062001000353455       3.814616887983574
71.32867132867132         5.134126864364106E-53    5.134126864363117E-53    4.0213848206777083E-48   3.7067967898430986E-39   7.031000500176727        1.907308443991787
71.56177156177155         0                        0                        0                        0                        0                        0
71.7948717948718          0                        0                        0                        0                        0                        0
72.02797202797203         0                        0                        0                        0                        23.13312370772923        42.889786717640064
72.26107226107226         5.1341731177589486E-26   5.1341731177584595E-26   7.596289107971945E-9     5.537694759710707E-6     46.26624741545846        85.77957343528013
72.49417249417249         5.1341731177589486E-26   5.1341731177584595E-26   7.596289107971945E-9     5.537694759710707E-6     46.26624741545846        85.77957343528013
72.72727272727272         5.1341731177589486E-26   5.1341731177584595E-26   7.596289107971945E-9     5.537694759710707E-6     23.13854734271163        57.832135411484664
72.96037296037295         4.625339517444871E-24    4.625339517444437E-24    4.625339517446663E-24    4.1628055656942365E-23   0.01084726996479799      29.884697387689197
73.19347319347318         4.625339517444871E-24    4.625339517444437E-24    4.625339517446663E-24    4.1628055656942365E-23   0.01084726996479799      29.884697387689197
73.42657342657341         4.625339517444871E-24    4.625339517444437E-24    4.625339517446663E-24    4.1628055656942365E-23   14.720213838963982       16.577325383175808
73.65967365967366         4.625339517444888E-45    4.625339517444125E-45    4.625339517448086E-45    2.212285552636189E-38    29.429580407963165       3.269953378662417
73.89277389277387         4.625339517444888E-45    4.625339517444125E-45    4.625339517448086E-45    2.212285552636189E-38    29.429580407963165       3.269953378662417
74.12587412587412         4.625339517444888E-45    4.625339517444125E-45    4.625339517448086E-45    1.2054839522081752E-4    42.49015338032811        167.56957332466047
74.35897435897435         5.134126864363781E-11    5.1341268643635324E-11   5.134126864434239E-11    2.4109679044163505E-4    55.55072635269305        331.8691932706585
74.59207459207458         5.134126864363781E-11    5.1341268643635324E-11   5.134126864434239E-11    2.4109679044163505E-4    55.55072635269305        331.8691932706585
74.8251748251748          5.134126864363781E-11    5.1341268643635324E-11   5.134126864434239E-11    1.205483952467779E-4     27.89420779923758        251.74141542733048
75.05827505827504         5.0878734691889226E-14   5.087873469188624E-14    5.087873469190167E-14    5.1920749658638876E-14   0.2376892457821133       171.61363758400248
75.29137529137527         5.0878734691889226E-14   5.087873469188624E-14    5.087873469190167E-14    5.1920749658638876E-14   0.2376892457821133       171.61363758400248
75.52447552447552         2.3126697612661924E-5    2.312669761266129E-5     2.3126697612664547E-5    2.312669761317255E-5     0.11905276316934178      196.42109642405887
75.75757575757576         4.6253395174445114E-5    4.625339517444385E-5     4.625339517445036E-5     4.625339517442435E-5     4.162805565702525E-4     221.22855526411524
75.990675990676           4.6253395174445114E-5    4.625339517444385E-5     4.625339517445036E-5     4.625339517442435E-5     4.162805565702525E-4     221.22855526411524
76.22377622377623         2.3126697587222557E-5    2.3126697587221923E-5    2.312669758722518E-5     2.3126703465708406E-5    134.48343418150804       132.70350538488793
76.45687645687646         4.625339979978908E-24    4.6253399799784784E-24   2.387068994074752E-22    1.1756992463803272E-11   268.9664520824595        44.17845550566065
76.68997668997667         4.625339979978908E-24    4.6253399799784784E-24   2.387068994074752E-22    1.1756992463803272E-11   268.9664520824595        44.17845550566065
76.92307692307692         0.002312669758722185     0.0023126697587221383    0.0023126697587223816    0.002312669765187756     147.93463810401042       181.90185313810292
77.15617715617715         0.00462533951744437      0.004625339517444277     0.004625339517444763     0.00462533951861852      26.902824125561306       319.6252507705452
77.3892773892774          0.00462533951744437      0.004625339517444277     0.004625339517444763     0.00462533951861852      26.902824125561306       319.6252507705452
77.62237762237763         0.002312669758722185     0.0023126697587221383    0.0023126697587223816    0.00231266975930926      13.453568153890602       174.3257577421158
77.85547785547786         5.138752203881334E-36    2.4578492489843112E-29   1.612594892259394E-25    3.6601756844474424E-19   0.004312182219898227     29.026264713686395
78.08857808857807         5.138752203881334E-36    2.4578492489843112E-29   1.612594892259394E-25    3.6601756844474424E-19   0.004312182219898227     29.026264713686395
78.32167832167832         5.138752203881334E-36    2.4578492489843112E-29   1.612594892259394E-25    3.6601756844474424E-19   4.61981317636116         15.02620536631553
78.55477855477855         4.625339517445137E-56    4.6253395174441875E-56   9.759712929935653E-55    1.9866892884259478E-20   9.235314170502422        1.0261460189446636
78.78787878787878         4.625339517445137E-56    4.6253395174441875E-56   9.759712929935653E-55    1.9866892884259478E-20   9.235314170502422        1.0261460189446636
79.02097902097901         4.625339517445137E-56    4.6253395174441875E-56   9.759712929935653E-55    1.9866892884259478E-20   4.617657085251211        0.5130730094723318
79.25407925407924         0                        0                        0                        0                        0                        0
79.48717948717949         0                        0                        0                        0                        0                        0
79.72027972027972         0                        0                        0                        0                        0                        33.945162787207494
79.95337995337997         4.625802051396287E-21    4.625802051395907E-21    4.6258020513978834E-21   4.6258020513899984E-21   3.2894334870356122E-15   67.89032557441499
80.1864801864802          4.625802051396287E-21    4.625802051395907E-21    4.6258020513978834E-21   4.6258020513899984E-21   3.2894334870356122E-15   67.89032557441499
80.41958041958044         2312.669758722349        2312.66975872235         2312.669758722345        2312.6697587223634       2312.669758722327        290.908469311898
80.65268065268067         4625.339517444698        4625.3395174447          4625.33951744469         4625.339517444727        4625.339517444654        513.926613049381
80.8857808857809          4625.339517444698        4625.3395174447          4625.33951744469         4625.339517444727        4625.339517444654        513.926613049381
81.11888111888112         2312.669758722349        2312.66975872235         2312.669758722345        2312.6697587223634       2312.669758722327        275.4106505911644
81.35198135198135         4.625339517444688E-22    4.625339517444288E-22    4.625339517446346E-22    4.625339517438134E-22    4.625339517454512E-22    36.8946881329479
81.5850815850816          4.625339517444688E-22    4.625339517444288E-22    4.625339517446346E-22    4.625339517438134E-22    4.625339517454512E-22    36.8946881329479
81.81818181818183         4.625339517444688E-22    4.625339517444288E-22    4.625339517446346E-22    4.625339517438134E-22    4.625339517454512E-22    18.44734406647395
82.05128205128206         0                        0                        0                        0                        0                        0
82.28438228438229         0                        0                        0                        0                        0                        0
82.51748251748252         0                        0                        0                        0                        0                        10.360907893125406
82.75058275058275         5.087873469189275E-34    5.087873469188623E-34    5.087873469191988E-34    4.1211775100350763E-32   4.593152561956325E-6     20.72181578625081
82.983682983683           5.087873469189275E-34    5.087873469188623E-34    5.087873469191988E-34    4.1211775100350763E-32   4.593152561956325E-6     20.72181578625081
83.21678321678323         5.087873469189275E-34    5.087873469188623E-34    5.087873469191988E-34    4.1211775100350763E-32   4.593152561956325E-6     10.360907893125406
83.44988344988347         0                        0                        0                        0                        0                        0
83.68298368298369         0                        0                        0                        0                        0                        0
83.91608391608392         0                        0                        0                        0                        0                        0
84.14918414918415         0                        0                        0                        0                        0                        0
84.38228438228437         0                        0                        0                        0                        0                        0
84.61538461538461         0                        0                        0                        0                        0                        0
84.84848484848484         4.625339517444984E-40    4.6253395174442914E-40   2.2122855526425255E-33   2.212285552636858E-33    9.730834077154134E-29    1.4056293923021298E-14
85.08158508158506         4.625339517444984E-40    4.6253395174442914E-40   2.2122855526425255E-33   2.212285552636858E-33    9.730834077154134E-29    1.4056293923021298E-14
85.31468531468529         4.625339517444984E-40    4.6253395174442914E-40   2.2122855526425255E-33   2.212285552636858E-33    0.0037981445539875696    2.7688473798559117
85.54778554778554         4.625339517444732E-40    8.570847506118312E-25    2.9884697387691264E-15   2.9884697387655256E-15   0.007596289107975139     5.537694759711809
85.78088578088577         4.625339517444732E-40    8.570847506118312E-25    2.9884697387691264E-15   2.9884697387655256E-15   0.007596289107975139     5.537694759711809
86.01398601398603         4.625339517444732E-40    8.570847506118312E-25    2.9884697387691264E-15   2.9884697387655256E-15   0.0037981445539875696    13.66181957766906
86.24708624708624         4.6253395174449915E-27   4.625339517444514E-27    4.625339517446989E-27    4.625339517437123E-27    3.289433449572365E-21    21.785944395626313
86.48018648018646         4.6253395174449915E-27   4.625339517444514E-27    4.625339517446989E-27    4.625339517437123E-27    3.289433449572365E-21    21.785944395626313
86.71328671328669         4.6253395174449915E-27   4.625339517444514E-27    4.625339517446989E-27    4.625339517437123E-27    3.289433449572365E-21    10.892972197813156
86.94638694638692         0                        0                        0                        0                        0                        0
87.17948717948717         0                        0                        0                        0                        0                        0
87.4125874125874          0                        0                        0                        0                        0                        0
87.64568764568764         0                        0                        0                        0                        0                        0
87.87878787878788         0                        0                        0                        0                        0                        0
88.1118881118881          0                        0                        0                        0                        0                        0
88.34498834498835         5.087873469189337E-54    5.087873469188327E-54    2.4335141079072027E-47   2.433514107898523E-47    1.0703917484882112E-42   6.1096954564950925E-15
88.5780885780886          5.087873469189337E-54    5.087873469188327E-54    2.4335141079072027E-47   2.433514107898523E-47    1.0703917484882112E-42   6.1096954564950925E-15
88.81118881118883         5.087873469189337E-54    5.087873469188327E-54    2.4335141079072027E-47   2.433514107898523E-47    1.0703917484882112E-42   6.1096954564950925E-15
89.04428904428904         0                        0                        0                        0                        0                        0
89.27738927738926         0                        0                        0                        0                        0                        0
89.51048951048949         0                        0                        0                        0                        0                        0
89.74358974358972         4.625339517445197E-63    2.2122855526410567E-56   1.4514805510892063E-52   3.294487564754314E-46    3.881352133130833E-30    1.710311302201342E-11
89.97668997668995         4.625339517445197E-63    2.2122855526410567E-56   1.4514805510892063E-52   3.294487564754314E-46    3.881352133130833E-30    1.710311302201342E-11
90.20979020979019         4.625339517445197E-63    2.2122855526410567E-56   1.4514805510892063E-52   3.294487564754314E-46    3.881352133130833E-30    1.710311302201342E-11
90.44289044289043         0                        0                        0                        0                        0                        0
90.67599067599066         0                        0                        0                        0                        0                        0
90.9090909090909          0                        0                        0                        0                        0                        0
91.14219114219115         0                        0                        0                        0                        0                        0
91.37529137529137         0                        0                        0                        0                        0                        0
91.60839160839159         0                        0                        0                        0                        0                        1.6602609659830627
91.84149184149182         4.625339517444813E-24    4.6253395174443786E-24   2.212285552641932E-17    2.212285552638792E-17    9.730834077140488E-13    3.3205219319661254
92.07459207459205         4.625339517444813E-24    4.6253395174443786E-24   2.212285552641932E-17    2.212285552638792E-17    9.730834077140488E-13    3.3205219319661254
92.30769230769228         4.625339517444813E-24    4.6253395174443786E-24   2.212285552641932E-17    2.212285552638792E-17    9.730834077140488E-13    1.6602609659830627
92.54079254079252         0                        0                        0                        0                        0                        0
92.77389277389275         0                        0                        0                        0                        0                        0
93.00699300699299         0                        0                        0                        0                        0                        1.6602609659835591E-4
93.24009324009323         4.625339517444617E-28    4.62533951744412E-28     2.2122855526419668E-21   2.212285552638195E-21    9.730834077143397E-17    3.3205219319671183E-4
93.47319347319346         4.625339517444617E-28    4.62533951744412E-28     2.2122855526419668E-21   2.212285552638195E-21    9.730834077143397E-17    3.3205219319671183E-4
93.70629370629372         4.625339517444617E-28    4.62533951744412E-28     2.2122855526419668E-21   2.212285552638195E-21    9.730834077143397E-17    0.01842889672241544
93.93939393939395         5.0878734691893315E-26   5.087873469188818E-26    2.433514107906217E-19    2.4335141079023995E-19   1.0703917484856524E-14   0.036525741251634165
94.17249417249417         5.0878734691893315E-26   5.087873469188818E-26    2.433514107906217E-19    2.4335141079023995E-19   1.0703917484856524E-14   0.036525741251634165
94.4055944055944          5.0878734691893315E-26   5.087873469188818E-26    2.433514107906217E-19    2.4335141079023995E-19   1.0703917484856524E-14   0.018262870625817083
94.63869463869464         0                        0                        0                        0                        0                        0
94.87179487179486         0                        0                        0                        0                        0                        0
95.1048951048951          0                        0                        0                        0                        0                        0.1471481392329031
95.33799533799534         4.625350379664766E-47    3.412261021710037E-44    6.30469090151266E-37     7.772600164458983E-11    8.440328067749783E-11    0.2942962784658062
95.57109557109557         4.625350379664766E-47    3.412261021710037E-44    6.30469090151266E-37     7.772600164458983E-11    8.440328067749783E-11    0.2942962784658062
95.8041958041958          4.625350379664766E-47    3.412261021710037E-44    6.30469090151266E-37     7.772600164458983E-11    8.440328067749783E-11    0.1471481392329031
96.03729603729604         0                        0                        0                        0                        0                        0
96.27039627039628         0                        0                        0                        0                        0                        0
96.5034965034965          0                        0                        0                        0                        0                        13.490899939261563
96.73659673659674         4.6253395174447834E-6    4.625339517444643E-6     4.62533951744538E-6      4.625339517442445E-6     4.625339686863659E-6     26.981799878523127
96.96969696969695         4.6253395174447834E-6    4.625339517444643E-6     4.62533951744538E-6      4.625339517442445E-6     4.625339686863659E-6     26.981799878523127
97.20279720279719         4.6253395174447834E-6    4.625339517444643E-6     4.62533951744538E-6      4.625339517442445E-6     4.625339686863659E-6     13.490900909825386
97.43589743589743         5.08787346918902E-36     5.0878734691883344E-36   5.0878734691918865E-36   5.0878734691777335E-36   3.6183767945320735E-30   1.9411276456515675E-6
97.66899766899768         5.08787346918902E-36     5.0878734691883344E-36   5.0878734691918865E-36   5.0878734691777335E-36   3.6183767945320735E-30   1.9411276456515675E-6
97.90209790209792         5.08787346918902E-36     5.0878734691883344E-36   5.0878734691918865E-36   5.0878734691777335E-36   3.6183767945320735E-30   1.9411276456515675E-6
98.13519813519817         0                        0                        0                        0                        0                        0
98.36829836829838         0                        0                        0                        0                        0                        0
98.6013986013986          0                        0                        0                        0                        8.021149135738359        8.022157003919277
98.83449883449883         9.617191608259877E-52    2.0785641135955968E-45   8.582073376737831E-27    6.311229370436561E-12    16.042298271476717       16.044314007838555
99.06759906759906         9.617191608259877E-52    2.0785641135955968E-45   8.582073376737831E-27    6.311229370436561E-12    16.042298271476717       16.044314007838555
99.30069930069929         9.617191608259877E-52    2.0785641135955968E-45   8.582073376737831E-27    6.311229370436561E-12    8.021149135738359        8.022157003919277
99.53379953379954         0                        0                        0                        0                        0                        0
99.76689976689975         0                        0                        0                        0                        0                        0
100                       0                        0                        0                        0                        0                        0
