% Model:              Cav_Hex_Unif_flux_v5.1.1 - Lin. Distn.mph
% Version:            COMSOL 5.5.0.359
% Date:               Nov 25 2021, 14:20
% Dimension:          1
% Nodes:              457
% Expressions:        6
% Description:        Line graph
% x                       Height                   Height                   Height                   Height                   Height                   Height
0                         1335.6531791196805       1200.5273289885429       1183.243277231144        1183.3832560248864       1183.3584779628534       1183.3511285762002
0.43859649122806893       1332.8879825528188       1197.3809243860264       1180.0543202052534       1180.1944196730435       1180.1696070004646       1180.16224775329
0.8771929824561379        1330.1227859859566       1194.2345197835098       1176.8653631793627       1177.0055833212007       1176.980736038076        1176.97336693038
1.3157894736842068        1327.3575894190947       1191.0881151809933       1173.676406153472        1173.8167469693578       1173.7918650756872       1173.78448610747
1.7543859649122757        1326.6990338017208       1189.2488234664477       1171.684838681633        1171.8255006611143       1171.8004883545052       1171.7930718766904
2.192982456140345         1326.0404781843465       1187.4095317519018       1169.693271209794        1169.834254352871        1169.809111633323        1169.8016576459106
2.6315789473684137        1325.3819225669724       1185.5702400373561       1167.7017037379549       1167.8430080446276       1167.817734912141        1167.8102434151308
3.070175438596483         1325.6478263256824       1184.4528669652414       1166.349920673821        1166.491638493985        1166.4661752742813       1166.4586291533544
3.508771929824552         1325.9137300843922       1183.3354938931263       1164.9981376096873       1165.140268943342        1165.1146156364216       1165.107014891578
3.947368421052621         1326.1796338431022       1182.2181208210116       1163.6463545455535       1163.7888993926995       1163.7630559985619       1163.7554006298017
4.3859649122806905        1326.8625229750621       1181.648638590103        1162.7474309216238       1162.8899784158266       1162.8638854835995       1162.856159492868
4.824561403508759         1327.5454121070218       1181.0791563591943       1161.848507297694        1161.991057438954        1161.9647149686373       1161.9569183559342
5.263157894736827         1328.2283012389814       1180.5096741282857       1160.9495836737642       1161.092136462081        1161.0655444536749       1161.0576772190007
5.701754385964897         1329.0236313782793       1180.3570045936347       1160.347745769259        1160.4899995160206       1160.463089153133        1160.4551352897383
6.140350877192967         1329.818961517577        1180.2043350589834       1159.7459078647541       1159.88786256996         1159.860633852591        1159.8525933604758
6.578947368421037         1330.614291656875        1180.0516655243323       1159.144069960249        1159.2857256238992       1159.258178552049        1159.2500514312133
7.017543859649106         1331.3232226135449       1180.1265948094165       1158.6654211080377       1158.8063962362633       1158.7784774087581       1158.7702528517834
7.456140350877175         1332.0321535702146       1180.2015240945007       1158.186772255826        1158.327066848627        1158.2987762654673       1158.2904542723538
7.894736842105244         1332.7410845268844       1180.2764533795848       1157.7081234036148       1157.8477374609909       1157.8190751221764       1157.810655692924
8.333333333333314         1333.22349044562         1180.5358180013768       1157.2966747508349       1157.4351371913203       1157.4060455569065       1157.3975180891537
8.771929824561383         1333.7058963643553       1180.7951826231688       1156.8852260980548       1157.02253692165         1156.9930159916366       1156.9843804853833
9.210526315789451         1334.188302283091        1181.0545472449608       1156.473777445275        1156.6099366519795       1156.5799864263668       1156.571242881613
9.649122807017521         1334.0522712596048       1181.4126993462437       1156.0010255784152       1156.135710157018        1156.1052697371836       1156.096406371872
10.08771929824559         1333.9162402361185       1181.7708514475266       1155.5282737115554       1155.661483662056        1155.6305530480001       1155.6215698621309
10.52631578947366         1333.7802092126321       1182.1290035488096       1155.0555218446957       1155.1872571670942       1155.1558363588167       1155.14673335239
10.96491228070173         1333.039342180993        1182.541482496514        1154.479299633653        1154.6094559752585       1154.5774991163034       1154.5682667075491
11.403508771929795        1332.2984751493534       1182.953961444218        1153.9030774226103       1154.0316547834227       1153.9991618737904       1153.9898000627086
11.842105263157865        1331.5576081177142       1183.3664403919224       1153.3268552115676       1153.453853591587        1153.4208246312771       1153.4113334178678
12.280701754385934        1330.4043676500419       1183.8221459556023       1152.6558559099176       1152.7808840244525       1152.747286763452        1152.7376584632934
12.719298245614002        1329.2511271823694       1184.2778515192822       1151.9848566082676       1152.1079144573177       1152.0737488956265       1152.063983508719
13.15789473684207         1328.097886714697        1184.733557082962        1151.3138573066176       1151.4349448901833       1151.4002110278013       1151.3903085541447
13.596491228070139        1326.4755779792652       1185.2403957283689       1150.503599449413        1150.6217751658328       1150.5864365194102       1150.5763882798854
14.03508771929821         1324.853269243833        1185.7472343737754       1149.6933415922085       1149.808605441482        1149.772662011019        1149.762468005626
14.47368421052628         1323.230960508401        1186.2540730191822       1148.883083735004        1148.9954357171314       1148.958887502628        1148.9485477313667
14.91228070175435         1321.0138392699573       1186.786318357664        1147.8426830030953       1147.9503606750045       1147.9131690924798       1147.9026748299957
15.350877192982416        1318.7967180315134       1187.318563696146        1146.8022822711866       1146.9052856328774       1146.867450682332        1146.8568019286245
15.789473684210485        1316.5795967930694       1187.8508090346277       1145.761881539278        1145.8602105907503       1145.821732272184        1145.8109290272535
16.228070175438553        1313.967618731463        1188.453252299655        1144.5482725638933       1144.639825403763        1144.6006664267943       1144.5897007061228
16.66666666666662         1311.3556406698567       1189.0556955646823       1143.3346635885086       1143.4194402167757       1143.3796005814045       1143.3684723849924
17.10526315789469         1308.7436626082504       1189.6581388297095       1142.121054613124        1142.1990550297885       1142.1585347360149       1142.1472440638618
17.543859649122762        1305.9086975657701       1190.3415853044496       1140.7640878793986       1140.8342688507717       1140.7930340889245       1140.7815742091811
17.98245614035083         1303.0737325232897       1191.0250317791897       1139.407121145673        1139.4694826717546       1139.4275334418344       1139.4159043545003
18.4210526315789          1300.2387674808094       1191.7084782539298       1138.0501544119477       1138.1046964927377       1138.062032794744        1138.0502344998197
18.85964912280697         1297.2064450579137       1192.4752299033978       1136.5378208148559       1136.5836359779591       1136.540215485941        1136.5282400773788
19.29824561403504         1294.1741226350175       1193.2419815528658       1135.0254872177643       1135.0625754631803       1135.0183981771377       1135.0062456549376
19.73684210526311         1291.1418002121216       1194.0087332023338       1133.5131536206725       1133.5415149484015       1133.4965808683346       1133.4842512324967
20.175438596491183        1287.8632657236133       1194.478270354863        1131.8521294216891       1131.8704241828916       1131.8246844103232       1131.8121688562987
20.61403508771925         1284.5847312351048       1194.947807507392        1130.1911052227056       1130.1993334173815       1130.1527879523119       1130.1400864801005
21.05263157894732         1281.3061967465965       1195.4173446599211       1128.5300810237222       1128.5282426518716       1128.4808914943005       1128.4680041039026
21.49122807017539         1277.9145663272145       1195.076972539288        1126.7585639747083       1126.7447530192123       1126.6965514353171       1126.6834703336388
21.929824561403457        1274.5229359078326       1194.7366004186545       1124.9870469256944       1124.961263386553        1124.9122113763335       1124.8989365633747
22.368421052631522        1271.1313054884506       1194.3962282980212       1123.2155298766804       1123.1777737538935       1123.1278713173501       1123.1144027931107
22.807017543859594        1267.6152791197364       1193.2609768491125       1121.3425182767178       1121.2906964546337       1121.2399044210267       1121.2262354765046
23.24561403508766         1264.0992527510223       1192.1257254002037       1119.4695066767551       1119.403619155374        1119.351937524703        1119.3380681598983
23.68421052631573         1260.583226382308        1190.990473951295        1117.5964950767925       1117.5165418561141       1117.4639706283795       1117.4499008432922
24.122807017543803        1256.9817734767876       1189.1016511792823       1115.6062937743197       1115.5097563063757       1115.4562469393295       1115.441968325827
24.561403508771875        1253.380320571267        1187.2128284072696       1113.6160924718472       1113.502970756637        1113.4485232502798       1113.4340358083618
24.999999999999943        1249.7788676657465       1185.324005635257        1111.6258911693744       1111.4961852068986       1111.4407995612298       1111.4261032908967
25.438596491228015        1246.094430552994        1182.8046064760654       1109.5183897382615       1109.3696290614273       1109.3132537737467       1109.2983397923513
25.877192982456084        1242.4099934402414       1180.2852073168738       1107.4108883071483       1107.243072915956        1107.1857079862634       1107.1705762938057
26.31578947368415         1238.725556327489        1177.7658081576822       1105.3033868760353       1105.1165167704846       1105.0581621987803       1105.0428127952603
26.754385964912217        1235.016775025437        1174.9551346857672       1103.1307615141482       1102.9221916593824       1102.862805327358        1102.847230882624
27.19298245614029         1231.3079937233852       1172.1444612138523       1100.9581361522607       1100.7278665482802       1100.667448455936        1100.6516489699877
27.631578947368357        1227.5992124213333       1169.3337877419374       1098.7855107903736       1098.533541437178        1098.4720915845137       1098.4560670573514
28.070175438596426        1223.9183528062865       1166.37898100768         1096.5525240421266       1096.2757302281072       1096.2132062734725       1096.1969492942246
28.508771929824494        1220.2374931912395       1163.4241742734228       1094.3195372938796       1094.0179190190365       1093.954320962431        1093.9378315310978
28.947368421052563        1216.5566335761928       1160.4693675391654       1092.0865505456327       1091.7601078099658       1091.6954356513895       1091.678713767971
29.385964912280635        1212.8874108943537       1157.3476819702475       1089.7916050077602       1089.4369466761154       1089.3711462898868       1089.3541824087142
29.8245614035087          1209.2181882125144       1154.2259964013297       1087.4966594698876       1087.113785542265        1087.046856928384        1087.0296510494572
30.263157894736768        1205.5489655306753       1151.1043108324118       1085.201713932015        1084.7906244084147       1084.7225675668813       1084.7051196902005
30.701754385964836        1201.9107498914914       1147.8975884856115       1082.8804291680617       1082.436594040689        1082.3673532592084       1082.349653343874
31.140350877192905        1198.2725342523072       1144.6908661388113       1080.559144404108        1080.0825636729633       1080.0121389515352       1079.9941869975476
31.578947368420977        1194.634318613123        1141.484143792011        1078.2378596401545       1077.7285333052375       1077.656924643862        1077.638720651221
32.01754385964905         1191.0176762908834       1138.2406720838153       1075.9086065608174       1075.3620766027295       1075.2892401356792       1075.2707761842294
32.456140350877114        1187.4010339686436       1134.9972003756193       1073.5793534814804       1072.9956199002215       1072.9215556274962       1072.9028317172374
32.89473684210518         1183.784391646404        1131.7537286674235       1071.2501004021433       1070.6291631977135       1070.5538711193133       1070.5348872502457
33.33333333333326         1180.194120699075        1128.5024901189631       1068.916555121398        1068.2519803434222       1068.1754067133181       1068.156153287682
33.771929824561326        1176.6038497517459       1125.2512515705027       1066.5830098406525       1065.8747974891307       1065.7969423073228       1065.7774193251182
34.210526315789394        1173.013578804417        1122.0000130220424       1064.249464559907        1063.4976146348395       1063.4184779013274       1063.3986853625545
34.649122807017456        1169.464339804008        1118.702668513157        1061.8938300100306       1061.0916828009138       1061.011194618918        1060.9911210282728
35.087719298245524        1165.9151008035988       1115.4053240042717       1059.5381954601542       1058.6857509669883       1058.6039113365082       1058.5835566939909
35.526315789473585        1162.3658618031898       1112.1079794953864       1057.1825609102777       1056.2798191330626       1056.1966280540987       1056.175992359709
35.96491228070167         1158.8752293244934       1108.8459702516923       1054.828365350371        1053.870219712689        1053.7856148737478       1053.7646886460745
36.40350877192974         1155.3845968457972       1105.5839610079981       1052.4741697904644       1051.4606202923153       1051.3746016933967       1051.35338493244
36.842105263157805        1151.8939643671008       1102.321951764304        1050.1199742305578       1049.0510208719415       1048.9635885130456       1048.9420812188055
37.28070175438588         1148.4617425735416       1099.1077258911737       1047.7753737118296       1046.6455708344824       1046.5566671688355       1046.534860612836
37.71929824561394         1145.0295207799822       1095.8935000180431       1045.4307731931012       1044.240120797023        1044.1497458246256       1044.1276400068662
38.15789473684202         1141.597298986423        1092.6792741449126       1043.086172674373        1041.8346707595638       1041.7428244804155       1041.7204194008966
38.596491228070086        1138.2545400189938       1089.532675494738        1040.7537139082922       1039.43321866759         1039.3398221068205       1039.317105919327
39.03508771929816         1134.9117810515647       1086.3860768445631       1038.4212551422113       1037.0317665756163       1036.9368197332253       1036.9137924377576
39.47368421052623         1131.5690220841354       1083.2394781943883       1036.0887963761304       1034.6303144836425       1034.5338173596301       1034.510478956188
39.912280701754305        1128.3296924665335       1080.17737116592         1033.791259278015        1032.253039547939        1032.1549076603574       1032.1312452725374
40.35087719298237         1125.0903628489316       1077.1152641374517       1031.4937221798996       1029.8757646122353       1029.7759979610846       1029.7520115888865
40.78947368421043         1121.8510332313297       1074.0531571089834       1029.1961850817843       1027.4984896765318       1027.3970882618119       1027.3727779052358
41.2280701754385          1118.6935598666587       1071.0570923975372       1026.9284274498366       1025.1429377863994       1025.0398420432718       1025.0151980913677
41.66666666666657         1115.5360865019877       1068.0610276860907       1024.6606698178887       1022.7873858962669       1022.6825958247317       1022.6576182774994
42.10526315789464         1112.3786131373167       1065.0649629746445       1022.3929121859409       1020.4318340061344       1020.3253496061917       1020.3000384636313
42.543859649122716        1109.3015635574277       1062.138769344628        1020.1640384592409       1018.1056134674669       1017.9973592763022       1017.9717027320474
42.982456140350784        1106.2245139775387       1059.2125757146114       1017.9351647325409       1015.7793929287992       1015.6693689464126       1015.6433670004635
43.42105263157885         1103.1474643976496       1056.2863820845948       1015.7062910058409       1013.4531723901315       1013.3413786165231       1013.3150312688796
43.85964912280692         1100.109889496397        1053.3918693077542       1013.5127661516711       1011.1474904672028       1011.0337661585135       1011.0070591747307
44.29824561403498         1097.0723145951442       1050.4973565309135       1011.3192412975013       1008.8418085442739       1008.7261537005037       1008.6990870805816
44.736842105263044        1094.0347396938914       1047.6028437540729       1009.1257164433316       1006.5361266213451       1006.418541242494        1006.3911149864326
45.17543859649112         1091.060954149667        1044.7655453437978       1006.9701146839316       1004.2556966119963       1004.1360264352147       1004.108229121729
45.61403508771919         1088.0871686054422       1041.9282469335226       1004.8145129245314       1001.9752666026473       1001.8535116279352       1001.8253432570252
46.05263157894726         1085.1133830612175       1039.0909485232476       1002.6589111651314       999.6948365932983        999.5709968206556        999.5424573923215
46.49122807017533         1082.1834276391685       1036.2974378652077       1000.5366710196133       997.4355003536867        997.3094427543841        997.2805213537871
46.92982456140341         1079.2534722171197       1033.5039272071676       998.414430874095         995.176164114075         995.0478886881125        995.0185853152526
47.368421052631476        1076.3235167950706       1030.7104165491278       996.2921907285769        992.9168278744635        992.786334621841         992.7566492767182
47.80701754385955         1073.4645162633528       1027.9868461720787       994.2150278248439        990.681773929862         990.5488923639026        990.518809427506
48.24561403508762         1070.605515731635        1025.2632757950296       992.1378649211107        988.4467199852603        988.3114501059641        988.2809695782935
48.68421052631568         1067.7465151999172       1022.5397054179804       990.0607020173775        986.2116660406588        986.0740078480256        986.0431297290811
49.12280701754376         1064.9568618586097       1019.8753917092796       988.0288944119754        984.0024965404114        983.8623146707878        983.8310245745611
49.56140350877182         1062.1672085173022       1017.2110780005787       985.9970868065732        981.7933270401637        981.6506214935497        981.6189194200409
49.99999999999989         1059.3775551759948       1014.5467642918778       983.965279201171         979.5841575399161        979.4389283163117        979.4068142655208
50.43859649122796         1056.6511486663264       1011.9421108120565       981.9749246198365        977.3993571384738        977.2514949077884        977.2189575330765
50.87719298245604         1053.924742156658        1009.3374573322351       979.9845700385019        975.2145567370313        975.0640614992649        975.0311008006322
51.315789473684106        1051.1983356469898       1006.7328038524137       977.9942154571673        973.029756335589         972.8766280907415        972.8432440681879
51.75438596491218         1048.5682591088412       1004.219988653639        976.076926457492         970.8898423600928        970.7338369911467        970.7000130296523
52.19298245614025         1045.9381825706926       1001.7071734548642       974.1596374578165        968.7499283845964        968.591045891552         968.5567819911165
52.63157894736832         1043.308106032544        999.1943582560896        972.2423484581411        966.6100144091           966.4482547919572        966.4135509525807
53.070175438596394        1040.7440714360228       996.7366461220314        970.3948161759928        964.5117432004159        964.34673241661          964.3115703097237
53.50877192982446         1038.1800368395016       994.2789339879731        968.5472838938442        962.4134719917317        962.2452100412628        962.2095896668666
53.94736842105254         1035.6160022429804       991.821221853915         966.6997516116957        960.3152007830477        960.1436876659156        960.1076090240094
54.385964912280606        1033.101417587257        989.4102299440021        964.9061166458384        958.2475470594447        958.0724567625194        958.0359065282988
54.82456140350868         1030.5868329315333       986.9992380340891        963.1124816799811        956.1798933358417        956.001225859123         955.9642040325881
55.26315789473675         1028.07224827581         984.5882461241761        961.3188467141239        954.1122396122387        953.9299949557267        953.8925015368774
55.70175438596482         1025.605532762679        982.2250071880661        959.5882819274809        952.0770107024078        951.8908566108585        951.8528759204881
56.140350877192894        1023.1388172495482       979.861768251956         957.857717140838         950.0417817925769        949.85171826599          949.8132503040989
56.57894736842096         1020.6721017364174       977.4985293158461        956.127152354195         948.006552882746         947.8125799211216        947.7736246877097
57.01754385964904         1018.2950413388609       975.2191353888516        954.4804912686365        946.0162015626405        945.8179117348147        945.7784477945723
57.45614035087711         1015.9179809413042       972.9397414618569        952.8338301830778        944.025850242535         943.8232435485078        943.7832709014349
57.89473684210518         1013.5409205437476       970.6603475348622        951.1871690975191        942.0354989224294        941.8285753622009        941.7880940082974
58.33333333333324         1011.2370142016802       968.445116172894         949.61772103995          940.0902538460005        939.8786493406517        939.8376410449612
58.77192982456131         1008.9331078596127       966.2298848109257        948.0482729823806        938.1450087695714        937.9287233191025        937.8871880816248
59.210526315789366        1006.6292015175453       964.0146534489575        946.4788249248113        936.1997636931424        935.9787972975532        935.9367351182885
59.64912280701744         1004.3861595596637       961.8567079785981        944.966098421371         934.2952841675738        934.0692660824926        934.0266605509928
60.08771929824551         1002.143117601782        959.6987625082387        943.4533719179307        932.3908046420049        932.1597348674319        932.116585983697
60.52631578947358         999.9000756439003        957.5408170378793        941.9406454144903        930.4863251164362        930.2502036523713        930.2065114164011
60.964912280701654        997.712976448289         955.4349188364365        940.3958717763559        928.6335146487196        928.3920262931546        928.3477677763038
61.40350877192971         995.5258772526777        953.3290206349935        938.8510981382213        926.7807041810029        926.5338489339376        926.4890241362064
61.84210526315778         993.3387780570663        951.2231224335507        937.3063245000868        924.9278937132862        924.6756715747207        924.630280496109
62.28070175438585         991.2360241288777        949.1980076645925        935.6881673961383        923.1319330333658        922.8740834920428        922.8281020820408
62.71929824561393         989.1332702006889        947.1728928956343        934.0700102921897        921.3359723534453        921.0724954093648        921.0259236679725
63.157894736841996        987.0305162725001        945.1477781266761        932.4518531882412        919.5400116735249        919.2709073266868        919.2237452539042
63.596491228070064        984.9864155851047        943.1765511507776        930.7928972145149        917.7801371208649        917.5048657087211        917.4570952873149
64.03508771929813         982.9423148977091        941.205324174879         929.1339412407885        916.0202625682048        915.7388240907552        915.6904453207254
64.47368421052622         980.8982142103137        939.2340971989804        927.4749852670623        914.2603880155447        913.9727824727894        913.923795354136
64.91228070175428         978.9072394118929        937.312874464947         925.7730979465584        912.5367534778424        912.2416333361214        912.192016444536
65.35087719298234         976.916264613472         935.3916517309133        924.0712106260545        910.8131189401399        910.5104841994532        910.4602375349357
65.7894736842104          974.9252898150511        933.4704289968797        922.3693233055506        909.0894844024375        908.7793350627851        908.7284586253354
66.22807017543848         972.9964116716166        931.6102682752154        920.6397387173058        907.4143020802005        907.0957776927248        907.0442441712773
66.66666666666654         971.0675335281818        929.750107553551         918.910154129061         905.7391197579634        905.4122203226644        905.3600297172192
67.1052631578946          969.138655384747         927.8899468318865        917.1805695408162        904.0639374357263        903.7286629526042        903.6758152631611
67.54385964912267         967.2666844851956        926.0866799932952        915.4657286484812        902.4315450690884        902.0873284528333        902.0337995797663
67.98245614035073         965.394713585644         924.2834131547037        913.750887756146         900.7991527024503        900.4459939530622        900.3917838963714
68.42105263157882         963.5227426860926        922.4801463161122        912.0360468638108        899.1667603358122        898.8046594532912        898.7497682129766
68.8596491228069          961.6914554662059        920.7170576296575        910.3356610659664        897.5685714165639        897.1968672368721        897.1412733321816
69.29824561403497         959.8601682463192        918.9539689432025        908.6352752681217        895.9703824973154        895.5890750204529        895.5327784513864
69.73684210526304         958.0288810264325        917.1908802567477        906.9348894702771        894.372193578067         893.9812828040338        893.9242835705913
70.17543859649112         956.2700923834234        915.4986223242656        905.2836893515664        892.8212311455553        892.4197817897643        892.3620507414819
70.61403508771917         954.5113037404142        913.8063643917834        903.6324892328555        891.2702687130434        890.8582807754948        890.7998179123723
71.05263157894723         952.752515097405         912.1141064593013        901.9812891141447        889.7193062805316        889.2967797612253        889.2375850832627
71.4912280701753          951.0375701946142        910.4609462255278        900.3414590780477        888.2126051121992        887.7785457165211        887.7185884289107
71.92982456140336         949.3226252918233        908.8077859917541        898.7016290419506        886.7059039438667        886.2603116718167        886.1995917745586
72.36842105263145         947.6076803890325        907.1546257579806        897.0617990058536        885.1992027755342        884.7420776271124        884.6805951202066
72.80701754385952         945.9333410157593        905.5410617756819        895.4459878876845        883.7255639038958        883.2559765219169        883.1937060525971
73.24561403508758         944.2590016424859        903.9274977933829        893.8301767695154        882.2519250322572        881.7698754167212        881.7068169849875
73.68421052631564         942.5846622692127        902.3139338110841        892.2143656513464        880.7782861606186        880.2837743115257        880.219927917378
74.12280701754374         940.9533245958547        900.7423127885095        890.6338828987889        879.3351468871864        878.8271964131054        878.7625359559602
74.56140350877179         939.3219869224966        899.1706917659346        889.0534001462313        877.8920076137541        877.370618514685         877.3051439945423
74.99999999999986         937.6906492491386        897.5990707433599        887.4729173936738        876.4488683403218        875.9140406162647        875.8477520331245
75.43859649122794         936.1169682315724        896.0829846389543        885.9431778222322        875.0467646785089        874.4969458899328        874.42980925814
75.877192982456           934.5432872140062        894.5668985345484        884.4134382507905        873.6446610166957        873.0798511636008        873.0118664831554
76.31578947368408         932.96960619644          893.0508124301426        882.8836986793488        872.2425573548827        871.6627564372687        871.5939237081707
76.75438596491216         931.4459575770213        891.5827401123572        881.3993908709095        870.8854868797065        870.2893494098993        870.2196315642145
77.19298245614021         929.9223089576025        890.1146677945716        879.9150830624703        869.5284164045302        868.9159423825297        868.8453394202583
77.63157894736828         928.3986603381837        888.646595476786         878.4307752540311        868.1713459293538        867.5425353551602        867.471047276302
78.07017543859637         926.9207932705121        887.2233287247277        876.9883774754085        866.852251403431         866.2059787192912        866.133575322867
78.50877192982442         925.4429262028403        885.8000619726691        875.5459796967858        865.533156877508         864.869422083422         864.796103369432
78.94736842105247         923.9650591351686        884.3767952206106        874.1035819181632        864.214062351585         863.5328654475529        863.4586314159969
79.38596491228056         922.5321556453729        882.9975493621344        872.7025298657551        862.9344776863205        862.2344877552492        862.1593076724138
79.82456140350862         921.0992521555769        881.618303503658         871.3014778133469        861.6548930210558        860.9361100629453        860.8599839288306
80.26315789473672         919.6663486657809        880.2390576451818        869.9004257609388        860.3753083557913        859.6377323706414        859.5606601852475
80.70175438596479         918.2801424029851        878.9055699657783        868.542678863765         859.1355800884893        858.3766559929519        858.298602573743
81.14035087719284         916.8939361401892        877.5720822863748        867.1849319665911        857.8958518211871        857.1155796152622        857.0365449622384
81.57894736842091         915.5077298773934        876.2385946069713        865.8271850694172        856.656123553885         855.8545032375725        855.7744873507339
82.017543859649           914.1574974440011        874.9403340221465        864.5049884712168        855.4558327034824        854.6300974156993        854.5490656280164
82.45614035087706         912.8072650106087        873.6420734373215        863.1827918730164        854.2555418530798        853.405691593826         853.3236439052987
82.89473684210512         911.4570325772164        872.3438128524965        861.8605952748161        853.0552510026771        852.1812857719526        852.098222182581
83.33333333333319         910.1428518049436        871.0804363602122        860.5749831769323        851.8877018619885        850.9874829858225        850.9033783762496
83.77192982456125         908.8286710326705        869.8170598679276        859.2893710790482        850.7201527212998        849.7936801996921        849.7085345699182
84.21052631578934         907.5144902603975        868.5536833756431        858.0037589811642        849.552603580611         848.5998774135617        848.5136907635869
84.64912280701742         906.2242145422836        867.3129212751488        856.7407605081015        848.4125525439018        847.4306859325479        847.3434233480152
85.08771929824549         904.9339388241696        866.0721591746543        855.4777620350387        847.2725015071926        846.261494451534         846.1731559324436
85.52631578947357         903.6436631060556        864.8313970741599        854.214763561976         846.1324504704834        845.0923029705201        845.002888516872
85.96491228070164         902.3909368058213        863.6265262059976        852.9877656587021        845.0284349068739        843.9557720292551        843.8650786771587
86.40350877192968         901.1382105055869        862.4216553378351        851.7607677554281        843.9244193432644        842.8192410879899        842.7272688374454
86.84210526315773         899.8854842053526        861.2167844696727        850.5337698521541        842.820403779655         841.6827101467247        841.5894589977322
87.2807017543858          898.6747404176756        860.0523689518308        849.3415600723004        841.7528740383353        840.579408636888         840.4848222254251
87.71929824561386         897.4639966299985        858.8879534339887        848.1493502924465        840.6853442970155        839.4761071270511        839.3801854531177
88.15789473684193         896.2532528423214        857.7235379161467        846.9571405125926        839.6178145556958        838.3728056172142        838.2755486808104
88.59649122807001         895.0780523754521        856.5935696924649        845.7997138624394        838.5830976953924        837.2986046048385        837.1999519552128
89.03508771929808         893.9028519085825        855.463601468783         844.642287212286         837.5483808350889        836.2244035924626        836.124355229615
89.47368421052616         892.7276514417131        854.3336332451012        843.4848605621327        836.5136639747855        835.1502025800868        835.0487585040174
89.91228070175426         891.5854185549099        853.2355706067615        842.3597691040334        835.5096199619978        834.102744411192         833.9998130227704
90.35087719298232         890.4431856681066        852.1375079684217        841.2346776459339        834.50557594921          833.055286242297         832.9508675415233
90.78947368421039         889.3009527813034        851.039445330082         840.1095861878345        833.5015319364221        832.007828073402         831.9019220602762
91.22807017543846         888.1942216390102        849.975484883252         839.0198305938939        832.5357474160224        830.9927680807739        830.8852368318853
91.6666666666665          887.0874904967168        848.9115244364217        837.930074999953         831.5699628956226        829.9777080881456        829.8685516034943
92.10526315789457         885.9807593544235        847.8475639895914        836.8403194060123        830.6041783752228        828.9626480955174        828.8518663751034
92.54385964912265         884.9174458061118        846.8251513083754        835.794191040294         829.6776267718406        827.9810803839206        827.8685145539913
92.98245614035073         883.8541322578           845.8027386271592        834.7480626745755        828.7510751684582        826.9995126723236        826.885162732879
93.42105263157882         882.7908187094881        844.7803259459431        833.7019343088571        827.8245235650759        826.0179449607266        825.9018109117668
93.85964912280689         881.7606974117567        843.7895303936643        832.6886132333295        826.9321191023023        825.0651420460479        824.9470129228707
94.29824561403493         880.7305761140253        842.7987348413855        831.6752921578018        826.0397146395285        824.112339131369         823.9922149339745
94.73684210526298         879.7004548162939        841.8079392891067        830.6619710822741        825.1473101767547        823.1595362166903        823.0374169450783
95.17543859649106         878.70079778729          840.8462573654069        829.6785509475095        824.2859852724822        822.2316612156669        822.1072449026157
95.61403508771913         877.7011407582859        839.884575441707         828.6951308127447        823.4246603682095        821.3037862146434        821.1770728601529
96.05263157894721         876.7014837292818        838.9228935180073        827.7117106779799        822.5633354639369        820.3759112136199        820.2469008176902
96.4912280701753          875.7220569883899        837.9803907395868        826.7489820037823        821.7333207361175        819.4711056170831        819.33958125513
96.92982456140336         874.7426302474978        837.0378879611661        825.7862533295845        820.9033060082979        818.5663000205462        818.4322616925698
97.36842105263142         873.7632035066058        836.0953851827454        824.8235246553867        820.0732912804784        817.6614944240094        817.5249421300097
97.80701754385952         872.8024658750523        835.1704837475264        823.8786381287293        819.2787127230691        816.780531144385         816.6413258086307
98.24561403508758         871.8417282434988        834.2455823123072        822.9337516020718        818.4841341656597        815.8995678647605        815.7577094872514
98.68421052631564         870.8809906119452        833.3206808770881        821.9888650754143        817.6895556082504        815.0186045851359        814.8740931658722
99.12280701754372         869.9605754335431        832.4342505274129        821.0823750555383        816.9281897228576        814.1625783097079        814.0152858598225
99.56140350877176         869.0401602551408        831.5478201777377        820.1758850356621        816.1668238374648        813.3065520342798        813.1564785537727
99.99999999999984         868.1197450767385        830.6613898280625        819.2693950157859        815.405457952072         812.4505257588517        812.2976712477229
100.43859649122791        867.2243055889011        829.7988426233032        818.387652929451         814.6545602599513        811.6130906024581        811.4572068802519
100.87719298245597        866.3288661010636        828.9362954185439        817.5059108431159        813.9036625678305        810.7756554460643        810.6167425127808
101.31578947368402        865.4334266132261        828.0737482137845        816.6241687567808        813.1527648757096        809.9382202896705        809.7762781453097
101.75438596491212        864.5675923448956        827.2398155437911        815.7711129332431        812.3981251864425        809.1262718647561        808.9611642363542
102.19298245614017        863.7017580765649        826.4058828737976        814.9180571097053        811.6434854971752        808.3143234398414        808.1460503273986
102.63157894736825        862.8359238082344        825.5719502038041        814.0650012861674        810.888845807908         807.5023750149268        807.3309364184431
103.07017543859632        861.9982863051349        824.7655320089723        813.2388754871016        810.13674375736          806.716478995602         806.5416702069958
103.50877192982438        861.1606488020353        823.9591138141403        812.4127496880355        809.384641706812         805.930582976277         805.7524039955484
103.94736842105246        860.3230112989357        823.1526956193084        811.5866238889696        808.6325396562639        805.1446869569522        804.963137784101
104.38596491228054        859.5105318880767        822.3703468599608        810.7844752913393        807.882788485999         804.3832452089343        804.1981737775675
104.8245614035086         858.6980524772176        821.5879981006133        809.9823266937088        807.133037315734         803.6218034609163        803.4332097710338
105.26315789473668        857.8855730663586        820.8056493412657        809.1801780960785        806.383286145469         802.8603617128983        802.6682457645002
105.70175438596475        857.0962236520012        820.0429501417145        808.3984748419884        805.6400204618847        802.1193922571741        801.9236006255663
106.14035087719282        856.3068742376437        819.2802509421633        807.6167715878983        804.8967547783002        801.3784228014498        801.1789554866323
106.57894736842087        855.5175248232863        818.5175517426121        806.8350683338082        804.1534890947157        800.6374533457256        800.4343103476983
107.01754385964895        854.7471599789734        817.772995310779         806.0723830947381        803.4190024682064        799.9175203175076        799.7104963171859
107.45614035087702        853.9767951346603        817.0284388789458        805.3096978556679        802.6845158416969        799.1975872892896        798.9866822866732
107.89473684210512        853.2064302903473        816.2838824471127        804.5470126165976        801.9500292151876        798.4776542610716        798.2628682561606
108.33333333333319        852.4584464774705        815.5613533140582        803.8069870417174        801.2301893914798        797.7812885506714        797.5623779284825
108.77192982456124        851.7104626645935        814.8388241810036        803.0669614668371        800.510349567772         797.084922840271         796.8618876008044
109.21052631578932        850.9624788517165        814.116295047949         802.326935891957         799.7905097440641        796.3885571298706        796.1613972731263
109.6491228070174         850.2426808361926        813.4212692745873        801.6145667146053        799.0886906903419        795.7160009608602        795.4844762309662
110.08771929824546        849.5228828206685        812.7262435012253        800.9021975372536        798.3868716366195        795.0434447918497        794.807555188806
110.52631578947354        848.8030848051446        812.0312177278635        800.189828359902         797.6850525828971        794.3708886228392        794.1306341466458
110.9649122807016         848.1051575382035        811.3574573002667        799.4987463062922        796.9996726021111        793.7176036516413        793.4727779021824
111.40350877192964        847.4072302712622        810.6836968726698        798.8076642526823        796.3142926213249        793.0643186804433        792.8149216577191
111.8421052631577         846.709303004321         810.009936445073         798.1165821990725        795.6289126405387        792.4110337092454        792.1570654132557
112.2807017543858         846.0345586641798        809.3586716984047        797.4482941314428        794.9647489483813        791.7778289213715        791.5190396203719
112.71929824561389        845.3598143240386        808.7074069517363        796.780006063813         794.3005852562237        791.1446241334974        790.8810138274881
113.15789473684195        844.6850699838973        808.056142205068         796.1117179961832        793.6364215640662        790.5114193456233        790.2429880346043
113.59649122807002        844.0247922113052        807.4189738557993        795.4586171364857        792.98628797119          789.8968226323487        789.6231157084418
114.0350877192981         843.3645144387132        806.7818055065304        794.8055162767881        792.3361543783137        789.2822259190741        789.0032433822792
114.47368421052616        842.7042366661211        806.1446371572615        794.1524154170907        791.6860207854376        788.6676292057996        788.3833710561166
114.91228070175423        842.0671697865674        805.5299489016359        793.521723012579         791.0574168532097        788.0735336358142        787.7834721523707
115.35087719298228        841.4301029070136        804.9152606460101        792.8910306080671        790.4288129209817        787.4794380658287        787.1835732486245
115.78947368421036        840.79303602746          804.3005723903843        792.2603382035554        789.8002089887538        786.8853424958434        786.5836743448783
116.22807017543843        840.1784636653621        803.7076392380472        791.6515527422167        789.1928695645971        786.308452692737         786.0006775506469
116.6666666666665         839.563891303264         803.11470608571          791.0427672808778        788.5855301404404        785.7315628896304        785.4176807564152
117.10526315789456        838.949318941166         802.5217729333729        790.4339818195389        787.9781907162836        785.1546730865238        784.8346839621836
117.54385964912265        838.3564392799113        801.9498094354997        789.8473167624247        787.3924076543096        784.5956708952529        784.2693341916605
117.98245614035069        837.7635596186566        801.3778459376264        789.2606517053105        786.8066245923355        784.0366687039818        783.7039844211373
118.42105263157876        837.1706799574018        800.8058824397531        788.6739866481962        786.2208415303614        783.4776665127108        783.1386346506141
118.85964912280684        836.6026120532682        800.2578862956572        788.1115392444805        785.6590956577636        782.9386995615081        782.5928190612161
119.29824561403491        836.0345441491346        799.7098901515611        787.5490918407645        785.0973497851655        782.3997326103053        782.0470034718179
119.736842105263          835.466476245001         799.1618940074652        786.9866444370487        784.5356039125676        781.8607656591024        781.5011878824197
120.17543859649106        834.919737642423         798.6345036929052        786.444804659286         783.9935685234595        781.3396662134861        780.9726286669706
120.61403508771912        834.372999039845         798.1071133783452        785.9029648815231        783.4515331343514        780.8185667678697        780.4440694515215
121.05263157894717        833.826260437267         797.5797230637852        785.3611251037603        782.9094977452432        780.2974673222534        779.9155102360725
121.49122807017527        833.2901365647825        797.062587577637         784.830642748336         782.3784114240962        779.7909362375352        779.4010805401505
121.92982456140334        832.7540126922979        796.5454520914888        784.3001603929115        781.847325102949         779.2844051528168        778.8866508442285
122.36842105263142        832.2178888198134        796.0283166053405        783.769678037487         781.3162387818019        778.7778740680985        778.3722211483065
122.80701754385949        831.6922929613075        795.521350686429         783.2503390221259        780.7959397514007        778.2848709184966        777.8709467826939
123.24561403508754        831.1666971028014        795.0143847675173        782.7310000067646        780.2756407209994        777.7918677688946        777.3696724170811
123.68421052631561        830.6411012442953        794.5074188486058        782.2116609914034        779.755341690598         777.2988646192925        776.8683980514685
124.12280701754366        830.1357490260577        794.0199676443168        781.7121629609151        779.2543242512838        776.8234240688774        776.3841566995311
124.56140350877173        829.63039680782          793.5325164400277        781.2126649304266        778.7533068119695        776.3479835184622        775.8999153475935
124.99999999999979        829.1250445895823        793.0450652357387        780.7131668999382        778.2522893726554        775.872542968047         775.4156739956559
125.43859649122788        828.6395692381301        792.576770193404         780.2326897715772        777.7705977397171        775.4146506511702        774.9483701571196
125.87719298245598        828.1540938866777        792.1084751510691        779.7522126432159        777.2889061067789        774.9567583342931        774.4810663185831
126.31578947368405        827.6686185352254        791.6401801087344        779.2717355148548        776.8072144738406        774.4988660174162        774.0137624800467
126.75438596491212        827.1973472845614        791.1855404540041        778.8051309140093        776.3394003225009        774.055101627405         773.5598406641535
127.19298245614019        826.7260760338972        790.7309007992737        778.3385263131636        775.871586171161         773.6113372373935        773.1059188482602
127.63157894736827        826.2548047832331        790.2762611445434        777.8719217123179        775.4037720198212        773.1675728473822        772.651997032367
128.07017543859632        825.7940350478042        789.8316812302553        777.4159738308509        774.946556373637         772.7371825824014        772.2103467488408
128.50877192982435        825.333265312375         789.3871013159671        776.9600259493839        774.4893407274526        772.3067923174203        771.7686964653146
128.94736842105243        824.872495576946         788.9425214016791        776.5040780679169        774.0321250812682        771.8764020524394        771.3270461817884
129.38596491228049        824.4247830747004        788.5104370045058        776.0613288694876        773.5880117066994        771.4611691300793        770.8990015308636
129.8245614035086         823.9770705724546        788.0783526073322        775.6185796710582        773.1438983321304        771.045936207719         770.4709568799387
130.26315789473665        823.5293580702089        787.6462682101588        775.175830472629         772.6997849575615        770.6307032853589        770.0429122290138
130.70175438596476        823.1020208417849        787.2337169775959        774.7531904906317        772.2756733154066        770.2305792639709        769.6284167248907
131.14035087719282        822.6746836133608        786.8211657450328        774.3305505086344        771.8515616732515        769.8304552425827        769.2139212207675
131.57894736842087        822.2473463849367        786.4086145124697        773.907910526637         771.4274500310963        769.4303312211947        768.7994257166442
132.01754385964898        821.8347641533006        786.0102338583882        773.4998357352351        771.0178829518013        769.0428016027597        768.3962212589063
132.45614035087704        821.4221819216646        785.6118532043065        773.0917609438332        770.6083158725062        768.6552719843245        767.9930168011681
132.8947368421051         821.0095996900285        785.2134725502249        772.6836861524312        770.198748793211         768.2677423658893        767.58981234343
133.33333333333317        820.6090508606499        784.8266451248342        772.2875015458658        769.8010858366849        767.8941346623283        767.1993405214062
133.7719298245612         820.2085020312711        784.4398176994432        771.8913169393003        769.4034228801587        767.5205269587672        766.8088686993823
134.21052631578925        819.8079532018924        784.0529902740523        771.4951323327349        769.0057599236325        767.1469192552062        766.4183968773584
134.64912280701736        819.4167942548287        783.6751854335098        771.1086040150677        768.6178068803496        766.7891513182333        766.041038186239
135.08771929824542        819.0256353077648        783.2973805929672        770.7220756974004        768.2298538370666        766.4313833812604        765.6636794951195
135.5263157894735         818.634476360701         782.9195757524246        770.3355473797333        767.8419007937837        766.0736154442875        765.286320804
135.96491228070155        818.2556175579758        782.553574510824         769.9613401542861        767.4662748757075        765.7293403625202        764.9196013756094
136.40350877192967        817.8767587552505        782.1875732692231        769.5871329288387        767.0906489576313        765.385065280753         764.5528819472188
136.84210526315775        817.4978999525252        781.8215720276223        769.2129257033914        766.715023039555         765.0407901989857        764.1861625188283
137.2807017543858         817.1288712286497        781.4650056210673        768.848592828991         766.3492689566999        764.7072175805222        763.8279526987666
137.71929824561386        816.7598425047739        781.1084392145123        768.4842599545904        765.9835148738447        764.3736449620585        763.4697428787049
138.1578947368419         816.3908137808983        780.7518728079572        768.1199270801898        765.6177607909895        764.0400723435949        763.1115330586432
138.59649122807           816.0323768329513        780.4054780763354        767.7663566218713        765.2628574304965        763.7209617345842        762.7651449258884
139.03508771929808        815.6739398850041        780.0590833447135        767.4127861635527        764.9079540700035        763.4018511255733        762.4187567931335
139.47368421052613        815.315502937057         779.7126886130916        767.0592157052341        764.5530507095106        763.0827405165626        762.0723686603786
139.9122807017542         814.9686070710175        779.3773997644179        766.7170956058327        764.2097004767895        762.7733183920608        761.7397520156787
140.3508771929823         814.6217112049777        779.042110915744         766.3749755064312        763.8663502440684        762.4638962675589        761.4071353709787
140.78947368421035        814.2748153389381        778.7068220670702        766.0328554070296        763.5230000113473        762.154474143057         761.0745187262788
141.22807017543843        813.9376185964232        778.3808581357773        765.6997277753156        763.1884757957066        761.848462358723         760.7515062043228
141.6666666666665         813.6004218539082        778.0548942044842        765.3666001436015        762.8539515800658        761.5424505743891        760.4284936823668
142.10526315789457        813.2632251113932        777.728930273191         765.0334725118876        762.5194273644249        761.2364387900552        760.1054811604108
142.54385964912265        812.9367881130997        777.4133311670819        764.7103897624484        762.1947626665154        760.9359183483994        759.7932885048749
142.98245614035068        812.610351114806         777.0977320609726        764.387307013009         761.8700979686058        760.6353979067435        759.4810958493389
143.42105263157873        812.2839141165124        776.7821329548634        764.0642242635697        761.5454332706963        760.3348774650876        759.168903193803
143.8596491228068         811.9710896001621        776.4796803257342        763.7545184076852        761.2343293526319        760.0398546833128        758.8691015983682
144.29824561403487        811.6582650838118        776.1772276966049        763.4448125518006        760.9232254345675        759.7448319015379        758.5693000029331
144.73684210526295        811.3454405674614        775.8747750674756        763.1351066959161        760.6121215165031        759.4498091197629        758.2694984074982
145.17543859649106        811.0438921122761        775.583200003542         762.8366551048221        760.3123990706297        759.1613412571631        757.9799095025335
145.61403508771915        810.7423436570908        775.2916249396081        762.5382035137279        760.0126766247562        758.8728733945633        757.6903205975686
146.05263157894723        810.4407952019055        775.0000498756743        762.2397519226338        759.7129541788827        758.5844055319634        757.4007316926039
146.49122807017534        810.1486673178948        774.7175598180066        761.9504211009053        759.4224702445973        758.3029289872408        757.1193051533638
146.9298245614034         809.8565394338841        774.4350697603388        761.6610902791766        759.1319863103118        758.0214524425179        756.8378786141237
147.36842105263145        809.5644115498734        774.152579702671         761.3717594574481        758.8415023760264        757.7399758977951        756.5564520748836
147.80701754385953        809.2836709333155        773.8811014328073        761.0932194814982        758.5620622927115        757.4681456976655        756.2854137366365
148.24561403508756        809.0029303167576        773.6096231629434        760.8146795055482        758.2826222093965        757.1963154975356        756.0143753983893
148.6842105263156         808.7221897001996        773.3381448930796        760.5361395295982        758.0031821260816        756.9244852974058        755.7433370601422
149.1228070175437         808.4526560912643        773.0775045364483        760.2684417119004        757.7347556850976        756.6623960910077        755.482309484607
149.56140350877175        808.1831224823289        772.8168641798168        760.0007438942025        757.4663292441137        756.4003068846096        755.2212819090716
149.99999999999983        807.9135888733937        772.5562238231854        759.7330460765046        757.1979028031298        756.1382176782114        754.9602543335363
150.4385964912279         807.6526102699612        772.3038637187507        759.4739428630751        756.937699144617         755.8838120064747        754.7064653801252
150.87719298245594        807.3916316665286        772.051503614316         759.2148396496456        756.6774954861041        755.6294063347381        754.452676426714
151.31578947368402        807.1306530630961        771.7991435098812        758.9557364362161        756.4172918275913        755.3750006630014        754.1988874733029
151.7543859649121         806.8793848045232        771.5561961407674        758.7064182013312        756.1662838814871        755.1293437373806        753.9542472129552
152.1929824561402         806.62811654595          771.3132487716535        758.4570999664462        755.9152759353827        754.8836868117597        753.7096069526075
152.6315789473683         806.3768482873768        771.0703014025397        758.2077817315612        755.6642679892785        754.638029886139         753.4649666922597
153.07017543859635        806.1357532689889        770.8372316064839        757.9687401129776        755.4238779882969        754.4026916947772        753.2308510626364
153.50877192982443        805.8946582506007        770.604161810428         757.7296984943938        755.1834879873152        754.1673535034153        752.996735433013
153.9473684210525         805.6535632322127        770.3710920143722        757.4906568758101        754.9430979863334        753.9320153120534        752.7626198033896
154.38596491228057        805.417337996321         770.1427653483984        757.2566532080259        754.7078874555341        753.7018098208433        752.5362918454371
154.82456140350862        805.1811127604291        769.9144386824245        757.0226495402417        754.4726769247347        753.4716043296331        752.3099638874845
155.26315789473665        804.9448875245372        769.6861120164506        756.7886458724574        754.2374663939354        753.2413988384229        752.083635929532
155.70175438596476        804.717753822235         769.466606018899         756.5636992501605        754.0114022276222        753.0203507992218        751.8663033219002
156.14035087719282        804.4906201199326        769.2471000213474        756.3387526278636        753.7853380613088        752.7993027600206        751.6489707142683
156.5789473684209         804.2634864176302        769.0275940237957        756.1138060055667        753.5592738949956        752.5782547208195        751.4316381066365
157.01754385964898        804.0491652982463        768.8205402689588        755.9015903218631        753.346015008373         752.3649925703805        751.2230580153738
157.456140350877          803.8348441788623        768.6134865141217        755.6893746381594        753.1327561217503        752.1517304199415        751.014477924111
157.8947368421051         803.6205230594784        768.4064327592847        755.4771589544557        752.9194972351277        751.9384682695024        750.8058978328482
158.33333333333317        803.4168203463231        768.2096883441999        755.2754738556322        752.7168026485656        751.7359084724282        750.6053522626804
158.7719298245612         803.2131176331678        768.0129439291148        755.0737887568085        752.5141080620033        751.5333486753537        750.4048066925124
159.21052631578928        803.0094149200125        767.8161995140298        754.8721036579849        752.3114134754411        751.3307888782795        750.2042611223444
159.64912280701736        802.813928463767         767.6274467983274        754.6785894683619        752.1169018568515        751.1365824366682        750.0098287195324
160.08771929824545        802.6184420075213        767.4386940826248        754.4850752787387        751.9223902382618        750.9423759950569        749.8153963167201
160.52631578947353        802.4229555512755        767.2499413669223        754.2915610891156        751.7278786196721        750.7481695534456        749.620963913908
160.9649122807016         802.2391340778598        767.072558004505         754.1096504021936        751.5449705773244        750.5656695553364        749.4357773503004
161.4035087719297         802.055312604444         766.8951746420877        753.9277397152714        751.3620625349766        750.3831695572272        749.2505907866928
161.84210526315778        801.8714911310283        766.7177912796705        753.7458290283494        751.179154492629         750.2006695591181        749.0654042230851
162.28070175438586        801.6916337189723        766.5443615510852        753.5681951202058        751.0005096759381        750.0224856108773        748.8881046810243
162.7192982456139         801.5117763069163        766.3709318224998        753.3905612120622        750.8218648592472        749.8443016626366        748.7108051389635
163.15789473684194        801.3319188948603        766.1975020939144        753.2129273039186        750.6432200425562        749.6661177143958        748.5335055969026
163.59649122807002        801.1553135851088        766.0272836264966        753.038744743733         750.4679701842311        749.4913358270089        748.362455398193
164.03508771929808        800.9787082753572        765.8570651590785        752.8645621835474        750.2927203259059        749.316553939622         748.1914051994833
164.47368421052616        800.8021029656056        765.6868466916605        752.6903796233618        750.1174704675807        749.1417720522352        748.0203550007736
164.91228070175424        800.6315127654905        765.5223104296988        752.5221022595624        749.9480919349711        748.972781014659         747.856367192857
165.3508771929823         800.4609225653752        765.3577741677369        752.353824895763         749.7787134023613        748.8037899770826        747.6923793849402
165.78947368421038        800.29033236526          765.193237905775         752.1855475319636        749.6093348697516        748.6347989395063        747.5283915770234
166.22807017543846        800.1281473093821        765.0362960024763        752.0251284777145        749.4478214510813        748.4735853041861        747.3733942258932
166.6666666666665         799.9659622535042        764.8793540991775        751.8647094234651        749.2863080324108        748.312371668866         747.2183968747629
167.10526315789457        799.8037771976263        764.7224121958787        751.7042903692159        749.1247946137404        748.1511580335459        747.0633995236327
167.54385964912265        799.6497265076625        764.5726659587085        751.5512677663252        748.9707165039434        747.9973429887546        746.9157197240366
167.98245614035076        799.4956758176987        764.422919721538         751.3982451634344        748.8166383941464        747.8435279439631        746.7680399244405
168.42105263157887        799.3416251277349        764.2731734843677        751.2452225605437        748.6625602843493        747.6897128991716        746.6203601248443
168.85964912280693        799.1954628589525        764.1308982435179        751.0998048831871        748.5161224683729        747.543551304415         746.4791272721704
169.29824561403495        799.0493005901701        763.988623002668         750.9543872058305        748.3696846523966        747.3973897096583        746.3378944194965
169.73684210526298        798.9031383213877        763.846347761818         750.8089695284739        748.2232468364202        747.2512281149017        746.1966615668225
170.1754385964911         798.7604819435389        763.7074965952015        750.6672126121372        748.0805342584233        747.108818247701         746.0627141938065
170.61403508771915        798.61782556569          763.568645428585         750.5254556958005        747.9378216804263        746.9664083805004        745.9287668207904
171.0526315789472         798.4751691878412        763.4297942619685        750.3836987794638        747.7951091024293        746.8239985132998        745.7948194477743
171.4912280701753         798.335117533661         763.2935924886126        750.2448018876491        747.6553271367279        746.6845428237764        745.6680373816162
171.92982456140334        798.1950658794806        763.1573907152566        750.1059049958344        747.5155451710265        746.5450871342529        745.5412553154578
172.36842105263142        798.0550142253003        763.0211889419007        749.9670081040198        747.375763205325         746.4056314447295        745.4144732492995
172.80701754385953        797.9232664115842        762.8930829529378        749.8362925563914        747.2441990960459        746.2743949359877        745.2948243990846
173.24561403508758        797.7915185978679        762.7649769639747        749.705577008763         747.1126349867668        746.1431584272458        745.1751755488697
173.68421052631567        797.6597707841518        762.6368709750118        749.5748614611347        746.9810708774877        746.011921918504         745.0555266986547
174.12280701754375        797.5361806988496        762.5167177138904        749.4521830588059        746.857580643816         745.8887373107495        744.9428487491441
174.56140350877183        797.4125906135474        762.3965644527691        749.329504656477         746.7340904101444        745.765552702995         744.8301707996334
174.99999999999994        797.2890005282452        762.2764111916478        749.206826254148         746.6106001764728        745.6423680952406        744.7174928501227
175.43859649122797        797.1685948432129        762.1594314413356        749.0875236982206        746.4905498516663        745.5225787922907        744.6125590768485
175.87719298245602        797.0481891581803        762.0424516910234        748.968221142293         746.3704995268598        745.4027894893406        744.5076253035743
176.31578947368405        796.9277834731479        761.9254719407112        748.8489185863655        746.2504492020533        745.2830001863907        744.4026915303001
176.75438596491213        796.8152876374264        761.8162000491536        748.7374575010301        746.1382888571605        745.1710548875589        744.304951253564
177.19298245614024        796.7027918017047        761.7069281575959        748.6259964156947        746.0261285122676        745.059109588727         744.2072109768278
177.6315789473683         796.5902959659832        761.5976562660384        748.5145353303592        745.9139681673748        744.9471642898951        744.1094707000917
178.07017543859638        796.4841588121831        761.4945707294527        748.4093685840486        745.8081400873098        744.8415385729597        744.0182405004265
178.50877192982446        796.3780216583827        761.3914851928669        748.304201837738         745.7023120072446        744.7359128560244        743.9270103007611
178.94736842105252        796.2718845045824        761.2883996562811        748.1990350914274        745.5964839271794        744.630287139089         743.8357801010958
179.3859649122806         796.1718732897347        761.1912789043585        748.0999857309706        745.4968198985466        744.5308187965962        743.7522440761687
179.82456140350865        796.0718620748868        761.0941581524357        748.0009363705137        745.3971558699137        744.4313504541035        743.6687080512415
180.26315789473674        795.9718508600389        760.997037400513         747.901887010057         745.2974918412808        744.3318821116108        743.5851720263144
180.70175438596482        795.8798829871745        760.9077373646435        747.8108318861703        745.2058722751648        744.2404517728423        743.5102025605038
181.14035087719287        795.78791511431          760.8184373287739        747.7197767622833        745.1142527090487        744.1490214340739        743.4352330946931
181.57894736842096        795.6959472414454        760.7291372929044        747.6287216383965        745.0226331429327        744.0575910953055        743.3602636288825
182.017543859649          795.6126840113446        760.6482869448986        747.5462560584516        744.9396431022863        743.9747826213817        743.2892049663126
182.4561403508771         795.5294207812437        760.5674365968927        747.4637904785064        744.8566530616398        743.8919741474579        743.2181463037426
182.89473684210517        795.446157551143         760.4865862488867        747.3813248985614        744.7736630209934        743.809165673534         743.1470876411727
183.33333333333326        795.3704309487251        760.4130477371366        747.3062813248865        744.6981266224902        743.7338029195986        743.0789404879326
183.77192982456134        795.2947043463071        760.3395092253863        747.2312377512116        744.622590223987         743.658440165663         743.0107933346926
184.2105263157894         795.218977743889         760.2659707136362        747.1561941775366        744.5470538254838        743.5830774117276        742.9426461814526
184.64912280701748        795.1470302411897        760.1961293838966        747.0850351845248        744.4754519890989        743.5116433529189        742.8761120662185
185.08771929824556        795.0750827384902        760.1262880541569        747.013876191513         744.403850152714         743.4402092941101        742.8095779509845
185.5263157894736         795.0031352357908        760.0564467244174        746.9427171985012        744.3322483163291        743.3687752353014        742.7430438357504
185.9649122807017         794.9343811081031        759.9897463736427        746.8748983513791        744.2640434369845        743.3007309158301        742.6792807523847
186.40350877192975        794.8656269804153        759.9230460228679        746.8070795042569        744.1958385576397        743.2326865963586        742.6155176690188
186.8421052631578         794.7968728527276        759.8563456720932        746.7392606571347        744.127633678295         743.1646422768871        742.551754585653
187.2807017543859         794.736745276259         759.798011216305         746.6798870691492        744.0679098713872        743.1050651663663        742.4962117888257
187.71929824561394        794.6766176997901        759.7396767605167        746.6205134811637        744.0081860644792        743.0454880558453        742.4406689919983
188.15789473684202        794.6164901233213        759.6813423047284        746.5611398931782        743.9484622575714        742.9859109453245        742.385126195171
188.59649122807014        794.562118632698         759.6285987880433        746.5074191194456        743.8944235739799        742.9320079095367        742.3349316579371
189.03508771929816        794.5077471420745        759.575855271358         746.4536983457128        743.8403848903882        742.8781048737487        742.2847371207032
189.47368421052627        794.4533756514511        759.5231117546728        746.3999775719801        743.7863462067967        742.8242018379608        742.2345425834693
189.91228070175433        794.40592673103          759.4770911338593        746.3530480874921        743.7391364368268        742.7771135776927        742.1906091053586
190.35087719298238        794.3584778106089        759.4310705130458        746.3061186030039        743.6919266668567        742.7300253174246        742.1466756272478
190.7894736842105         794.3110288901877        759.3850498922324        746.2591891185159        743.6447168968867        742.6829370571566        742.1027421491369
191.22807017543855        794.2715532207387        759.3467728858255        746.2201001497011        743.6053899505766        742.643714843725         742.0661611294653
191.6666666666666         794.2320775512895        759.3084958794186        746.1810111808862        743.5660630042664        742.6044926302933        742.0295801097935
192.10526315789468        794.1926018818405        759.2702188730117        746.1419222120713        743.5267360579563        742.5652704168617        741.9929990901219
192.5438596491228         794.1599081040392        759.2385179806041        746.1095029033589        743.4941121932794        742.5327362873956        741.96279974398
192.98245614035088        794.1272143262379        759.2068170881964        746.0770835946464        743.4614883286025        742.5002021579292        741.932600397838
193.42105263157893        794.0945205484365        759.1751161957889        746.044664285934         743.4288644639256        742.4676680284629        741.9024010516961
193.859649122807          794.0684299258902        759.1498132066782        746.0187357541546        743.4027604826588        742.4416390642548        741.8783942626956
194.29824561403504        794.0423393033436        759.1245102175675        745.9928072223752        743.3766565013918        742.4156101000466        741.8543874736948
194.73684210526312        794.0162486807972        759.0992072284567        745.9668786905958        743.3505525201249        742.3895811358384        741.8303806846942
195.1754385964912         793.999795919429         759.083238082829         745.9504065493387        743.3339418142456        742.3730243617289        741.8154673843695
195.61403508771923        793.9833431580605        759.0672689372011        745.9339344080817        743.3173311083661        742.3564675876192        741.8005540840447
196.05263157894734        793.9668903966922        759.0512997915733        745.9174622668246        743.3007204024867        742.3399108135096        741.7856407837199
196.49122807017542        793.9528785557836        759.0377196578777        745.9035706587325        743.286739187505         742.3259704249381        741.772916622697
196.92982456140345        793.938866714875         759.0241395241819        745.8896790506403        743.2727579725232        742.3120300363665        741.760192461674
197.36842105263156        793.9248548739663        759.0105593904863        745.8757874425481        743.2587767575415        742.298089647795         741.747468300651
197.80701754385964        793.9128264832434        758.9989160294998        745.8639719227074        743.2469081095937        742.2862513406006        741.7364807851139
198.24561403508773        793.9007980925204        758.9872726685132        745.8521564028664        743.2350394616459        742.2744130334062        741.7254932695768
198.6842105263158         793.8887697017975        758.9756293075267        745.8403408830255        743.2231708136981        742.2625747262117        741.7145057540397
199.12280701754386        793.884578931437         758.9715718379656        745.8362282307899        743.2190408783124        742.2584552473967        741.7106792477839
199.56140350877195        793.8803881610762        758.9675143684044        745.8321155785541        743.2149109429267        742.2543357685815        741.706852741528
200                       793.8761973907154        758.9634568988433        745.8280029263184        743.2107810075411        742.2502162897665        741.7030262352722
