% Model:              Cav_Hex_Unif_flux_v5.1 - Base Case (v01).mph
% Version:            COMSOL 5.5.0.359
% Date:               Mar 19 2022, 13:50
% Dimension:          1
% Nodes:              1285
% Expressions:        1
% Description:        Line graph
% x                       Height
0                         317.4427542806947
1.9246843256086863        317.68008377315016
3.8493686512173726        317.91741326560566
5.774052976826059         318.1547427580611
7.698737302434745         318.39207225051655
9.623421628043433         318.4032324042046
11.54810595365212         318.4143925578926
13.472790279260808        318.4255527115807
15.397474604869494        318.4367128652687
17.3205706695317          318.325478393471
19.243666734193905        318.2142439216732
21.166762798856116        318.10300944987546
23.08985886351832         317.99177497807773
25.010550458133114        317.8216795639772
26.93124205274791         317.6515841498767
28.851933647362703        317.4814887357762
30.772625241977494        317.3113933216757
32.69331683659229         317.2075117500566
34.61400843120708         317.1036301784374
36.53470002582188         316.99974860681823
38.45539162043667         316.8958670351991
40.37570979503599         316.8041774508909
42.296027969635304        316.7124878665827
44.21634614423462         316.6207982822745
46.13666431883394         316.5291086979663
48.057839850723106        316.48985183500355
49.979015382612275        316.4505949720408
51.900190914501444        316.4113381090781
53.82136644639061         316.37208124611533
55.74362232526239         316.3561908478871
57.665878204134174        316.3403004496589
59.58813408300595         316.32441005143073
61.510389961877735        316.30851965320255
63.43264584074951         316.31340163854793
65.35490171962128         316.3182836238933
67.27715759849306         316.3231656092387
69.19941347736484         316.32804759458406
71.12275327454866         316.36241535275536
73.04609307173249         316.39678311092666
74.9694328689163          316.43115086909796
76.89277266610011         316.46551862726926
78.81452554187119         316.507290030813
80.73627841764228         316.5490614343568
82.65803129341337         316.5908328379006
84.57978416918445         316.63260424144437
86.50153704495554         316.67420878826425
88.42328992072663         316.71581333508414
90.34504279649772         316.7574178819041
92.26679567226883         316.79902242872396
94.18615173408296         316.835296743752
96.10550779589711         316.87157105878
98.02486385771122         316.90784537380796
99.94421991952537         316.94411968883594
101.86353459875686        317.0226063552418
103.78284927798833        317.10109302164767
105.70216395721982        317.1795796880536
107.6214786364513         317.25806635445946
109.54075526890918        317.3114852565522
111.46003190136705        317.364904158645
113.37930853382494        317.41832306073775
115.29858516628282        317.4717419628305
117.21782669750216        317.60406906166645
119.13706822872153        317.7363961605024
121.05630975994089        317.86872325933837
122.97555129116024        318.0010503581743
124.89476082742529        318.114752805785
126.81397036369036        318.2284552533956
128.7331798999554         318.3421577010063
130.65238943622046        318.4558601486169
132.571823833667          318.5564447289498
134.49125823111356        318.6570293092828
136.41069262856013        318.75761388961575
138.33012702600666        318.85819846994866
140.24956142345323        319.0406359896741
142.16899582089982        319.22307350939957
144.08843021834636        319.40551102912497
146.00786461579293        319.5879485488504
147.92837381791696        319.7471396942253
149.84888302004097        319.9063308396002
151.769392222165          320.0655219849751
153.68990142428905        320.22471313035
155.61041062641303        320.32708315594834
157.53091982853707        320.4294531815467
159.4514290306611         320.531823207145
161.37193823278508        320.63419323274337
163.29326874238143        320.8025281789437
165.21459925197775        320.9708631251441
167.135929761574          321.1391980713445
169.05726027117035        321.30753301754487
170.98078885870362        321.4867175831671
172.90431744623692        321.66590214878937
174.82784603377021        321.84508671441165
176.75137462130348        322.0242712800339
178.678035116536          322.1759738752247
180.6046956117685         322.3276764704155
182.53135610700102        322.4793790656063
184.45801660223353        322.6310816607971
186.3838369715894         322.83767503495665
188.3096573409453         323.0442684091161
190.2354777103012         323.2508617832756
192.16129807965712        323.4574551574351
194.08148706063193        323.63447710967915
196.00167604160674        323.8114990619232
197.92186502258156        323.98852101416725
199.84205400355637        324.1655429664113
201.76224298453116        324.32669279051584
203.6824319655059         324.4878426146204
205.6026209464807         324.648992438725
207.52280992745548        324.8101422628295
209.44463620802156        324.9474645926192
211.36646248858764        325.0847869224089
213.28828876915372        325.2221092521986
215.21011504971986        325.3594315819883
217.1322227042848         325.5190543343388
219.0543303588498         325.67867708668933
220.97643801341476        325.83829983903985
222.89854566797973        325.99792259139036
224.8209460713076         326.1496091233106
226.74334647463547        326.3012956552308
228.6657468779634         326.45298218715095
230.58814728129124        326.6046687190712
232.51089718151434        326.872108143916
234.4336470817374         327.1395475687609
236.35639698196047        327.40698699360576
238.27914688218357        327.6744264184506
240.20189678240666        327.91555454685226
242.1246466826298         328.1566826752539
244.04739658285288        328.3978108036555
245.97014648307598        328.63893893205716
247.89420520480115        328.820975686221
249.8182639265263         329.0030124403849
251.74232264825147        329.1850491945488
253.66638136997665        329.36708594871266
255.58949300470906        329.50638288806687
257.51260463944146        329.6456798274211
259.43571627417384        329.7849767667753
261.3588279089062         329.9242737061295
263.28143119827996        330.2128244156344
265.2040344876537         330.50137512513925
267.1266377770274         330.7899258346441
269.0492410664011         331.078476544149
270.9718443557748         331.2972531211249
272.89444764514855        331.51602969810085
274.81705093452223        331.7348062750768
276.73965422389597        331.9535828520527
278.66208725470517        332.23648427213374
280.5845202855143         332.51938569221477
282.5069533163235         332.80228711229586
284.4293863471327         333.0851885323769
286.35563075714634        333.35030699861534
288.28187516715997        333.6154254648538
290.2081195771736         333.88054393109223
292.13436398718716        334.1456623973307
294.06104948720696        334.44889048410937
295.98773498722676        334.752118570888
297.9144204872466         335.05534665766663
299.84110598726636        335.3585747444453
301.7677914872862         335.64354846417257
303.694476987306          335.9285221838998
305.6211624873258         336.21349590362706
307.5478479873456         336.4984696233543
309.47305578420816        336.7256278610938
311.3982635810707         336.95278609883337
313.32347137793323        337.1799443365729
315.2486791747957         337.4071025743124
317.17182414237703        337.61674861251464
319.09496910995836        337.8263946507169
321.0181140775398         338.0360406889191
322.9412590451211         338.2456867271214
324.8644040127025         338.42789681326605
326.7875489802838         338.61010689941077
328.7106939478652         338.79231698555543
330.6338389154466         338.9745270717001
332.5593621346815         339.17363403540946
334.48488535391647        339.37274099911883
336.4104085731514         339.5718479628282
338.33593179238636        339.77095492653757
340.26145501162136        339.96663664687105
342.18697823085637        340.16231836720453
344.1125014500914         340.35800008753796
346.0380246693264         340.55368180787144
347.9648823971274         340.7262747815711
349.8917401249284         340.89886775527077
351.8185978527294         341.07146072897046
353.7454555805304         341.24405370267016
355.67231330833135        341.45372526623026
357.59917103613236        341.6633968297904
359.5260287639334         341.8730683933505
361.45288649173443        342.0827399569106
363.38098427789964        342.3571224394985
365.3090820640649         342.63150492208644
367.2371798502302         342.90588740467433
369.16527763639544        343.1802698872623
371.0929789949705         343.3901007387502
373.02068035354563        343.5999315902381
374.94838171212064        343.809762441726
376.87608307069576        344.0195932932139
378.80378442927076        344.25279989004684
380.7314857878458         344.4860064868798
382.6591871464209         344.71921308371265
384.5868885049959         344.9524196805456
386.5135274418714         345.1337628320264
388.4401663787469         345.3151059835072
390.3668053156224         345.496449134988
392.2934442524979         345.6777922864688
394.2200831893734         345.83676991257266
396.14672212624896        345.9957475386765
398.07336106312454        346.1547251647803
400                       346.3137027908842
0                         318.0633067191167
1.7529471558615355        318.12225300007583
3.505894311723071         318.181199281035
5.258841467584607         318.24014556199415
7.011788623446142         318.2990918429533
8.764735779307676         318.28842434835167
10.517682935169214        318.2777568537501
12.270630091030748        318.2670893591485
14.023577246892284        318.25642186454684
15.882437362906572        318.0049082657213
17.741297478920856        317.7533946668958
19.600157594935148        317.50188106807025
21.459017710949436        317.25036746924474
23.31787782696372         316.9804093195454
25.176737942978008        316.710451169846
27.0355980589923          316.4404930201467
28.894458175006584        316.17053487044734
30.754301020930402        316.1288314558668
32.614143866854214        316.08712804128623
34.47398671277802         316.04542462670565
36.33382955870184         316.00372121212513
38.19367240462565         316.1788973398245
40.05351525054947         316.3540734675239
41.91335809647329         316.52924959522335
43.7732009423971          316.70442572292274
45.63304378832091         317.1101927706127
47.49288663424473         317.51595981830263
49.35272948016854         317.9217268659926
51.212572326092356        318.32749391368253
53.07241517201618         319.01800106354443
54.93225801793999         319.70850821340633
56.79210086386381         320.39901536326823
58.65194370978763         321.08952251313013
60.511786555711446        321.6970640178661
62.37162940163526         322.3046055226021
64.23147224755907         322.9121470273381
66.09131509348289         323.5196885320741
67.9511579394067          324.3107818340984
69.81100078533053         325.1018751361227
71.67084363125436         325.892968438147
73.53068647717816         326.68406174017133
75.39052932310199         327.5209929545239
77.25037216902581         328.3579241688764
79.1102150149496          329.19485538322897
80.97005786087342         330.0317865975815
82.82990070679725         331.0127896945729
84.68974355272105         331.99379279156426
86.54958639864488         332.97479588855566
88.4094292445687          333.95579898554706
90.2692720904925          334.9111953162297
92.12911493641631         335.8665916469123
93.98895778234012         336.82198797759486
95.84880062826394         337.7773843082775
97.70864347418775         338.83505750281074
99.56848632011156         339.89273069734406
101.4283291660354         340.95040389187733
103.28817201195919        342.0080770864106
105.148014857883          343.0042884357229
107.0078577038068         344.00049978503523
108.8677005497306         344.9967111343476
110.72754339565441        345.9929224836599
112.58738624157824        347.0822481814106
114.44722908750207        348.1715738791613
116.3070719334259         349.260899576912
118.16691477934974        350.35022527466265
120.02675762527356        351.21481832531447
121.88660047119737        352.0794113759662
123.74644331712118        352.944004426618
125.606286163045          353.80859747726976
127.4661290089688         354.7907522202486
129.32597185489263        355.7729069632274
131.18581470081645        356.7550617062062
133.04565754674024        357.73721644918504
134.90550039266407        359.0041593119094
136.7653432385879         360.2711021746338
138.62518608451168        361.5380450373582
140.4850289304355         362.80498790008255
142.34487177635933        364.10041458097817
144.20471462228312        365.3958412618738
146.06455746820697        366.6912679427694
147.92440031413076        367.986694623665
149.78424316005456        369.06575469450456
151.6440860059784         370.1448147653441
153.5039288519022         371.22387483618365
155.363771697826          372.3029349070232
157.22361454374982        373.7279998880582
159.0834573896736         375.15306486909327
160.94330023559743        376.57812985012833
162.80314308152126        378.00319483116334
164.66298592744505        379.1569562181214
166.52282877336884        380.31071760507956
168.38267161929267        381.4644789920377
170.24251446521646        382.6182403789958
172.10235731114028        383.8639684143372
173.9622001570641         385.1096964496786
175.8220430029879         386.35542448502
177.68188584891172        387.60115252036144
179.54172869483554        389.22562409748997
181.40157154075936        390.8500956746185
183.26141438668316        392.47456725174703
185.12125723260698        394.09903882887556
186.9811000785308         396.064019599339
188.84094292445462        398.0290003698025
190.70078577037845        399.9939811402659
192.56062861630227        401.95896191072933
194.42047146222606        403.0280257348202
196.28031430814988        404.09708955891097
198.14015715407368        405.1661533830018
199.9999999999975         406.23521720709266
201.8598428459213         407.2933061470561
203.71968569184511        408.3513950870197
205.57952853776894        409.40948402698314
207.43937138369273        410.46757296694665
209.29921422961655        411.45320454384876
211.1590570755404         412.4388361207508
213.0188999214642         413.4244676976529
214.87874276738802        414.410099274555
216.73858561331184        415.35032932508204
218.59842845923563        416.2905593756091
220.45827130515943        417.2307894261362
222.31811415108325        418.1710194766632
224.17795699700704        419.1427711842329
226.03779984293087        420.1145228918027
227.8976426888547         421.0862745993724
229.75748553477848        422.05802630694217
231.61732838070228        423.21435469682467
233.4771712266261         424.3706830867071
235.33701407254992        425.52701147658956
237.1968569184737         426.683339866472
239.05669976439754        427.67631214494446
240.91654261032136        428.6692844234169
242.77638545624512        429.6622567018894
244.63622830216897        430.65522898036187
246.4960711480928         431.6289955921615
248.35591399401665        432.6027622039612
250.21575683994052        433.57652881576087
252.07559968586435        434.5502954275605
253.9354425317881         435.39548267302064
255.7952853777119         436.24066991848076
257.65512822363576        437.08585716394083
259.5149710695595         437.93104440940095
261.37481391548334        438.6064880444306
263.2346567614071         439.2819316794603
265.09449960733093        439.9573753144899
266.95434245325475        440.63281894951956
268.8141852991786         441.3848607134807
270.6740281451024         442.1369024774418
272.5338709910262         442.8889442414029
274.39371383695           443.640986005364
276.2535566828738         444.3708531253433
278.11339952879763        445.1007202453226
279.9732423747215         445.8305873653019
281.83308522064533        446.5604544852812
283.69292806656915        447.27979720842615
285.552770912493          447.9991399315712
287.4126137584168         448.7184826547162
289.2724566043406         449.4378253778612
291.13229945026444        450.1814853088831
292.9921422961882         450.92514523990496
294.85198514211197        451.6688051709268
296.71182798803574        452.4124651019487
298.5716708339595         453.1647886312325
300.4315136798834         453.91711216051635
302.2913565258072         454.66943568980014
304.15119937173097        455.421759219084
306.0110422176548         456.20950781420737
307.8708850635786         456.9972564093307
309.7307279095025         457.7850050044541
311.59057075542637        458.5727535995775
313.4504136013502         459.3039377232315
315.31025644727396        460.03512184688554
317.1700992931977         460.7663059705396
319.0299421391215         461.4974900941936
320.8897849850453         462.0259621971064
322.7496278309692         462.55443430001924
324.60947067689295        463.0829064029321
326.4693135228168         463.6113785058449
328.3291563687406         464.2171127104838
330.18899921466436        464.8228469151226
332.04884206058813        465.4285811197615
333.908684906512          466.0343153244003
335.7685277524358         466.47768443111505
337.6283705983596         466.9210535378297
339.48821344428336        467.36442264454445
341.3480562902071         467.8077917512591
343.207899136131          468.32134988384485
345.0677419820548         468.83490801643063
346.92758482797865        469.3484661490164
348.78742767390247        469.86202428160215
350.64727051982624        470.3550470290112
352.50711336575           470.8480697764202
354.3669562116739         471.3410925238292
356.22679905759765        471.83411527123826
358.0795244979144         472.40156767966334
359.93224993823117        472.96902008808837
361.7849753785479         473.5364724965134
363.6377008188647         474.1039249049385
365.48686755637783        474.5056648528423
367.336034293891          474.9074048007461
369.1852010314041         475.30914474864994
371.0343677689173         475.71088469655376
372.85870935832406        476.0430291641917
374.6830509477309         476.3751736318296
376.5073925371377         476.7073180994676
378.33173412654446        477.03946256710555
380.1560757159512         477.38630293758575
381.98041730535795        477.733143308066
383.8047588947647         478.0799836785462
385.62910048417143        478.42682404902644
387.42861692547183        478.7868134109808
389.2281333667722         479.1468027729352
391.0276498080725         479.5067921348896
392.8271662493729         479.866781496844
394.6203746870297         479.99168738867525
396.41358312468645        480.11659328050644
398.2067915623433         480.2414991723376
400                       480.3664050641688
0                         318.0241668347105
1.5329726927180851        318.03071247426794
3.0659453854361702        318.03725811382543
4.598918078154256         318.0438037533829
6.1318907708723405        318.05034939294035
7.664863463590428         317.9627736565001
9.197836156308512         317.87519792005975
10.730808849026598        317.7876221836194
12.263781541744684        317.70004644717915
13.803842387141556        317.2951655184752
15.343903232538425        316.8902845897712
16.883964077935296        316.4854036610672
18.424024923332166        316.08052273236325
19.97905662639725         316.0412291484831
21.53408832946233         316.001935564603
23.089120032527415        315.9626419807229
24.644151735592498        315.92334839684275
26.19918343865758         316.03508396600824
27.754215141722668        316.1468195351738
29.30924684478775         316.2585551043393
30.86427854785283         316.3702906735048
32.430350042780105        316.7257614792842
33.99642153770737         317.0812322850635
35.56249303263465         317.4367030908428
37.12856452756191         317.7921738966221
38.694636022489185        318.9935186550996
40.26070751741645         320.1948634135771
41.82677901234373         321.3962081720545
43.39285050727099         322.597552930532
44.95892200219827         323.5208292168061
46.524993497125536        324.4441055030801
48.09106499205281         325.36738178935417
49.65713648698007         326.29065807562824
51.22320798190734         327.5637064815661
52.789279476834615        328.8367548875039
54.35535097176189         330.1098032934417
55.92142246668916         331.38285169937956
57.48749396161642         332.49167325769713
59.0535654565437          333.60049481601476
60.619636951470966        334.7093163743324
62.185708446398245        335.81813793264996
63.75177994132551         337.3048338028912
65.31785143625278         338.79152967313246
66.88392293118005         340.27822554337365
68.44999442610731         341.7649214136149
70.01606592103458         343.8762237811301
71.58213741596187         345.9875261486452
73.14820891088914         348.0988285161604
74.7142804058164          350.21013088367556
76.28035190074367         351.482067921237
77.84642339567094         352.7540049587983
79.4124948905982          354.0259419963597
80.97856638552545         355.29787903392105
82.54463788045273         356.96455932729674
84.11070937538            358.63123962067243
85.67678087030727         360.2979199140482
87.24285236523453         361.96460020742387
88.8089238601618          363.32709975643627
90.37499535508908         364.6895993054487
91.94106685001636         366.0520988544611
93.50713834494361         367.4145984034735
95.07320983987088         369.57120513155206
96.63928133479816         371.7278118596306
98.20535282972543         373.8844185877091
99.77142432465268         376.04102531578764
101.33749581957996        378.0211883239195
102.90356731450723        380.0013513320514
104.4696388094345         381.98151434018325
106.03571030436176        383.9616773483151
107.60178179928904        385.18959597265666
109.16785329421633        386.4175145969982
110.7339247891436         387.6454332213398
112.29999628407087        388.8733518456813
113.86606777899814        390.68174755711345
115.43213927392542        392.4901432685456
116.99821076885269        394.29853897997765
118.56428226377994        396.1069346914098
120.13035375870722        398.1372717593306
121.6964252536345         400.16760882725134
123.26249674856177        402.19794589517215
124.82856824348903        404.22828296309297
126.3946397384163         405.87050118746475
127.96071123334357        407.51271941183666
129.52678272827083        409.15493763620844
131.09285422319812        410.7971558605803
132.65892571812537        413.159988286042
134.22499721305263        415.52282071150364
135.79106870797992        417.88565313696535
137.3571402029072         420.24848556242705
138.9232116978345         421.8779077259813
140.48928319276175        423.5073298895355
142.055354687689          425.13675205308977
143.6214261826163         426.766174216644
145.18749767754355        427.7641340262267
146.75356917247083        428.7620938358094
148.31964066739812        429.76005364539213
149.88571216232538        430.75801345497484
151.45178365725263        432.7800912595341
153.0178551521799         434.8021690640934
154.58392664710712        436.8242468686527
156.1499981420344         438.846324673212
157.71606963696166        440.75952346069755
159.28214113188892        442.67272224818305
160.8482126268162         444.58592103566855
162.4142841217435         446.4991198231541
163.98035561667078        448.2877669681261
165.54642711159804        450.07641411309805
167.1124986065253         451.86506125807006
168.67857010145258        453.65370840304206
170.24464159637984        455.30187778803383
171.81071309130712        456.9500471730256
173.37678458623444        458.5982165580173
174.9428560811617         460.2463859430091
176.50892757608898        461.5934778150596
178.07499907101626        462.9405696871101
179.64107056594352        464.2876615591606
181.2071420608708         465.6347534312111
182.77321355579807        466.63389586142637
184.33928505072532        467.6330382916416
185.9053565456526         468.6321807218568
187.47142804057984        469.63132315207207
189.0374995355071         470.41480101230195
190.60357103043435        471.1982788725318
192.1696425253616         471.98175673276165
193.7357140202889         472.76523459299153
195.30178551521615        473.48254752753525
196.8678570101434         474.19986046207885
198.43392850507072        474.91717339662256
199.99999999999798        475.6344863311662
201.56607149492527        476.66812285347123
203.13214298985255        477.70175937577625
204.6982144847798         478.73539589808126
206.26428597970713        479.7690324203863
207.83035747463438        480.70690287280553
209.39642896956164        481.64477332522483
210.96250046448893        482.5826437776441
212.52857195941618        483.5205142300633
214.0946434543434         484.7207237058074
215.6607149492707         485.9209331815515
217.22678644419798        487.12114265729554
218.79285793912524        488.3213521330396
220.3589294340525         489.4724240956701
221.92500092897973        490.62349605830053
223.49107242390699        491.774568020931
225.05714391883424        492.92563998356144
226.6232154137615         494.14874511715584
228.18928690868879        495.3718502507503
229.75535840361607        496.59495538434476
231.32142989854336        497.8180605179392
232.88750139347061        499.03139099322436
234.45357288839784        500.2447214685094
236.01964438332513        501.45805194379454
237.5857158782524         502.67138241907963
239.15178737317967        503.3631556372495
240.71785886810693        504.05492885541946
242.2839303630342         504.7467020735894
243.85000185796147        505.4384752917593
245.41607335288873        506.2166422244666
246.982144847816          506.9948091571739
248.54821634274327        507.77297608988124
250.11428783767053        508.5511430225885
251.6803593325978         509.44764915889095
253.24643082752507        510.34415529519333
254.81250232245233        511.24066143149577
256.3785738173796         512.1371675677982
257.9446453123069         512.692367619314
259.51071680723413        513.2475676708299
261.07678830216145        513.8027677223457
262.64285979708876        514.3579677738616
264.208931292016          515.267182977125
265.7750027869432         516.1763981803886
267.3410742818705         517.085613383652
268.90714577679773        517.9948285869154
270.47321727172505        519.0236126005219
272.03928876665225        520.0523966141284
273.60536026157945        521.0811806277349
275.1714317565067         522.1099646413413
276.73750325143396        522.6345629140244
278.3035747463612         523.1591611867075
279.86964624128854        523.6837594593904
281.43571773621585        524.2083577320735
283.0017892311431         524.716021701237
284.56786072607036        525.2236856704004
286.1339322209976         525.7313496395639
287.70000371592494        526.2390136087273
289.2660752108522         527.0646728518817
290.83214670577945        527.8903320950362
292.3982182007067         528.7159913381906
293.96428969563397        529.541650581345
295.5303611905613         530.2890126645411
297.09643268548854        531.0363747477371
298.6625041804158         531.7837368309331
300.22857567534305        532.5310989141292
301.7946471702703         533.273755283635
303.36071866519757        534.0164116531406
304.9267901601249         534.7590680226463
306.49286165505214        535.501724392152
308.0589331499794         536.2615355031226
309.6250046449067         537.021346614093
311.19107613983397        537.7811577250634
312.7571476347613         538.5409688360339
314.32321912968854        539.1277419671728
315.8892906246158         539.7145150983117
317.45536211954305        540.3012882294505
319.0214336144703         540.8880613605894
320.5875051093976         541.4752689821601
322.1535766043249         542.0624766037306
323.7196480992521         542.6496842253011
325.28571959417934        543.2368918468717
326.8517910891066         543.9183219035071
328.4178625840339         544.5997519601426
329.9839340789612         545.281182016778
331.5500055738885         545.9626120734134
333.11607706881574        546.4858546709878
334.682148563743          547.0090972685621
336.2482200586702         547.5323398661365
337.8142915535975         548.0555824637107
339.38036304852477        548.5327531779578
340.9464345434521         549.009923892205
342.51250603837934        549.4870946064522
344.0785775333066         549.9642653206993
345.64464902823386        550.5857714196159
347.2107205231611         551.2072775185325
348.7767920180883         551.8287836174492
350.3428635130156         552.4502897163658
351.90893500794283        552.8783532207881
353.4750065028701         553.3064167252105
355.0410779977974         553.7344802296328
356.6071494927247         554.1625437340551
358.173220987652          554.4932951980757
359.7392924825793         554.8240466620963
361.3053639775066         555.1547981261169
362.8714354724339         555.4855495901375
364.43706370655707        555.9241695319764
366.0026919406801         556.3627894738154
367.5683201748032         556.8014094156542
369.1339484089263         557.2400293574932
370.7257280352481         557.5714680305568
372.31750766156983        557.9029067036206
373.90928728789163        558.2343453766842
375.50106691421337        558.5657840497479
377.0609140614182         559.0165198617735
378.6207612086231         559.4672556737991
380.180608355828          559.9179914858246
381.7404555030329         560.3687272978502
383.3003026502377         560.8983229205652
384.86014979744266        561.4279185432802
386.41999694464744        561.9575141659951
387.9798440918524         562.4871097887101
389.49120170768657        562.925842329293
391.00255932352087        563.3645748698759
392.5139169393551         563.8033074104587
394.0252745551893         564.2420399510416
395.518955916392          564.557958031316
397.01263727759465        564.8738761115904
398.5063186387974         565.1897941918648
400                       565.5057122721392
0                         318.06480709913495
1.3540405632799823        318.06835340281606
2.7080811265599647        318.07189970649716
4.062121689839946         318.07544601017827
5.416162253119929         318.0789923138594
6.781947055852943         317.8432196002197
8.147731858585958         317.60744688657996
9.513516661318972         317.3716741729403
10.879301464051986        317.13590145930056
12.256679316564131        316.78601334934393
13.634057169076279        316.43612523938737
15.011435021588426        316.08623712943074
16.388812874100573        315.7363490194741
17.773211471121687        315.7064599333471
19.157610068142805        315.6765708472201
20.542008665163923        315.64668176109313
21.92640726218504         315.6167926749661
23.31080585920616         315.7588867387873
24.695204456227273        315.9009808026084
26.07960305324839         316.04307486642955
27.464001650269505        316.1851689302507
28.855420991799594        316.99623205851265
30.246840333329683        317.8072951867745
31.638259674859768        318.6183583150364
33.02967901638986         319.42942144329834
34.421098357919945        320.5344080098778
35.812517699450034        321.63939457645716
37.20393704098012         322.74438114303655
38.59535638251021         323.849367709616
39.986775724040285        324.89232739220245
41.378195065570374        325.93528707478896
42.76961440710046         326.9782467573755
44.16103374863055         328.02120643996193
45.55245309016063         329.3723755837282
46.94387243169072         330.7235447274945
48.33529177322081         332.07471387126077
49.7267111147509          333.42588301502707
51.11813045628097         334.8068981943909
52.50954979781107         336.18791337375467
53.90096913934116         337.56892855311844
55.29238848087124         338.9499437324822
56.68380782240132         340.991139985703
58.0752271639314          343.0323362389238
59.46664650546149         345.07353249214464
60.85806584699158         347.1147287453654
62.24948518852166         348.7633869921789
63.64090453005175         350.4120452389923
65.03232387158184         352.06070348580573
66.42374321311193         353.7093617326192
67.81516255464201         355.90217319416064
69.2065818961721          358.0949846557021
70.59800123770218         360.2877961172435
71.98942057923227         362.48060757878494
73.38083992076236         363.9950907672271
74.77225926229245         365.5095739556693
76.16367860382253         367.02405714411145
77.55509794535263         368.5385403325536
78.94651728688271         370.96760983638245
80.33793662841279         373.3966793402113
81.72935596994287         375.8257488440401
83.12077531147295         378.25481834786893
84.51219465300305         380.49320620047206
85.90361399453316         382.73159405307524
87.29503333606326         384.96998190567837
88.68645267759335         387.2083697582815
90.07787201912345         389.71753118761836
91.46929136065353         392.22669261695535
92.86071070218361         394.7358540462922
94.2521300437137          397.24501547562915
95.64354938524379         399.4035266972853
97.03496872677387         401.5620379189414
98.42638806830394         403.72054914059754
99.81780740983402         405.87906036225365
101.2092267513641         408.34106292834974
102.60064609289418        410.80306549444583
103.99206543442426        413.2650680605419
105.38348477595436        415.727070626638
106.77490411748444        417.7493996771045
108.16632345901455        419.7717287275711
109.55774280054464        421.79405777803765
110.94916214207473        423.81638682850416
112.34058148360482        425.610737445341
113.7320008251349         427.40508806217775
115.12342016666499        429.1994386790145
116.51483950819508        430.99378929585134
117.90625884972516        433.74725179569333
119.29767819125527        436.50071429553543
120.68909753278537        439.2541767953774
122.08051687431545        442.00763929521946
123.47193621584556        444.1194789599621
124.86335555737564        446.2313186247047
126.25477489890574        448.3431582894474
127.64619424043583        450.45499795419
129.03761358196593        452.55768188932336
130.429032923496          454.66036582445673
131.8204522650261         456.7630497595901
133.21187160655617        458.8657336947235
134.60329094808625        460.57220777202815
135.99471028961634        462.27868184933277
137.38612963114645        463.98515592663745
138.7775489726765         465.6916300039421
140.16896831420658        467.269206751714
141.56038765573666        468.84678349948587
142.95180699726674        470.4243602472577
144.34322633879685        472.0019369950296
145.73464568032693        473.6179396197569
147.12606502185702        475.2339422444842
148.5174843633871         476.8499448692115
149.90890370491718        478.4659474939388
151.30032304644732        480.90226956248847
152.6917423879774         483.33859163103807
154.08316172950748        485.7749136995877
155.47458107103756        488.2112357681373
156.86600041256764        489.87313124896076
158.25741975409773        491.53502672978425
159.64883909562784        493.1969222106077
161.04025843715792        494.8588176914311
162.431677778688          496.3414926160367
163.8230971202181         497.82416754064235
165.21451646174822        499.306842465248
166.60593580327833        500.7895173898536
167.99735514480838        502.53764579969896
169.38877448633843        504.28577420954434
170.78019382786852        506.0339026193898
172.17161316939857        507.78203102923516
173.5630325109287         509.38277808804435
174.9544518524588         510.9835251468536
176.34587119398884        512.5842722056627
177.73729053551895        514.185019264472
179.128709877049          516.073299316535
180.52012921857911        517.961579368598
181.91154856010917        519.8498594206609
183.30296790163925        521.7381394727239
184.69438724316933        522.8985130510006
186.0858065846994         524.0588866292774
187.47722592622947        525.219260207554
188.86864526775958        526.3796337858307
190.26006460928969        527.7340852793058
191.65148395081977        529.0885367727808
193.04290329234988        530.4429882662557
194.43432263388           531.7974397597308
195.8257419754101         533.0196872032457
197.21716131694018        534.2419346467605
198.60858065847026        535.4641820902754
200.00000000000034        536.6864295337903
201.3914193415304         537.9080523061809
202.7828386830605         539.1296750785716
204.1742580245906         540.3512978509623
205.56567736612067        541.572920623353
206.95709670765078        542.6570080257079
208.34851604918086        543.7410954280627
209.73993539071094        544.8251828304176
211.13135473224108        545.9092702327725
212.52277407377113        546.9741904231538
213.9141934153012         548.0391106135351
215.3056127568313         549.1040308039163
216.69703209836138        550.1689509942976
218.0884514398915         551.4071767615108
219.47987078142157        552.645402528724
220.87129012295165        553.8836282959373
222.26270946448173        555.1218540631505
223.6541288060118         556.4949690819469
225.0455481475419         557.8680841007433
226.436967489072          559.2411991195397
227.82838683060208        560.6143141383361
229.21980617213217        561.4359269649847
230.61122551366225        562.2575397916332
232.00264485519233        563.0791526182818
233.39406419672244        563.9007654449304
234.7854835382525         564.8281078377578
236.1769028797826         565.7554502305852
237.56832222131268        566.6827926234125
238.95974156284274        567.61013501624
240.35116090437285        568.3791452754448
241.74258024590293        569.1481555346495
243.133999587433          569.9171657938543
244.5254189289631         570.6861760530592
245.9168382704932         571.6174734556997
247.30825761202328        572.5487708583403
248.69967695355336        573.4800682609808
250.09109629508347        574.4113656636214
251.4825156366135         575.2347104215042
252.87393497814358        576.0580551793871
254.26535431967366        576.8813999372699
255.65677366120377        577.7047446951527
257.04819300273385        578.6886173110067
258.439612344264          579.6724899268609
259.83103168579413        580.6563625427149
261.2224510273242         581.6402351585689
262.6138703688543         582.2665917395682
264.0052897103844         582.8929483205675
265.39670905191446        583.5193049015669
266.7881283934446         584.1456614825662
268.1795477349747         584.7128375201263
269.5709670765047         585.2800135576864
270.9623864180347         585.8471895952465
272.3538057595648         586.4143656328066
273.7452251010949         587.1408136352245
275.136644442625          587.8672616376423
276.52806378415517        588.5937096400602
277.91948312568525        589.3201576424781
279.3109024672153         590.0882804928103
280.7023218087454         590.8564033431426
282.0937411502755         591.6245261934749
283.4851604918056         592.3926490438072
284.87657983333565        592.9570182330926
286.26799917486574        593.521387422378
287.6594185163958         594.0857566116633
289.0508378579259         594.6501258009488
290.442257199456          595.2270764621328
291.83367654098606        595.8040271233168
293.22509588251614        596.3809777845008
294.6165152240462         596.9579284456848
296.00793456557636        597.4494644030791
297.39935390710644        597.9410003604734
298.7907732486365         598.4325363178676
300.1821925901666         598.9240722752619
301.5736119316967         599.4045462012807
302.9650312732268         599.8850201272994
304.3564506147569         600.3654940533182
305.747869956287          600.845967979337
307.1392892978171         601.2156340290162
308.53070863934715        601.5853000786954
309.92212798087724        601.9549661283744
311.3135473224074         602.3246321780535
312.70496666393745        602.7571134121936
314.09638600546754        603.1895946463336
315.4878053469976         603.6220758804736
316.8792246885277         604.0545571146137
318.2706440300578         604.6350252216611
319.66206337158786        605.2154933287084
321.05348271311794        605.7959614357558
322.444902054648          606.3764295428031
323.8363213961781         606.7893905555375
325.2277407377082         607.202351568272
326.6191600792384         607.6153125810064
328.01057942076847        608.0282735937408
329.40199876229855        608.3535355341194
330.79341810382857        608.6787974744981
332.18483744535865        609.0040594148768
333.57625678688873        609.3293213552554
334.9676761284188         609.6628240212924
336.3590954699489         609.9963266873293
337.750514811479          610.3298293533662
339.14193415300906        610.6633320194032
340.53335349453914        611.1366680299246
341.9247728360693         611.610004040446
343.3161921775994         612.0833400509675
344.7076115191295         612.5566760614889
346.09903086065964        612.8853050089817
347.4904502021897         613.2139339564744
348.88186954371974        613.5425629039672
350.2732888852499         613.87119185146
351.6647082267799         614.1799534261311
353.05612756831005        614.4887150008021
354.4475469098401         614.7974765754732
355.8389662513702         615.1062381501442
357.2303855929003         615.3282092725227
358.6218049344303         615.5501803949012
360.01322427596034        615.7721515172797
361.4046436174904         615.9941226396581
362.7960629590205         616.2752232834603
364.18748230055064        616.5563239272624
365.5789016420808         616.8374245710646
366.97032098361086        617.1185252148667
368.361740325141          617.4569809477729
369.7531596666711         617.7954366806789
371.14457900820116        618.133892413585
372.5359983497313         618.4723481464912
373.9274176912614         618.7422617491633
375.31883703279146        619.0121753518354
376.71025637432155        619.2820889545075
378.1016757158516         619.5520025571795
379.47996917027876        619.7884118901013
380.8582626247059         620.024821223023
382.2365560791331         620.2612305559446
383.61484953356023        620.4976398888664
384.99314298798737        620.7443252691265
386.3714364424145         620.9910106493867
387.74972989684164        621.2376960296469
389.1280233512688         621.4843814099071
390.4931932386602         621.6765122378139
391.85836312605153        621.8686430657208
393.22353301344293        622.0607738936276
394.58870290083433        622.2529047215344
395.9415271756257         622.3607907204862
397.29435145041714        622.468676719438
398.64717572520857        622.5765627183898
399.99999999999994        622.6844487173416
0                         318.0918975820347
1.2586795300239504        318.05651459729745
2.5173590600479008        318.0211316125602
3.7760385900718516        317.985748627823
5.0347181200958016        317.9503656430858
6.301548065156695         317.7591695702014
7.568378010217587         317.56797349731704
8.835207955278479         317.3767774244327
10.102037900339372        317.1855813515483
11.368867845400267        316.8214276852908
12.635697790461164        316.4572740190334
13.902527735522058        316.09312035277594
15.169357680582953        315.72896668651845
16.448743292342677        315.27874450413367
17.728128904102398        314.82852232174895
19.007514515862123        314.3783001393642
20.28690012762185         313.92807795697945
21.566285739381573        314.34806453656245
22.845671351141302        314.7680511161455
24.125056962901027        315.18803769572855
25.404442574660752        315.60802427531155
26.688233438082364        316.7181393292659
27.97202430150397         317.82825438322027
29.255815164925586        318.93836943717463
30.539606028347198        320.048484491129
31.82339689176881         320.51779822045864
33.107187755190424        320.9871119497883
34.39097861861203         321.456425679118
35.674769482033646        321.92573940844767
36.958560345455254        324.7565658053808
38.24235120887687         327.5873922023139
39.526142072298484        330.418218599247
40.8099329357201          333.2490449961801
42.09372379914171         335.5858564116098
43.37751466256332         337.9226678270396
44.661305525984936        340.2594792424694
45.945096389406544        342.59629065789915
47.22888725282816         345.27380018980887
48.51267811624978         347.95130972171864
49.79646897967139         350.62881925362836
51.080259843093           353.3063287855381
52.36405070651461         355.8959883420273
53.647841569936226        358.4856478985164
54.931632433357834        361.0753074550056
56.21542329677945         363.66496701149475
57.49921416020106         366.6110015435566
58.78300502362267         369.55703607561844
60.06679588704429         372.5030706076803
61.3505867504659          375.44910513974213
62.634377613887516        378.3527894825627
63.91816847730912         381.2564738253833
65.20195934073072         384.16015816820385
66.48575020415232         387.0638425110244
67.76954106757395         389.6114931574999
69.05333193099557         392.1591438039754
70.33712279441718         394.70679445045084
71.62091365783881         397.25444509692636
72.90470452126041         400.2241834813642
74.18849538468201         403.19392186580194
75.47228624810361         406.16366025023973
76.75607711152523         409.1333986346775
78.03986797494684         412.54057332797856
79.32365883836844         415.9477480212797
80.60744970179007         419.3549227145808
81.89124056521169         422.7620974078819
83.1750314286333          425.6397334614008
84.4588222920549          428.51736951491966
85.74261315547652         431.3950055684385
87.02640401889813         434.27264162195735
88.31019488231973         437.0918096183701
89.59398574574138         439.91097761478284
90.87777660916299         442.73014561119555
92.1615674725846          445.5493136076083
93.44535833600621         447.54962082483246
94.72914919942782         449.54992804205665
96.01294006284944         451.55023525928084
97.29673092627105         453.55054247650503
98.58052178969265         454.9676103100011
99.86431265311425         456.3846781434972
101.14810351653584        457.8017459769933
102.43189437995746        459.21881381048934
103.71568524337906        462.2235732709538
104.99947610680067        465.2283327314182
106.28326697022229        468.23309219188263
107.5670578336439         471.2378516523471
108.8508486970655         473.41513426891186
110.1346395604871         475.5924168854767
111.41843042390873        477.76969950204153
112.70222128733033        479.94698211860634
113.98601215075196        482.05016038609995
115.26980301417359        484.15333865359344
116.5535938775952         486.256516921087
117.83738474101683        488.35969518858053
119.12117560443843        489.78797416538816
120.40496646786005        491.2162531421958
121.68875733128165        492.6445321190035
122.97254819470325        494.0728110958111
124.25633905812487        495.2931357469962
125.54012992154648        496.5134603981812
126.82392078496807        497.7337850493663
128.10771164838968        498.9541097005514
129.3915025118113         500.6304746300275
130.6752933752329         502.3068395595036
131.9590842386545         503.9832044889797
133.2428751020761         505.6595694184558
134.52666596549773        507.6005521879986
135.81045682891934        509.5415349575413
137.09424769234096        511.482517727084
138.37803855576257        513.4235004966267
139.66182941918422        515.1940063152811
140.94562028260583        516.9645121339354
142.22941114602745        518.7350179525897
143.51320200944906        520.505523771244
144.79699287287067        522.2211369065548
146.08078373629226        523.9367500418655
147.36457459971385        525.6523631771762
148.6483654631355         527.3679763124869
149.9321563265571         528.9316678303181
151.2159471899787         530.4953593481493
152.49973805340028        532.0590508659806
153.7835289168219         533.6227423838118
155.0673197802435         535.2547618693812
156.35111064366512        536.8867813549507
157.63490150708674        538.51880084052
158.91869237050835        540.1508203260895
160.20248323392997        541.6787770786444
161.48627409735158        543.2067338311994
162.7700649607732         544.7346905837543
164.0538558241948         546.2626473363092
165.33764668761643        547.7437457003845
166.62143755103804        549.2248440644598
167.90522841445963        550.7059424285351
169.18901927788121        552.1870407926103
170.47281014130283        553.6227456204646
171.75660100472444        555.0584504483188
173.0403918681461         556.4941552761732
174.32418273156773        557.9298601040274
175.60797359498935        559.3284600523456
176.89176445841093        560.7270600006638
178.17555532183255        562.1256599489819
179.45934618525416        563.5242598973001
180.74313704867575        564.8915172871157
182.02692791209734        566.2587746769314
183.31071877551898        567.6260320667469
184.59450963894056        568.9932894565625
185.87830050236218        570.4324019691717
187.1620913657838         571.8715144817809
188.4458822292054         573.31062699439
189.72967309262702        574.7497395069992
191.01346395604867        576.0992715118008
192.2972548194703         577.4488035166023
193.58104568289193        578.7983355214039
194.86483654631354        580.1478675262055
196.14862740973518        581.339056751633
197.43241827315677        582.5302459770605
198.71620913657839        583.7214352024881
200.00000000000003        584.9126244279157
201.28379086342164        586.0914008996195
202.56758172684323        587.2701773713234
203.85137259026482        588.4489538430271
205.1351634536864         589.6277303147309
206.41895431710802        590.7013276358375
207.70274518052963        591.774924956944
208.98653604395125        592.8485222780506
210.2703269073729         593.9221195991572
211.5541177707945         595.0520808145618
212.83790863421612        596.1820420299663
214.12169949763774        597.3120032453708
215.40549036105935        598.4419644607754
216.68928122448094        599.3954222720184
217.97307208790255        600.3488800832615
219.2568629513242         601.3023378945047
220.54065381474578        602.2557957057478
221.8244446781674         603.3695571976539
223.108235541589          604.4833186895601
224.39202640501063        605.5970801814663
225.67581726843224        606.7108416733724
226.95960813185386        607.9904815606756
228.24339899527547        609.2701214479788
229.52718985869708        610.549761335282
230.8109807221187         611.8294012225851
232.09477158554031        612.8150187249393
233.37856244896193        613.8006362272934
234.66235331238354        614.7862537296476
235.94614417580516        615.7718712320017
237.2299350392268         616.6059875240766
238.51372590264842        617.4401038161515
239.79751676607           618.2742201082264
241.08130762949162        619.1083364003013
242.36509849291323        619.9230702957
243.64888935633485        620.7378041910987
244.93268021975646        621.5525380864974
246.2164710831781         622.3672719818961
247.5002619465997         623.0613686567798
248.7840528100213         623.7554653316635
250.06784367344287        624.4495620065471
251.35163453686448        625.1436586814308
252.63542540028615        625.8318471356322
253.91921626370777        626.5200355898335
255.2030071271294         627.2082240440348
256.48679799055105        627.8964124982361
257.77058885397264        628.5614019698321
259.0543797173943         629.2263914414281
260.33817058081587        629.891380913024
261.62196144423746        630.55637038462
262.90575230765904        631.2207932153065
264.1895431710807         631.885216045993
265.4733340345023         632.5496388766796
266.7571248979239         633.2140617073662
268.04091576134556        633.8200144337719
269.32470662476715        634.4259671601776
270.60849748818873        635.0319198865834
271.8922883516103         635.6378726129891
273.17607921503196        636.2118639932695
274.4598700784535         636.7858553735499
275.74366094187513        637.3598467538303
277.0274518052968         637.9338381341107
278.31124266871836        638.4866778728317
279.59503353214           639.0395176115526
280.8788243955616         639.5923573502736
282.16261525898324        640.1451970889946
283.44640612240477        640.6947303906475
284.7301969858264         641.2442636923003
286.01398784924805        641.793796993953
287.2977787126696         642.3433302956059
288.5815695760912         642.8015577866659
289.8653604395128         643.2597852777258
291.1491513029345         643.7180127687856
292.4329421663561         644.1762402598455
293.71673302977774        644.6060673512297
295.00052389319933        645.0358944426139
296.2843147566209         645.4657215339981
297.56810562004256        645.8955486253824
298.85189648346415        646.2869439571318
300.1356873468858         646.6783392888813
301.4194782103074         647.0697346206306
302.703269073729          647.46112995238
303.98705993715066        647.8481684345724
305.27085080057225        648.2352069167647
306.5546416639939         648.622245398957
307.8384325274155         649.0092838811494
309.12222339083706        649.3399328875087
310.40601425425865        649.6705818938681
311.6898051176803         650.0012309002274
312.9735959811019         650.3318799065867
314.25738684452347        650.6559373600409
315.5411777079451         650.9799948134951
316.8249685713667         651.3040522669494
318.10875943478834        651.6281097204036
319.3925502982099         651.9212246545624
320.67634116163157        652.2143395887213
321.96013202505327        652.5074545228802
323.24392288847486        652.800569457039
324.5277137518965         653.0636038970932
325.81150461531814        653.3266383371474
327.0952954787398         653.5896727772017
328.3790863421614         653.8527072172559
329.66287720558296        654.102418920215
330.9466680690046         654.3521306231742
332.2304589324262         654.6018423261332
333.5142497958478         654.8515540290924
334.79804065926936        655.0898852468226
336.081831522691          655.3282164645527
337.3656223861126         655.5665476822828
338.6494132495342         655.8048789000129
339.9332041129558         656.0248649331402
341.2169949763774         656.2448509662676
342.50078583979905        656.464836999395
343.78457670322064        656.6848230325222
345.0683675666423         656.8960848467599
346.35215843006387        657.1073466609976
347.6359492934854         657.3186084752354
348.91974015690704        657.529870289473
350.2035310203286         657.7222487430065
351.48732188375027        657.9146271965401
352.77111274717186        658.1070056500736
354.0549036105935         658.299384103607
355.33869447401514        658.4786157034116
356.6224853374367         658.6578473032163
357.9062762008584         658.8370789030209
359.1900670642799         659.0163105028255
360.4738579277016         659.1866722349066
361.7576487911232         659.3570339669876
363.04143965454483        659.5273956990686
364.3252305179665         659.6977574311497
365.6088567450372         659.850009731873
366.8924829721079         660.0022620325963
368.17610919917865        660.1545143333196
369.4597354262493         660.3067666340429
370.7433616533201         660.4495073461928
372.02698788039083        660.5922480583429
373.31061410746156        660.7349887704928
374.59424033453234        660.8777294826427
375.87770192525227        661.0003505970249
377.16116351597213        661.1229717114071
378.44462510669194        661.2455928257893
379.72808669741187        661.3682139401715
381.01121901542996        661.4681499096524
382.29435133344816        661.5680858791334
383.57748365146625        661.6680218486142
384.86061596948434        661.7679578180952
386.13135687143375        661.9095349976035
387.4020977733831         662.0511121771119
388.67283867533234        662.1926893566202
389.94357957728175        662.3342665361286
391.20063213012145        662.3946257070684
392.45768468296126        662.4549848780081
393.71473723580107        662.5153440489478
394.97178978864076        662.5757032198876
396.2288423414806         662.6068377065918
397.4858948943204         662.637972193296
398.7429474471602         662.6691066800003
399.99999999999994        662.7002411667045
