% Model:              Cav_Hex_Unif_flux_v5.1 - Base Case (v01).mph
% Version:            COMSOL 5.5.0.359
% Date:               Mar 19 2022, 13:49
% Dimension:          1
% Nodes:              1289
% Expressions:        1
% Description:        Line graph
% x                       Height
0                         317.5491885040204
0.12028816670959011       316.9342498547759
0.24057633341918022       316.31931120553133
0.36086450012877036       315.7043725562868
0.48115266683836044       315.0894339070423
0.6013875394255431        314.24712159485836
0.7216224120127259        313.4048092826744
0.8418572845999087        312.5624969704905
0.9620921571870915        311.72018465830655
1.082234529787737         312.4593476200906
1.2023769023883824        313.19851058187464
1.322519274989028         313.9376735436587
1.4426616475896734        314.6768365054428
1.5628040201903186        315.58274963841654
1.6829463927909638        316.48866277139024
1.8030887653916092        317.39457590436393
1.9232311379922544        318.3004890373377
2.0432261320345453        321.51273631824535
2.163221126076836         324.724983599153
2.2832161201191266        327.93723088006067
2.4032111141614174        331.14947816096833
2.5232061082037083        333.68562901503003
2.643201102245999         336.22177986909173
2.7631960962882895        338.7579307231534
2.8831910903305804        341.2940815772151
3.003293061026676         344.8355013750888
3.123395031722772         348.3769211729625
3.2434970024188674        351.91834097083625
3.363598973114963         355.45976076871
3.483700943811058         358.0981190632931
3.6038029145071535        360.7364773578763
3.7239048852032486        363.37483565245947
3.844006855899344         366.0131939470426
3.964193821096364         368.95632442068575
4.0843807862933845        371.8994548943288
4.204567751490406         374.8425853679719
4.324754716687425         377.785715841615
4.445010004613495         382.06033838706827
4.565265292539564         386.33496093252154
4.685520580465633         390.60958347797487
4.805775868391703         394.88420602342813
4.925884896702252         397.9492714874582
5.0459939250128           401.01433695148825
5.166102953323349         404.0794024155183
5.2862119816338975        407.14446787954836
5.4063210099444445        409.96822152770227
5.526430038254993         412.7919751758561
5.646539066565542         415.61572882401003
5.766648094876091         418.4394824721639
5.886608140319628         421.85360836638256
6.006568185763167         425.2677342606013
6.126528231206706         428.68186015482
6.246488276650243         432.09598604903874
6.366445805059987         436.9584285706727
6.486403333469731         441.82087109230673
6.606360861879474         446.68331361394075
6.726318390289219         451.5457561355747
6.846273604542791         454.8990912854118
6.966228818796364         458.2524264352489
7.0861840330499355        461.60576158508593
7.206139247303508         464.95909673492304
7.326092326627153         469.7779783859094
7.446045405950797         474.59686003689586
7.565998485274443         479.41574168788225
7.685951564598088         484.2346233388687
7.805902697866611         487.76173338635823
7.925853831135135         491.2888434338478
8.04580496440366          494.81595348133726
8.165756097672183         498.3430635288268
8.285705489194292         501.16527791060133
8.405654880716401         503.9874922923759
8.525604272238512         506.80970667415045
8.645553663760621         509.63192105592503
8.765501513049944         512.612649624066
8.885449362339266         515.593378192207
9.00539721162859          518.5741067603478
9.125345060917914         521.5548353284888
9.245380997947688         524.3927802087334
9.365416934977462         527.230725088978
9.485452872007238         530.0686699692226
9.605488809037013         532.9066148494671
9.725524746066787         535.3258160073854
9.845560683096561         537.7450171653035
9.965596620126334         540.1642183232216
10.085632557156108        542.5834194811398
10.205742636846896        546.2718924019429
10.325852716537685        549.9603653227459
10.445962796228473        553.648838243549
10.566072875919263        557.3373111643521
10.686338172938328        560.8100649784529
10.806603469957395        564.2828187925538
10.92686876697646         567.7555726066548
11.047134063995525        571.2283264207557
11.16739936101459         573.8388241919878
11.287664658033655        576.44932196322
11.407929955052719        579.059819734452
11.528195252071784        581.6703175056842
11.648454572796044        584.8389885842051
11.768713893520307        588.0076596627259
11.888973214244567        591.1763307412468
12.009232534968827        594.3450018197676
12.12942951033585         596.9509027648392
12.249626485702873        599.5568037099108
12.369823461069897        602.1627046549823
12.49002043643692         604.7686056000539
12.610137232217212        607.1764624894754
12.730254027997503        609.5843193788969
12.850370823777796        611.9921762683185
12.970487619558089        614.40003315774
13.09060441533838         616.0713727541938
13.210721211118672        617.7427123506476
13.330838006898967        619.4140519471014
13.45095480267926         621.0853915435551
13.571074767620972        622.8143881654994
13.691194732562684        624.5433847874435
13.811314697504397        626.2723814093877
13.931434662446108        628.0013780313318
14.051554627387821        630.1585886619275
14.17167459232953         632.3157992925233
14.291794557271244        634.4730099231189
14.411914522212957        636.6302205537146
14.53209074822766         639.8991324304108
14.652266974242364        643.1680443071068
14.772443200257067        646.436956183803
14.892619426271771        649.705868060499
15.012795652286474        652.1234899448392
15.132971878301177        654.5411118291795
15.253148104315882        656.9587337135197
15.373324330330584        659.3763555978599
15.493542360043495        661.2840946419103
15.613760389756406        663.1918336859608
15.733978419469317        665.0995727300113
15.854196449182227        667.0073117740618
15.97436573611202         668.5035925859181
16.09453502304181         669.9998733977743
16.2147043099716          671.4961542096305
16.334873596901392        672.9924350214868
16.45500972900694         675.1486085482306
16.575145861112482        677.3047820749746
16.69528199321803         679.4609556017185
16.815418125323575        681.6171291284625
16.935554257429118        683.6432964835374
17.055690389534664        685.6694638386123
17.175826521640207        687.6956311936873
17.295962653745754        689.7217985487622
17.415997338437425        691.7516674345811
17.53603202312909         693.7815363204
17.656066707820756        695.811405206219
17.776101392512423        697.8412740920379
17.896391994758638        699.9268117071578
18.016682597004856        702.0123493222777
18.13697319925107         704.0978869373976
18.257263801497285        706.1834245525175
18.3777002739033          708.4216869771182
18.498136746309314        710.6599494017187
18.61857321871533         712.8982118263193
18.739009691121346        715.13647425092
18.85944616352736         717.0613450738272
18.979882635933375        718.9862158967344
19.10031910833939         720.9110867196416
19.220755580745404        722.8359575425488
19.341163263757895        724.6875349497944
19.461570946770383        726.53911235704
19.58197862978287         728.3906897642856
19.702386312795362        730.2422671715312
19.82264064112271         731.5544993161609
19.94289496945006         732.8667314607906
20.06314929777741         734.1789636054201
20.183403626104756        735.4911957500498
20.303686168011204        736.8598820736358
20.423968709917645        738.228568397222
20.54425125182409         739.5972547208081
20.66453379373053         740.9659410443942
20.784816335636975        742.4122874948534
20.905098877543416        743.8586339453127
21.02538141944986         745.304980395772
21.145663961356302        746.7513268462312
21.266105034144182        748.2394667223053
21.386546106932062        749.7276065983795
21.506987179719946        751.2157464744536
21.627428252507823        752.7038863505277
21.747869325295703        753.8923705560686
21.868310398083583        755.0808547616095
21.988751470871463        756.2693389671504
22.109192543659343        757.4578231726913
22.229626546500466        758.8462765295294
22.350060549341585        760.2347298863676
22.470494552182704        761.6231832432057
22.590928555023822        763.0116366000439
22.711423141209185        764.5533890564986
22.831917727394544        766.0951415129534
22.952412313579902        767.6368939694082
23.072906899765265        769.178646425863
23.193402286910317        770.4483925366413
23.313897674055365        771.7181386474197
23.43439306120041         772.987884758198
23.554888448345462        774.2576308689763
23.675383835490507        775.5597594782157
23.795879222635563        776.8618880874551
23.91637460978061         778.1640166966945
24.03686999692566         779.4661453059339
24.157261247309954        780.5699945875724
24.277652497694245        781.673843869211
24.39804374807854         782.7776931508497
24.518434998462833        783.8815424324882
24.638826248847128        784.7743764228453
24.759217499231415        785.6672104132024
24.87960874961571         786.5600444035595
25                        787.4528783939165
0                         317.115894314817
0.1028470589080645        316.1726838177688
0.205694117816129         315.2294733207207
0.3085411767241935        314.2862628236725
0.411388235632258         313.3430523266243
0.5142352945403225        314.0894763363793
0.6170823534483869        314.8359003461343
0.7199294123564512        315.5823243558892
0.8227764712645158        316.32874836564423
0.9284483423931066        316.4884375863542
1.0341202135216974        316.6481268070643
1.1397920846502883        316.80781602777427
1.2454639557788791        316.96750524848426
1.3601721034823973        320.76011681366856
1.4748802511859158        324.5527283788529
1.5895883988894342        328.3453399440373
1.7042965465929525        332.1379515092216
1.819004694296471         339.065552902905
1.9337128419999894        345.9931542965884
2.048420989703508         352.92075569027173
2.1631291374070263        359.84835708395514
2.2779832581025032        366.41341859657825
2.39283737879798          372.9784801092013
2.5076914994934567        379.54354162182443
2.6225456201889337        386.10860313444755
2.7373997408844106        394.76839747295105
2.852253861579887         403.4281918114546
2.967107982275364         412.08798614995817
3.0819621029708406        420.7477804884617
3.1968162236663176        425.4629678948736
3.3116703443617945        430.1781553012854
3.4265244650572715        434.89334270769734
3.5413785857527484        439.6085301141092
3.656232706448225         446.61491802047397
3.7710868271437015        453.62130592683866
3.8859409478391784        460.6276938332034
4.000795068534655         467.63408173956816
4.115649189230132         472.57206295345577
4.230503309925609         477.5100441673434
4.345357430621087         482.448025381231
4.460211551316564         487.3860065951186
4.575065672012041         492.8370595157252
4.689919792707517         498.28811243633174
4.804773913402994         503.7391653569383
4.919628034098471         509.1902182775449
5.034482154793947         514.7205697946916
5.149336275489424         520.2509213118383
5.264190396184901         525.781272828985
5.379044516880377         531.3116243461318
5.493898637575855         536.4255275526341
5.608752758271333         541.5394307591364
5.72360687896681          546.6533339656388
5.838460999662287         551.7672371721411
5.953315120357764         557.3654677329953
6.06816924105324          562.9636982938493
6.183023361748716         568.5619288547035
6.297877482444193         574.1601594155577
6.41273160313967          578.7445595021619
6.527585723835147         583.3289595887661
6.642439844530625         587.9133596753702
6.757293965226102         592.4977597619744
6.872148085921579         598.5881946052492
6.987002206617056         604.6786294485241
7.101856327312533         610.7690642917989
7.21671044800801          616.8594991350739
7.331564568703486         621.586133367068
7.446418689398963         626.3127675990621
7.56127281009444          631.0394018310562
7.676126930789916         635.7660360630504
7.790981051485393         639.8459680026474
7.90583517218087          643.9258999422443
8.020689292876346         648.0058318818412
8.135543413571822         652.0857638214383
8.2503975342673           654.5771700188185
8.365251654962776         657.0685762161987
8.480105775658252         659.559982413579
8.59495989635373          662.0513886109592
8.709814017049208         665.7379981024998
8.824668137744684         669.4246075940404
8.939522258440162         673.111217085581
9.05437637913564          676.7978265771216
9.169230499831114         679.0952413945981
9.284084620526592         681.3926562120747
9.39893874122207          683.6900710295513
9.513792861917544         685.9874858470279
9.628646982613022         689.4336339335674
9.743501103308498         692.879782020107
9.858355224003974         696.3259301066465
9.973209344699452         699.7720781931861
10.088063465394928        702.4034312840856
10.202917586090408        705.0347843749853
10.317771706785885        707.6661374658848
10.432625827481361        710.2974905567844
10.547479948176838        713.0333013708569
10.662334068872314        715.7691121849294
10.777188189567786        718.504922999002
10.892042310263262        721.2407338130745
11.00689643095874         723.6805454689884
11.121750551654218        726.1203571249022
11.236604672349698        728.560168780816
11.351458793045177        730.9999804367299
11.466312913740651        733.875875671019
11.58116703443613         736.7517709053081
11.696021155131607        739.6276661395974
11.810875275827081        742.5035613738866
11.92572939652256         744.113561918424
12.040583517218037        745.7235624629614
12.155437637913515        747.3335630074988
12.270291758608993        748.9435635520363
12.385145879304469        750.1999761836674
12.499999999999945        751.4563888152986
12.61485412069542         752.7128014469298
12.729708241390895        753.969214078561
12.844562362086371        755.6128189441617
12.959416482781851        757.2564238097625
13.074270603477325        758.9000286753632
13.189124724172803        760.5436335409639
13.303978844868281        762.388403827336
13.418832965563757        764.2331741137082
13.533687086259235        766.0779444000802
13.648541206954713        767.9227146864523
13.763395327650189        769.5942348545152
13.878249448345665        771.2657550225781
13.993103569041143        772.937275190641
14.107957689736619        774.6087953587039
14.222811810432097        775.871374030103
14.337665931127574        777.1339527015022
14.452520051823049        778.3965313729013
14.567374172518527        779.6591100443004
14.682228293214004        780.768752366784
14.797082413909479        781.8783946892676
14.911936534604957        782.9880370117512
15.026790655300434        784.0976793342347
15.141644775995909        785.6258357069655
15.256498896691387        787.1539920796964
15.371353017386864        788.6821484524273
15.486207138082339        790.2103048251581
15.601061258777817        791.2977046758969
15.715915379473293        792.3851045266356
15.830769500168769        793.4725043773744
15.945623620864248        794.5599042281132
16.060477741559723        795.7265531832858
16.1753318622552          796.8932021384585
16.290185982950675        798.0598510936311
16.40504010364615         799.2265000488037
16.51989422434163         800.1577132858671
16.634748345037107        801.0889265229305
16.749602465732586        802.020139759994
16.864456586428062        802.9513529970574
16.979310707123542        804.1354688242745
17.094164827819018        805.3195846514916
17.20901894851449         806.5037004787087
17.32387306920997         807.6878163059258
17.438727189905446        808.6182717601254
17.553581310600922        809.548727214325
17.6684354312964          810.4791826685246
17.783289551991874        811.4096381227241
17.898143672687347        812.3884978349746
18.012997793382826        813.3673575472251
18.127851914078306        814.3462172594756
18.242706034773782        815.325076971726
18.357560155469262        816.2091086379306
18.472414276164738        817.0931403041352
18.58726839686021         817.9771719703397
18.70212251755569         818.8612036365442
18.816976638251166        819.4729302241145
18.931830758946646        820.0846568116849
19.046684879642125        820.6963833992552
19.1615390003376          821.3081099868256
19.276393121033074        822.143726425679
19.391247241728554        822.9793428645324
19.50610136242403         823.8149593033859
19.620955483119506        824.6505757422393
19.73580960381498         825.2200442874572
19.850663724510458        825.7895128326751
19.965517845205934        826.358981377893
20.08037196590141         826.9284499231109
20.195226086596886        827.761167659934
20.310080207292366        828.5938853967571
20.424934327987845        829.4266031335802
20.53978844868332         830.2593208704034
20.654642569378797        830.7198070035262
20.769496690074273        831.180293136649
20.884350810769746        831.6407792697718
20.999204931465226        832.1012654028946
21.1140590521607          832.7119128145893
21.228913172856178        833.3225602262839
21.343767293551654        833.9332076379785
21.458621414247133        834.5438550496732
21.57347553494261         835.0598143516692
21.688329655638086        835.5757736536651
21.803183776333565        836.0917329556611
21.918037897029038        836.607692257657
22.032892017724517        837.0718176991427
22.147746138419993        837.5359431406284
22.26260025911547         838.0000685821141
22.37745437981095         838.4641940235997
22.492308500506425        838.9560747619655
22.6071626212019          839.4479555003313
22.72201674189738         839.9398362386972
22.836870862592857        840.431716977063
22.949910683333727        840.8098659782362
23.062950504074593        841.1880149794093
23.175990324815462        841.5661639805825
23.28903014555633         841.9443129817556
23.39878638832378         842.3183380111489
23.508542631091228        842.6923630405421
23.618298873858674        843.0663880699353
23.72805511662612         843.4404130993286
23.837811359393566        843.8256842819354
23.94756760216102         844.2109554645422
24.05732384492847         844.596226647149
24.16708008769592         844.9814978297559
24.27355275248994         845.191782133227
24.380025417283964        845.4020664366981
24.486498082077986        845.6123507401693
24.592970746872012        845.8226350436404
24.694728060154006        846.0569334927181
24.796485373436003        846.291231941796
24.898242686718007        846.5255303908738
25                        846.7598288399515
0                         317.8632235833837
0.09497271772964037       316.7695429669026
0.18994543545928075       315.6758623504214
0.2849181531889211        314.5821817339403
0.3798908709185615        313.4885011174592
0.47612753137716657       314.90663165402225
0.5723641918357716        316.3247621905854
0.6686008522943767        317.74289272714844
0.7648375127529816        319.1610232637115
0.8612848303330808        324.255722255623
0.9577321479131797        329.35042124753454
1.0541794654932788        334.44512023944606
1.1506267830733778        339.53981923135757
1.248152559865694         342.92586491088946
1.3456783366580098        346.31191059042135
1.443204113450326         349.6979562699532
1.540729890242642         353.08400194948507
1.638255667034958         361.73528128219647
1.7357814438272743        370.38656061490786
1.8333072206195902        379.03783994761926
1.9308329974119065        387.68911928033066
2.0285890470461085        396.8862683835434
2.1263450966803115        406.08341748675616
2.2241011463145135        415.2805665899689
2.3218571959487155        424.47771569318166
2.419613245582918         433.961947746724
2.51736929521712          443.4461798002663
2.6151253448513216        452.9304118538086
2.712881394485524         462.4146439073509
2.8107525805406692        471.8694217639162
2.9086237665958143        481.3241996204814
3.0064949526509595        490.7789774770467
3.1043661387061046        500.23375533361195
3.2022373247612497        507.4491617974651
3.300108510816395         514.6645682613182
3.3979796968715394        521.8799747251712
3.4958508829266846        529.0953811890244
3.5937220689818297        535.8900698931086
3.6915932550369743        542.684758597193
3.7894644410921194        549.4794473012772
3.887335627147264         556.2741360053615
3.9852068132024097        562.9630702100936
4.083077999257554         569.6520044148258
4.1809491853126985        576.340938619558
4.2788203713678445        583.0298728242901
4.376691557422989         588.3472325620016
4.474562743478135         593.6645922997131
4.57243392953328          598.9819520374245
4.670305115588425         604.2993117751361
4.76817630164357          608.8687249843346
4.866047487698715         613.4381381935332
4.96391867375386          618.0075514027317
5.061789859809005         622.5769646119303
5.1596610458641505        627.3671852957565
5.257532231919296         632.1574059795827
5.355403417974442         636.9476266634089
5.453274604029586         641.7378473472351
5.551145790084731         646.2564032934745
5.649016976139875         650.7749592397138
5.74688816219502          655.2935151859531
5.8447593482501645        659.8120711321925
5.94263053430531          662.9417065231768
6.040501720360455         666.0713419141612
6.1383729064156           669.2009773051454
6.236244092470745         672.3306126961298
6.33411527852589          677.397770381802
6.431986464581036         682.4649280674741
6.52985765063618          687.5320857531464
6.627728836691326         692.5992434388186
6.7256000227464705        695.9263047477898
6.823471208801616         699.2533660567609
6.921342394856762         702.580427365732
7.019213580911906         705.9074886747032
7.117084766967051         708.8743747616102
7.214955953022194         711.8412608485171
7.312827139077339         714.808146935424
7.410698325132484         717.775033022331
7.50856951118763          721.7674015512498
7.606440697242775         725.7597700801684
7.704311883297919         729.7521386090872
7.802183069353065         733.7445071380059
7.90005425540821          736.9562179432369
7.997925441463357         740.167928748468
8.095796627518501         743.379639553699
8.193667813573647         746.59135035893
8.291538999628793         749.0685727410084
8.389410185683937         751.5457951230868
8.48728137173908          754.0230175051652
8.585152557794224         756.5002398872437
8.683023743849368         759.0843983728944
8.780894929904516         761.6685568585453
8.87876611595966          764.2527153441961
8.976637302014804         766.8368738298469
9.074508488069949         768.8556202145198
9.172379674125095         770.8743665991926
9.27025086018024          772.8931129838655
9.368122046235385         774.9118593685384
9.465993232290531         776.9745028618054
9.563864418345675         779.0371463550723
9.661735604400821         781.0997898483391
9.759606790455967         783.1624333416061
9.857477976511111         785.3123944050715
9.955349162566257         787.462355468537
10.053220348621402        789.6123165320024
10.151091534676548        791.7622775954678
10.248962720731692        794.209017903423
10.346833906786836        796.6557582113783
10.444705092841978        799.1024985193336
10.542576278897124        801.5492388272888
10.640447464952269        803.1356386290502
10.738318651007415        804.7220384308115
10.836189837062559        806.3084382325728
10.934061023117705        807.8948380343342
11.031932209172851        809.3074884434134
11.129803395227997        810.7201388524925
11.227674581283145        812.1327892615716
11.32554576733829         813.5454396706508
11.423416953393437        814.7050841969074
11.521288139448579        815.864728723164
11.619159325503722        817.0243732494206
11.717030511558866        818.1840177756771
11.814901697614012        819.1301943078364
11.912772883669158        820.0763708399957
12.010644069724304        821.0225473721549
12.10851525577945         821.9687239043142
12.206386441834592        822.9559164661978
12.304257627889738        823.9431090280814
12.402128813944882        824.9303015899649
12.500000000000025        825.9174941518485
12.59787118605517         826.8306224466676
12.695742372110315        827.7437507414868
12.793613558165461        828.656879036306
12.891484744220607        829.5700073311251
12.98935593027575         830.3536424859652
13.087227116330896        831.1372776408052
13.185098302386043        831.9209127956453
13.282969488441186        832.7045479504854
13.380840674496332        833.7043669524961
13.478711860551474        834.7041859545068
13.57658304660662         835.7040049565175
13.674454232661766        836.7038239585281
13.77232541871691         837.6489634954793
13.870196604772056        838.5941030324304
13.968067790827202        839.5392425693816
14.065938976882348        840.4843821063328
14.163810162937493        841.5798318138586
14.261681348992635        842.6752815213845
14.35955253504778         843.7707312289103
14.457423721102924        844.8661809364362
14.55529490715807         845.6719605234629
14.653166093213214        846.4777401104895
14.75103727926836         847.2835196975161
14.848908465323504        848.0892992845428
14.946779651378652        848.730211688785
15.044650837433796        849.3711240930271
15.142522023488942        850.0120364972693
15.240393209544088        850.6529489015114
15.33826439559923         851.1520561517123
15.436135581654375        851.651163401913
15.534006767709517        852.1502706521138
15.63187795376466         852.6493779023147
15.729749139819809        853.2358075980535
15.827620325874957        853.8222372937926
15.925491511930103        854.4086669895314
16.023362697985252        854.9950966852704
16.121233884040397        855.6124953818883
16.219105070095537        856.229894078506
16.316976256150685        856.847292775124
16.414847442205826        857.4646914717418
16.512718628260973        858.0123571485835
16.61058981431612         858.5600228254253
16.708461000371265        859.1076885022671
16.806332186426413        859.6553541791088
16.904203372481557        860.0935148864951
17.0020745585367          860.5316755938816
17.09994574459185         860.9698363012678
17.197816930646994        861.4079970086542
17.295688116702138        861.8651464127058
17.393559302757282        862.3222958167574
17.491430488812423        862.7794452208091
17.589301674867567        863.2365946248607
17.68717286092271         863.5815704687491
17.78504404697786         863.9265463126374
17.882915233033003        864.2715221565256
17.980786419088147        864.616498000414
18.07865760514329         864.9436714459863
18.176528791198436        865.2708448915586
18.27439997725358         865.5980183371308
18.372271163308724        865.9251917827031
18.47014234936387         866.2585952133662
18.568013535419016        866.5919986440294
18.66588472147416         866.9254020746926
18.76375590752931         867.2588055053558
18.861627093584456        867.6367765051948
18.9594982796396          868.0147475050337
19.057369465694745        868.3927185048727
19.155240651749892        868.7706895047118
19.253111837805033        869.0428863474799
19.35098302386018         869.3150831902481
19.448854209915325        869.5872800330161
19.54672539597047         869.8594768757843
19.644596582025617        870.0932771426461
19.742467768080758        870.327077409508
19.840338954135902        870.5608776763698
19.938210140191046        870.7946779432317
20.036081326246194        871.0098248141122
20.133952512301345        871.2249716849929
20.23182369835649         871.4401185558734
20.329694884411637        871.655265426754
20.427566070466778        871.8949934222018
20.525437256521922        872.1347214176494
20.623308442577063        872.3744494130972
20.721179628632203        872.614177408545
20.819050814687348        872.8195514163061
20.916922000742495        873.0249254240673
21.014793186797636        873.2302994318285
21.11266437285278         873.4356734395897
21.210535558907925        873.6556104413642
21.308406744963072        873.8755474431387
21.406277931018224        874.0954844449132
21.504149117073368        874.3154214466877
21.602020303128516        874.4922964388738
21.699891489183656        874.6691714310601
21.7977626752388          874.8460464232464
21.89563386129395         875.0229214154326
21.99348971056235         875.2062208532741
22.091345559830756        875.3895202911156
22.189201409099162        875.5728197289569
22.287057258367565        875.7561191667984
22.38491310763597         875.9001792314053
22.482768956904373        876.0442392960122
22.580624806172775        876.1882993606191
22.678480655441177        876.332359425226
22.77632116792284         876.4602704037488
22.8741616804045          876.5881813822718
22.972002192886162        876.7160923607948
23.069842705367826        876.8440033393177
23.167694530404432        876.99449367146
23.265546355441032        877.1449840036021
23.363398180477635        877.2954743357443
23.461250005514238        877.4459646678864
23.55906310851375         877.588632840719
23.65687621151327         877.7313010135516
23.75468931451279         877.8739691863842
23.85250241751231         878.0166373592168
23.94860081644293         878.1724223141607
24.044699215373548        878.3282072691046
24.14079761430417         878.4839922240485
24.23689601323479         878.6397771789924
24.33228401158044         878.7230246140089
24.42767200992609         878.8062720490254
24.523060008271745        878.889519484042
24.618448006617392        878.9727669190586
24.713836004963046        879.0315759175434
24.8092240033087          879.0903849160284
24.90461200165435         879.1491939145131
25                        879.208002912998
0                         317.30708662944267
0.08496271349340946       316.5364963145814
0.16992542698681892       315.7659059997202
0.25488814048022834       314.99531568485895
0.33985085397363785       314.2247253699977
0.42481356746704724       315.54707304567455
0.5097762809604567        316.86942072135145
0.5947389944538662        318.19176839702834
0.6797017079472756        319.5141160727052
0.7658355299470099        325.00117441730924
0.8519693519467441        330.48823276191337
0.9381031739464784        335.9752911065175
1.0242369959462125        341.46234945112155
1.1103708179459468        349.93470099500314
1.1965046399456811        358.4070525388847
1.2826384619454154        366.87940408276637
1.3687722839451495        375.35175562664796
1.4557042387443233        383.99483770427315
1.5426361935434967        392.63791978189835
1.6295681483426705        401.28100185952354
1.716500103141844         409.92408393714874
1.8034638119874746        421.91439364491
1.8904275208331052        433.9047033526712
1.9773912296787355        445.89501306043246
2.0643549385243665        457.8853227681937
2.1513186473699966        469.67628103457724
2.238282356215627         481.4672393009607
2.3252460650612576        493.25819756734427
2.412209773906888         505.0491558337278
2.499173482752518         511.6770835204327
2.5861371915981484        518.3050112071376
2.673100900443779         524.9329388938426
2.7600646092894094        531.5608665805474
2.8470283181350395        539.6481762387369
2.93399202698067          547.7354858969265
3.0209557358263006        555.822795555116
3.107919444671931         563.9101052133055
3.194883153517561         570.7733047960303
3.281846862363192         577.6365043787549
3.3688105712088223        584.4997039614796
3.4557742800544524        591.3629035442043
3.5427379889000825        597.7667603725467
3.6297016977457126        604.1706172008893
3.716665406591343         610.5744740292319
3.8036291154369737        616.9783308575743
3.890592824282604         622.1243383854732
3.9775565331282343        627.270345913372
4.064520241973865         632.4163534412709
4.151483950819496         637.5623609691697
4.238447659665126         643.4427664054765
4.325411368510756         649.3231718417833
4.412375077356386         655.2035772780899
4.499338786202017         661.0839827143967
4.586302495047647         666.2245249741329
4.673266203893278         671.3650672338691
4.760229912738908         676.5056094936053
4.847193621584539         681.6461517533415
4.934157330430169         686.0969659625882
5.0211210392757994        690.547780171835
5.1080847481214295        694.9985943810818
5.19504845696706          699.4494085903285
5.282012165812691         704.456333626483
5.3689758746583225        709.4632586626374
5.4559395835039535        714.4701836987919
5.5429032923495845        719.4771087349463
5.629867001195215         723.0672923211293
5.7168307100408455        726.6574759073123
5.803794418886476         730.2476594934953
5.890758127732107         733.8378430796784
5.977721836577737         737.510496449054
6.064685545423367         741.1831498184296
6.151649254268996         744.8558031878051
6.238612963114626         748.5284565571808
6.325576671960256         752.3282601551753
6.412540380805886         756.12806375317
6.499504089651516         759.9278673511644
6.586467798497147         763.727670949159
6.6734315073427775        766.0079553156031
6.760395216188409         768.2882396820471
6.84735892503404          770.5685240484911
6.93432263387967          772.8488084149351
7.021286342725301         775.0566167486484
7.1082500515709315        777.2644250823614
7.195213760416562         779.4722334160747
7.282177469262193         781.6800417497878
7.369141178107823         784.5019923838809
7.4561048869534545        787.323943017974
7.5430685957990855        790.1458936520671
7.630032304644716         792.9678442861601
7.7169960134903475        795.3633101379687
7.803959722335978         797.7587759897773
7.8909234311816085        800.1542418415859
7.9778871400272395        802.5497076933945
8.06485084887287          804.5039327371843
8.1518145577185           806.458157780974
8.23877826656413          808.4123828247639
8.32574197540976          810.3666078685536
8.412705684255391         812.2177525635259
8.499669393101021         814.0688972584983
8.586633101946653         815.9200419534707
8.673596810792281         817.771186648443
8.760560519637911         819.3284668573059
8.847524228483541         820.8857470661687
8.934487937329171         822.4430272750317
9.021451646174803         824.0003074838945
9.108415355020433         825.5764905657012
9.195379063866064         827.1526736475079
9.282342772711694         828.7288567293145
9.369306481557324         830.3050398111212
9.456270190402957         831.8861297691168
9.543233899248587         833.4672197271125
9.630197608094218         835.048309685108
9.717161316939848         836.6293996431036
9.804125025785478         838.0087466537955
9.891088734631108         839.3880936644872
9.97805244347674          840.7674406751789
10.06501615232237         842.1467876858708
10.151979861168           842.929872129631
10.238943570013632        843.7129565733911
10.325907278859264        844.4960410171514
10.412870987704895        845.2791254609115
10.499834696550524        846.4705223008823
10.586798405396152        847.6619191408531
10.673762114241782        848.8533159808239
10.76072582308741         850.0447128207948
10.847689531933044        851.0695829794828
10.934653240778674        852.0944531381708
11.021616949624303        853.1193232968587
11.108580658469934        854.1441934555468
11.195544367315563        855.1932576140013
11.282508076161195        856.2423217724557
11.369471785006823        857.2913859309102
11.456435493852453        858.3404500893647
11.543399202698083        859.0606402876601
11.630362911543713        859.7808304859557
11.717326620389342        860.5010206842512
11.804290329234973        861.2212108825468
11.891254038080605        861.9110186723792
11.978217746926235        862.6008264622117
12.065181455771867        863.2906342520441
12.1521451646175          863.9804420418766
12.239108873463131        864.6152528716622
12.326072582308761        865.2500637014477
12.413036291154391        865.8848745312334
12.500000000000021        866.519685361019
12.58696370884565         867.1104659381473
12.673927417691282        867.7012465152757
12.760891126536913        868.2920270924039
12.847854835382542        868.8828076695323
12.934818544228174        869.4746602852301
13.021782253073804        870.0665129009279
13.108745961919434        870.6583655166257
13.195709670765067        871.2502181323235
13.282673379610696        871.7900871881702
13.369637088456326        872.3299562440168
13.456600797301956        872.8698252998634
13.543564506147586        873.40969435571
13.630528214993218        873.909351225107
13.717491923838848        874.4090080945041
13.804455632684478        874.9086649639011
13.891419341530108        875.408321833298
13.978383050375738        875.8669033391841
14.065346759221368        876.3254848450702
14.152310468067           876.7840663509563
14.23927417691263         877.2426478568424
14.32623788575826         877.5072625019524
14.41320159460389         877.7718771470622
14.50016530344952         878.0364917921722
14.587129012295152        878.3011064372821
14.67409272114078         878.6871510623077
14.761056429986413        879.0731956873335
14.848020138832043        879.4592403123593
14.934983847677671        879.845284937385
15.021947556523303        880.1255346703041
15.108911265368933        880.4057844032233
15.195874974214563        880.6860341361423
15.282838683060193        880.9662838690615
15.369802391905825        881.3068285483803
15.456766100751455        881.647373227699
15.543729809597085        881.9879179070176
15.630693518442717        882.3284625863364
15.717657227288344        882.594347396034
15.804620936133974        882.8602322057313
15.891584644979604        883.1261170154289
15.978548353825236        883.3920018251264
16.065512062670866        883.6662103792482
16.1524757715165          883.94041893337
16.239439480362133        884.2146274874918
16.326403189207763        884.4888360416137
16.413366898053393        884.6930800130738
16.500330606899023        884.8973239845337
16.587294315744654        885.1015679559937
16.674258024590287        885.3058119274538
16.761221733435917        885.4654734851488
16.848185442281544        885.6251350428437
16.93514915112717         885.7847966005386
17.0221128599728          885.9444581582336
17.10907656881843         886.1272123679659
17.196040277664064        886.3099665776982
17.283003986509698        886.4927207874305
17.369967695355328        886.6754749971628
17.456931404200958        886.8655208884975
17.543895113046588        887.055566779832
17.630858821892218        887.2456126711666
17.71782253073785         887.4356585625012
17.80478623958348         887.5599580404851
17.89174994842911         887.6842575184689
17.97871365727474         887.8085569964527
18.06567736612037         887.9328564744366
18.152641074966           888.1044816117212
18.23960478381163         888.2761067490059
18.32656849265726         888.4477318862905
18.41353220150289         888.6193570235752
18.500495910348523        888.7387073380064
18.587459619194153        888.8580576524377
18.674423328039783        888.9774079668689
18.761387036885413        889.0967582813001
18.848350745731043        889.1906151939008
18.935314454576677        889.2844721065014
19.022278163422307        889.3783290191021
19.109241872267937        889.4721859317028
19.196205581113567        889.5710850201352
19.283169289959197        889.6699841085676
19.370132998804827        889.7688831969999
19.45709670765046         889.8677822854323
19.54406041649609         889.9673433195569
19.63102412534172         890.0669043536816
19.71798783418735         890.1664653878063
19.80495154303298         890.266026421931
19.89191525187861         890.38162848352
19.97887896072424         890.4972305451092
20.06584266956987         890.6128326066982
20.1528063784155          890.7284346682874
20.23977008726113         890.8081939327675
20.326733796106762        890.8879531972476
20.4136975049524          890.9677124617277
20.50066121379803         891.0474717262078
20.58762492264366         891.1039393605215
20.674588631489286        891.1604069948351
20.761552340334916        891.2168746291486
20.848516049180546        891.2733422634622
20.935479758026176        891.3444093721993
21.022443466871806        891.4154764809363
21.109407175717436        891.4865435896734
21.196370884563066        891.5576106984104
21.283334593408696        891.627638489648
21.37029830225433         891.6976662808856
21.457262011099964        891.7676940721234
21.544225719945594        891.837721863361
21.631189428791227        891.8785481467378
21.718153137636858        891.9193744301144
21.805116846482484        891.9602007134911
21.892080555328118        892.0010269968677
21.979044264173744        892.0509489145298
22.066007973019378        892.100870832192
22.152971681865008        892.1507927498542
22.239935390710638        892.2007146675163
22.326899099556268        892.2394958144325
22.413862808401895        892.2782769613488
22.50082651724752         892.317058108265
22.58779022609315         892.3558392551812
22.67475393493878         892.39763082151
22.761717643784415        892.4394223878388
22.84868135263005         892.4812139541676
22.93564506147568         892.5230055204964
23.022608770321312        892.5610034757973
23.109572479166943        892.5990014310981
23.196536188012573        892.636999386399
23.283499896858206        892.6749973416999
23.37014990755835         892.7107594914496
23.456799918258497        892.7465216411995
23.543449928958648        892.7822837909494
23.630099939658795        892.8180459406991
23.71674995035894         892.8491547328522
23.80339996105909         892.8802635250054
23.890049971759236        892.9113723171585
23.976699982459383        892.9424811093115
24.062336726064725        892.9667226713262
24.147973469670074        892.9909642333407
24.23361021327542         893.0152057953554
24.319246956880765        893.03944735737
24.404883700486113        893.0624891551092
24.49052044409145         893.0855309528486
24.576157187696797        893.1085727505879
24.661793931302146        893.1316145483271
24.746345448476607        893.1455470029275
24.83089696565107         893.1594794575278
24.915448482825536        893.1734119121281
24.999999999999996        893.1873443667284
0                         316.57865267113993
0.07895859135224385       315.1006602869531
0.1579171827044877        313.62266790276624
0.23687577405673155       312.14467551857945
0.3158343654089754        310.6666831343926
0.39533687329325334       316.4414260079444
0.4748393811775313        322.2161688814962
0.5543418890618091        327.99091175504793
0.6338443969460872        333.7656546285997
0.7136491568693036        342.2517835782769
0.79345391679252          350.73791252795405
0.8732586767157364        359.2240414776312
0.9530634366389529        367.7101704273084
1.032868196562169         377.59754893009983
1.1126729564853857        387.4849274328912
1.1924777164086018        397.37230593568256
1.2722824763318181        407.259684438474
1.3524231867662964        416.58365084866796
1.4325638972007746        425.9076172588618
1.5127046076352528        435.23158366905574
1.592845318069731         444.55555007924966
1.6729860285042093        456.9109177859931
1.7531267389386873        469.26628549273653
1.8332674493731658        481.62165319947997
1.913408159807644         493.9770209062234
1.9935869732912679        502.10390059865676
2.0737657867748918        510.23078029109024
2.153944600258516         518.3576599835237
2.234123413742139         526.4845396759571
2.3143022272257627        533.1819833163568
2.394481040709386         539.8794269567566
2.4746598541930096        546.5768705971562
2.554838667676633         553.2743142375559
2.6350415816469828        563.421277518087
2.7152444956173323        573.5682407986179
2.7954474095876822        583.7152040791489
2.8756503235580317        593.8621673596799
2.955853237528382         602.415448738655
3.0360561514987316        610.96873011763
3.116259065469081         619.522011496605
3.1964619794394307        628.0752928755801
3.2766648934097806        635.0770374567118
3.3568678073801292        642.0787820378434
3.437070721350478         649.0805266189752
3.517273635320828         656.0822712001069
3.5974765492911773        662.0916253247608
3.6776794632615277        668.1009794494146
3.7578823772318772        674.1103335740684
3.8380852912022276        680.1196876987221
3.9182882051725776        684.9687594805516
3.998491119142927         689.8178312623811
4.078694033113277         694.6669030442107
4.158896947083626         699.5159748260402
4.239099861053976         704.0069582436217
4.319302775024326         708.4979416612034
4.399505688994675         712.988925078785
4.479708602965025         717.4799084963665
4.559911516935374         720.9097735067169
4.640114430905725         724.3396385170673
4.720317344876075         727.7695035274178
4.800520258846424         731.1993685377681
4.880723172816774         734.8139711626542
4.960926086787124         738.4285737875405
5.041129000757473         742.0431764124265
5.121331914727823         745.6577790373127
5.201534828698173         749.9756717302716
5.281737742668522         754.2935644232305
5.361940656638871         758.6114571161894
5.44214357060922          762.9293498091483
5.522346484579571         765.3049678249505
5.602549398549921         767.6805858407527
5.68275231252027          770.0562038565547
5.762955226490621         772.4318218723569
5.843158140460971         775.3926707360821
5.92336105443132          778.3535195998074
6.00356396840167          781.3143684635327
6.083766882372019         784.2752173272579
6.163969796342368         786.0121492958158
6.244172710312718         787.7490812643737
6.324375624283067         789.4860132329316
6.404578538253416         791.2229452014894
6.484781452223767         792.8360420505807
6.564984366194117         794.4491388996719
6.645187280164468         796.062235748763
6.7253901941348175        797.6753325978542
6.8055931081051675        799.6014942437937
6.8857960220755166        801.5276558897333
6.965998936045865         803.4538175356729
7.046201850016214         805.3799791816124
7.126404763986565         807.2624400096631
7.206607677956914         809.144900837714
7.286810591927264         811.0273616657647
7.3670135058976145        812.9098224938155
7.447216419867964         814.5130469257801
7.5274193338383135        816.1162713577446
7.607622247808662         817.7194957897092
7.687825161779012         819.3227202216738
7.768028075749362         820.8697948377497
7.848230989719712         822.4168694538257
7.928433903690061         823.9639440699018
8.008636817660411         825.5110186859778
8.08883973163076          826.5577284352212
8.169042645601108         827.6044381844645
8.24924555957146          828.6511479337079
8.329448473541808         829.6978576829513
8.409651387512158         830.7688141279293
8.489854301482508         831.8397705729074
8.570057215452858         832.9107270178854
8.650260129423208         833.9816834628634
8.73046304339356          835.0041194274413
8.81066595736391          836.0265553920192
8.89086887133426          837.0489913565972
8.971071785304611         838.0714273211751
9.051274699274959         838.9416058539216
9.131477613245307         839.8117843866683
9.211680527215659         840.6819629194149
9.291883441186007         841.5521414521615
9.372086355156357         842.3758021235396
9.452289269126705         843.1994627949177
9.532492183097055         844.0231234662958
9.612695097067405         844.8467841376739
9.692898011037753         845.5927572232562
9.773100925008105         846.3387303088385
9.853303838978455         847.0847033944208
9.933506752948803         847.8306764800031
10.013709666919155        848.5063484106101
10.093912580889503        849.1820203412171
10.174115494859851        849.857692271824
10.254318408830201        850.533364202431
10.33452132280055         851.1440946393272
10.414724236770898        851.7548250762236
10.494927150741248        852.36555551312
10.575130064711598        852.9762859500163
10.655332978681946        853.5363774567888
10.735535892652297        854.0964689635614
10.815738806622647        854.656560470334
10.895941720592996        855.2166519771065
10.976144634563347        855.7125562003847
11.056347548533697        856.2084604236629
11.136550462504047        856.704364646941
11.216753376474397        857.2002688702192
11.296956290444747        857.6576998472016
11.377159204415094        858.1151308241838
11.45736211838544         858.5725618011661
11.53756503235579         859.0299927781483
11.61776794632614         859.430483159761
11.697970860296488        859.8309735413739
11.77817377426684         860.2314639229866
11.85837668823719         860.6319543045993
11.938579602207538        860.9988250766988
12.018782516177891        861.3656958487984
12.09898543014824         861.732566620898
12.17918834411859         862.0994373929975
12.25939125808894         862.4283593526703
12.339594172059288        862.7572813123431
12.419797086029636        863.0862032720158
12.499999999999986        863.4151252316886
12.580202913970336        863.7092893493483
12.660405827940684        864.0034534670081
12.740608741911036        864.2976175846677
12.820811655881386        864.5917817023275
12.901014569851734        864.8651687473553
12.981217483822082        865.1385557923832
13.061420397792432        865.411942837411
13.14162331176278         865.6853298824387
13.22182622573313         865.9389344646956
13.302029139703482        866.1925390469526
13.382232053673832        866.4461436292096
13.462434967644182        866.6997482114665
13.542637881614533        866.9230834640996
13.622840795584883        867.1464187167328
13.703043709555232        867.369753969366
13.783246623525583        867.5930892219992
13.863449537495931        867.7858129175663
13.94365245146628         867.9785366131337
14.02385536543663         868.1712603087008
14.104058279406978        868.363984004268
14.184261193377326        868.5430818409301
14.264464107347678        868.7221796775921
14.344667021318026        868.9012775142542
14.424869935288374        869.0803753509161
14.505072849258724        869.2474424499981
14.585275763229074        869.41450954908
14.665478677199422        869.5815766481619
14.745681591169772        869.7486437472438
14.825884505140122        869.9021851373047
14.90608741911047         870.0557265273658
14.986290333080818        870.2092679174268
15.06649324705117         870.3628093074879
15.14669616102152         870.4995634317793
15.22689907499187         870.6363175560707
15.307101988962222        870.7730716803621
15.387304902932572        870.9098258046536
15.467507816902918        871.031056433238
15.547710730873268        871.1522870618223
15.627913644843616        871.2735176904066
15.708116558813964        871.394748318991
15.788319472784318        871.5034713801791
15.868522386754666        871.6121944413671
15.948725300725014        871.7209175025553
16.028928214695366        871.8296405637434
16.109131128665716        871.9419965231368
16.189334042636066        872.0543524825304
16.269536956606412        872.1667084419239
16.349739870576762        872.2790644013173
16.429942784547112        872.3733560110671
16.510145698517462        872.4676476208169
16.590348612487812        872.5619392305668
16.670551526458162        872.6562308403167
16.75075444042851         872.7370539484145
16.83095735439886         872.8178770565125
16.911160268369212        872.8987001646105
16.99136318233956         872.9795232727084
17.07156609630991         873.0587148053571
17.151769010280262        873.1379063380058
17.231971924250608        873.2170978706545
17.312174838220958        873.2962894033031
17.392377752191308        873.3660312154548
17.472580666161658        873.4357730276063
17.552783580132008        873.5055148397578
17.632986494102358        873.5752566519094
17.713189408072708        873.6355261316028
17.793392322043058        873.695795611296
17.873595236013408        873.7560650909894
17.953798149983758        873.8163345706828
18.034001063954108        873.8734028095434
18.114203977924454        873.9304710484041
18.194406891894804        873.9875392872648
18.274609805865154        874.0446075261254
18.354812719835504        874.0954496379927
18.435015633805854        874.1462917498599
18.515218547776204        874.197133861727
18.595421461746554        874.2479759735943
18.675624375716904        874.2957070861096
18.755827289687254        874.343438198625
18.8360302036576          874.3911693111404
18.91623311762795         874.4389004236557
18.9964360315983          874.4826559852467
19.07663894556865         874.5264115468375
19.156841859539           874.5701671084284
19.23704477350935         874.6139226700193
19.3172476874797          874.652953744883
19.39745060145005         874.6919848197468
19.4776535154204          874.7310158946107
19.55785642939075         874.7700469694744
19.6380593433611          874.8070964996208
19.71826225733145         874.8441460297672
19.798465171301793        874.8811955599137
19.878668085272142        874.9182450900602
19.958870999242496        874.9507348797721
20.039073913212842        874.9832246694841
20.119276827183196        875.015714459196
20.199479741153546        875.0482042489081
20.279682655123892        875.0778428793346
20.359885569094242        875.1074815097613
20.440088483064592        875.1371201401879
20.520291397034935        875.1667587706145
20.60049431100529         875.1926362345737
20.68069722497564         875.2185136985328
20.760900138945985        875.2443911624919
20.84110305291634         875.2702686264511
20.92130596688669         875.2919124206744
21.00150888085704         875.3135562148977
21.081711794827388        875.3352000091212
21.161914708797738        875.3568438033445
21.242117622768088        875.3762224332667
21.32232053673844         875.3956010631888
21.402523450708788        875.4149796931109
21.48272636467914         875.434358323033
21.562929278649495        875.4520515081867
21.64313219261984         875.4697446933403
21.723335106590195        875.487437878494
21.803538020560545        875.5051310636477
21.883740934530895        875.5205648609231
21.96394384850124         875.5359986581985
22.044146762471588        875.551432455474
22.124349676441938        875.5668662527494
22.20453853093361         875.5800908577369
22.284727385425285        875.5933154627245
22.36491623991696         875.6065400677121
22.445105094408635        875.6197646726996
22.525293948900313        875.631341859871
22.60548280339199         875.6429190470424
22.68567165788367         875.6544962342136
22.765860512375344        875.666073421385
22.846035307388345        875.6761383790725
22.92621010240134         875.6862033367602
23.006384897414343        875.6962682944477
23.08655969242734         875.7063332521352
23.166683596967594        875.71512143975
23.24680750150785         875.7239096273647
23.326931406048104        875.7326978149795
23.40705531058836         875.7414860025942
23.487116962480485        875.7490005803375
23.56717861437262         875.7565151580807
23.64724026626475         875.7640297358238
23.727301918156883        875.771544313567
23.80723610169769         875.7781630134872
23.887170285238497        875.7847817134075
23.96710446877931         875.7914004133277
24.04703865232012         875.798019113248
24.126972835860926        875.8031675520035
24.206907019401736        875.808315990759
24.286841202942544        875.8134644295145
24.366775386483354        875.8186128682701
24.445928463172933        875.8248727278876
24.525081539862512        875.8311325875052
24.604234616552095        875.8373924471229
24.683387693241674        875.8436523067404
24.762540769931253        875.8457081165689
24.841693846620835        875.8477639263972
24.920846923310418        875.8498197362255
24.999999999999996        875.851875546054
