% Model:              Cav_Hex_Unif_flux_v5.1 - Base Case (v01).mph
% Version:            COMSOL 5.5.0.359
% Date:               Mar 19 2022, 13:49
% Dimension:          1
% Nodes:              1910
% Expressions:        1
% Description:        Line graph
% x                       Height
0                         1321.1612098348405
0.16666666666666674       1320.4780055511676
0.3333333333333335        1319.7948012674947
0.5000000000000002        1319.1115969838218
0.666666666666667         1318.4283927001488
0.8333333333333337        1316.8160807155773
1.0000000000000004        1315.2037687310058
1.1666666666666672        1313.591456746434
1.333333333333334         1311.9791447618625
1.5000000000000007        1310.4036261433976
1.6666666666666674        1308.8281075249329
1.8333333333333341        1307.252588906468
2.000000000000001         1305.677070288003
2.1666666666666674        1303.98959382354
2.333333333333334         1302.3021173590766
2.5000000000000004        1300.6146408946133
2.6666666666666674        1298.9271644301502
2.8333333333333344        1297.2726265029985
3.000000000000001         1295.6180885758467
3.1666666666666683        1293.963550648695
3.333333333333335         1292.3090127215432
3.5000000000000018        1290.6530238894914
3.6666666666666683        1288.9970350574395
3.8333333333333353        1287.3410462253873
4.000000000000002         1285.6850573933355
4.166666666666669         1284.0980173724759
4.333333333333335         1282.510977351616
4.500000000000002         1280.9239373307564
4.666666666666668         1279.3368973098968
4.833333333333336         1277.7819691542866
5.000000000000002         1276.2270409986763
5.166666666666669         1274.6721128430659
5.333333333333336         1273.1171846874556
5.500000000000003         1271.564307182805
5.666666666666669         1270.011429678154
5.833333333333337         1268.4585521735032
6.000000000000003         1266.9056746688525
6.16666666666667          1265.3627495721678
6.333333333333337         1263.819824475483
6.5000000000000036        1262.2768993787981
6.66666666666667          1260.7339742821134
6.833333333333337         1259.2340365777115
7.000000000000003         1257.7340988733094
7.166666666666669         1256.2341611689076
7.333333333333335         1254.7342234645055
7.500000000000003         1253.298587930295
7.666666666666669         1251.8629523960844
7.833333333333337         1250.427316861874
8.000000000000004         1248.9916813276636
8.16666666666667          1247.595475288947
8.333333333333337         1246.1992692502304
8.500000000000004         1244.8030632115137
8.66666666666667          1243.4068571727971
8.833333333333336         1242.0688393829973
9.000000000000002         1240.7308215931976
9.166666666666668         1239.3928038033978
9.333333333333334         1238.054786013598
9.500000000000002         1236.740054112804
9.666666666666668         1235.42532221201
9.833333333333332         1234.110590311216
10                        1232.795858410422
10.166666666666668        1231.5013115894712
10.333333333333336        1230.2067647685205
10.500000000000002        1228.9122179475698
10.66666666666667         1227.6176711266191
10.833333333333336        1226.3849250269684
11.000000000000002        1225.1521789273174
11.166666666666666        1223.9194328276667
11.333333333333332        1222.6866867280157
11.5                      1221.4689770417435
11.666666666666668        1220.251267355471
11.833333333333334        1219.033557669199
12.000000000000002        1217.8158479829267
12.16666666666667         1216.6551585307827
12.333333333333336        1215.4944690786388
12.500000000000002        1214.3337796264948
12.66666666666667         1213.1730901743508
12.833333333333337        1212.0387556300907
13.000000000000005        1210.9044210858306
13.166666666666673        1209.7700865415707
13.333333333333341        1208.6357519973105
13.500000000000007        1207.5274819808085
13.666666666666673        1206.4192119643067
13.833333333333337        1205.3109419478046
14.000000000000004        1204.2026719313026
14.16666666666667         1203.1286514294118
14.333333333333337        1202.054630927521
14.500000000000002        1200.98061042563
14.666666666666668        1199.9065899237391
14.833333333333336        1198.8638229608732
15.000000000000004        1197.8210559980075
15.166666666666668        1196.7782890351418
15.333333333333336        1195.7355220722761
15.500000000000004        1194.7185048647962
15.666666666666673        1193.7014876573162
15.833333333333337        1192.684470449836
16.000000000000007        1191.667453242356
16.16666666666667         1190.6860256429527
16.33333333333334         1189.7045980435494
16.500000000000007        1188.723170444146
16.666666666666675        1187.7417428447427
16.83333333333334         1186.8019872278867
17.000000000000004        1185.8622316110304
17.16666666666667         1184.9224759941744
17.333333333333336        1183.9827203773184
17.5                      1183.0668154929817
17.66666666666667         1182.1509106086448
17.833333333333336        1181.235005724308
18.000000000000004        1180.3191008399713
18.16666666666667         1179.425815079089
18.333333333333336        1178.5325293182068
18.500000000000004        1177.6392435573248
18.66666666666667         1176.7459577964426
18.83333333333334         1175.8898590375309
19.000000000000007        1175.0337602786194
19.16666666666667         1174.1776615197077
19.333333333333343        1173.3215627607963
19.500000000000007        1172.4834137692822
19.66666666666667         1171.6452647777678
19.83333333333334         1170.8071157862537
20.000000000000004        1169.9689667947396
20.16666666666667         1169.1632119907058
20.33333333333334         1168.357457186672
20.500000000000004        1167.5517023826385
20.666666666666675        1166.7459475786047
20.83333333333334         1165.9627070159156
21.000000000000004        1165.1794664532263
21.166666666666675        1164.3962258905372
21.33333333333334         1163.6129853278478
21.500000000000004        1162.8563936827884
21.666666666666675        1162.0998020377292
21.83333333333334         1161.3432103926698
22.000000000000007        1160.5866187476104
22.16666666666667         1159.8675730815266
22.333333333333336        1159.148527415443
22.500000000000007        1158.4294817493594
22.66666666666667         1157.7104360832757
22.833333333333336        1156.992902088231
23                        1156.2753680931862
23.16666666666666         1155.5578340981415
23.33333333333333         1154.8403001030968
23.499999999999996        1154.1730944567396
23.666666666666664        1153.5058888103822
23.833333333333336        1152.838683164025
24.000000000000004        1152.1714775176679
24.16666666666667         1151.4990034606801
24.33333333333334         1150.8265294036923
24.500000000000007        1150.1540553467046
24.666666666666675        1149.4815812897168
24.83333333333334         1148.8328960485078
25.000000000000004        1148.1842108072988
25.16666666666667         1147.53552556609
25.333333333333336        1146.886840324881
25.500000000000004        1146.279238866561
25.66666666666667         1145.6716374082407
25.833333333333336        1145.0640359499207
26.000000000000004        1144.4564344916005
26.16666666666667         1143.850523390789
26.333333333333336        1143.2446122899778
26.500000000000004        1142.6387011891666
26.66666666666667         1142.0327900883553
26.83333333333334         1141.4592085011075
27.000000000000004        1140.8856269138596
27.166666666666664        1140.3120453266115
27.333333333333332        1139.7384637393636
27.499999999999996        1139.1805943352115
27.666666666666664        1138.622724931059
27.83333333333334         1138.064855526907
28.000000000000004        1137.5069861227548
28.16666666666667         1136.9781222499964
28.33333333333334         1136.4492583772383
28.500000000000004        1135.92039450448
28.666666666666675        1135.3915306317217
28.83333333333334         1134.8764339229883
29.000000000000004        1134.3613372142547
29.166666666666668        1133.846240505521
29.333333333333332        1133.3311437967877
29.5                      1132.8403678242958
29.666666666666668        1132.3495918518038
29.83333333333334         1131.8588158793118
30.000000000000007        1131.3680399068198
30.166666666666675        1130.9040496632688
30.33333333333334         1130.4400594197175
30.500000000000007        1129.9760691761662
30.666666666666675        1129.5120789326152
30.833333333333343        1129.0616520143585
31.000000000000007        1128.6112250961019
31.16666666666667         1128.1607981778452
31.33333333333334         1127.7103712595886
31.500000000000007        1127.2868509769562
31.666666666666675        1126.8633306943238
31.833333333333346        1126.4398104116913
32.000000000000014        1126.016290129059
32.16666666666668         1125.6035005725855
32.333333333333336        1125.190711016112
32.5                      1124.7779214596385
32.666666666666664        1124.365131903165
32.833333333333336        1123.9715642727342
33                        1123.5779966423036
33.16666666666668         1123.184429011873
33.33333333333335         1122.790861381442
33.50000000000001         1122.4170379968632
33.66666666666668         1122.0432146122844
33.83333333333334         1121.6693912277058
34                        1121.295567843127
34.166666666666664        1120.9382784083323
34.333333333333336        1120.5809889735378
34.5                      1120.2236995387432
34.666666666666664        1119.8664101039485
34.83333333333333         1119.5264808479278
34.99999999999999         1119.1865515919071
35.166666666666664        1118.8466223358862
35.33333333333333         1118.5066930798655
35.5                      1118.1801180911727
35.666666666666664        1117.85354310248
35.833333333333336        1117.5269681137872
36.00000000000001         1117.2003931250945
36.166666666666664        1116.8973556415635
36.333333333333336        1116.5943181580326
36.50000000000001         1116.2912806745016
36.666666666666664        1115.9882431909707
36.83333333333333         1115.7084520127282
36.99999999999999         1115.4286608344855
37.16666666666665         1115.148869656243
37.33333333333332         1114.8690784780006
37.49999999999999         1114.5981718247992
37.666666666666664        1114.327265171598
37.83333333333333         1114.0563585183963
38                        1113.785451865195
38.16666666666667         1113.52647779533
38.333333333333336        1113.2675037254648
38.50000000000001         1113.0085296556
38.66666666666668         1112.749555585735
38.833333333333336        1112.5138245994722
39.00000000000001         1112.2780936132094
39.16666666666667         1112.042362626947
39.33333333333333         1111.8066316406841
39.49999999999999         1111.5913428216297
39.666666666666664        1111.376054002575
39.83333333333333         1111.1607651835207
39.99999999999999         1110.9454763644662
40.16666666666666         1110.7350732576238
40.33333333333333         1110.5246701507813
40.49999999999999         1110.3142670439388
40.66666666666666         1110.1038639370963
40.83333333333333         1109.9217004967686
40.99999999999999         1109.7395370564407
41.16666666666667         1109.5573736161127
41.33333333333334         1109.375210175785
41.50000000000001         1109.1921673239858
41.66666666666667         1109.0091244721866
41.833333333333336        1108.8260816203874
41.99999999999999         1108.6430387685882
42.166666666666664        1108.4865903982845
42.33333333333332         1108.3301420279806
42.499999999999986        1108.1736936576767
42.66666666666665         1108.017245287373
42.83333333333332         1107.8736277125463
43                        1107.7300101377195
43.16666666666667         1107.586392562893
43.33333333333334         1107.4427749880663
43.500000000000014        1107.3089184526164
43.66666666666667         1107.1750619171662
43.83333333333334         1107.0412053817163
44.000000000000014        1106.9073488462664
44.16666666666667         1106.7856961920938
44.333333333333336        1106.6640435379213
44.5                      1106.5423908837486
44.66666666666666         1106.420738229576
44.83333333333333         1106.3191259408413
45                        1106.2175136521064
45.16666666666666         1106.1159013633717
45.33333333333333         1106.014289074637
45.5                      1105.9225289936849
45.666666666666664        1105.8307689127328
45.833333333333336        1105.7390088317804
46                        1105.6472487508283
46.16666666666667         1105.567297532475
46.33333333333332         1105.487346314122
46.499999999999986        1105.4073950957688
46.66666666666666         1105.3274438774156
46.833333333333314        1105.265136395897
46.999999999999986        1105.2028289143782
47.16666666666666         1105.1405214328593
47.333333333333314        1105.0782139513406
47.499999999999986        1105.0292713546532
47.666666666666664        1104.9803287579662
47.83333333333333         1104.9313861612789
48                        1104.8824435645915
48.16666666666667         1104.8446151794885
48.33333333333333         1104.8067867943855
48.499999999999986        1104.7689584092823
48.66666666666666         1104.7311300241793
48.83333333333332         1104.7097027813488
48.999999999999986        1104.6882755385182
49.16666666666665         1104.6668482956875
49.333333333333314        1104.645421052857
49.499999999999986        1104.6365261973622
49.66666666666666         1104.6276313418675
49.833333333333336        1104.6187364863727
50                        1104.6098416308778
0                         1045.2330330601862
0.15432098765432078       1044.0718561185017
0.30864197530864157       1042.910679176817
0.4629629629629624        1041.7495022351325
0.6172839506172831        1040.472580931458
0.771604938271604         1039.1956596277832
0.9259259259259248        1037.9187383241087
1.0802469135802455        1036.6276703968379
1.2345679012345658        1035.336602469567
1.3888888888888866        1034.045534542296
1.5432098765432076        1032.7999534632715
1.6975308641975286        1031.5543723842472
1.8518518518518499        1030.3087913052227
2.00617283950617          1029.0479115547553
2.160493827160491         1027.7870318042878
2.3148148148148118        1026.5261520538204
2.469135802469132         1025.2780788408525
2.623456790123453         1024.0300056278843
2.7777777777777737        1022.7819324149164
2.9320987654320945        1021.5318653742423
3.0864197530864153        1020.2817983335683
3.2407407407407365        1019.0317312928943
3.3950617283950573        1017.7763214927323
3.549382716049378         1016.5209116925704
3.7037037037036993        1015.2655018924085
3.858024691358019         1014.0305432758516
4.012345679012339         1012.7955846592948
4.166666666666659         1011.560626042738
4.32098765432098          1010.3447081945868
4.475308641975301         1009.1287903464355
4.6296296296296235        1007.9128724982843
4.783950617283944         1006.7256378932974
4.938271604938263         1005.5384032883104
5.092592592592585         1004.3511686833234
5.246913580246906         1003.1610673530168
5.401234567901227         1001.9709660227102
5.555555555555548         1000.7808646924036
5.7098765432098695        999.5920821747724
5.86419753086419          998.403299657141
6.018518518518512         997.2145171395097
6.172839506172833         996.0313847527061
6.3271604938271535        994.8482523659026
6.481481481481475         993.665119979099
6.635802469135796         992.502418438568
6.790123456790116         991.339716898037
6.944444444444437         990.177015357506
7.098765432098758         989.0423922704298
7.253086419753078         987.9077691833534
7.407407407407399         986.773146096277
7.56172839506172          985.6730136953005
7.716049382716038         984.5728812943238
7.87037037037036          983.4727488933472
8.024691358024679         982.3892480928246
8.179012345678998         981.3057472923018
8.33333333333332          980.2222464917791
8.487654320987641         979.1846995928637
8.641975308641962         978.1471526939481
8.796296296296283         977.1096057950326
8.950617283950603         976.0848674481216
9.104938271604924         975.0601291012105
9.259259259259245         974.0353907542993
9.413580246913565         973.0366261314649
9.567901234567886         972.0378615086304
9.722222222222207         971.0390968857959
9.876543209876527         970.0618528844784
10.030864197530846        969.0846088831607
10.185185185185167        968.1073648818432
10.339506172839487        967.1503741395936
10.493827160493808        966.193383397344
10.64814814814813         965.2363926550944
10.802469135802449        964.3090531704479
10.956790123456768        963.3817136858013
11.11111111111109         962.4543742011548
11.26543209876541         961.555666420563
11.419753086419732        960.6569586399711
11.574074074074053        959.7582508593791
11.728395061728374        958.8820849651402
11.882716049382694        958.005919070901
12.037037037037015        957.1297531766619
12.191358024691338        956.2744869109792
12.345679012345657        955.4192206452965
12.49999999999998         954.5639543796138
12.654320987654302        953.7310935056547
12.808641975308621        952.8982326316955
12.962962962962942        952.0653717577362
13.117283950617262        951.2518393174224
13.271604938271581        950.4383068771084
13.4259259259259          949.6247744367945
13.580246913580222        948.8386668202081
13.734567901234541        948.0525592036215
13.88888888888886         947.266451587035
14.043209876543182        946.4969101264
14.197530864197505        945.7273686657649
14.351851851851828        944.9578272051298
14.506172839506146        944.211400729348
14.660493827160465        943.4649742535662
14.814814814814785        942.7185477777844
14.969135802469106        941.9890564686286
15.123456790123425        941.2595651594727
15.277777777777747        940.5300738503167
15.43209876543207         939.8273892577506
15.586419753086393        939.1247046651844
15.740740740740716        938.4220200726181
15.895061728395037        937.736545785628
16.049382716049355        937.0510714986376
16.203703703703674        936.3655972116474
16.358024691357997        935.7064301189788
16.51234567901232         935.04726302631
16.666666666666643        934.3880959336414
16.820987654320962        933.7476645496047
16.97530864197528         933.1072331655678
17.1296296296296          932.466801781531
17.283950617283924        931.8455732937501
17.438271604938244        931.2243448059692
17.592592592592567        930.6031163181882
17.746913580246886        930.0014977147124
17.901234567901202        929.3998791112366
18.05555555555552         928.7982605077608
18.209876543209845        928.2139243781018
18.364197530864168        927.6295882484427
18.51851851851849         927.0452521187837
18.672839506172814        926.4789733020306
18.827160493827133        925.9126944852774
18.981481481481453        925.3464156685243
19.135802469135776        924.7945411152086
19.290123456790095        924.2426665618927
19.444444444444418        923.690792008577
19.59876543209874         923.1564567993652
19.753086419753057        922.6221215901533
19.90740740740738         922.0877863809413
20.061728395061703        921.5709320742909
20.216049382716026        921.0540777676404
20.370370370370345        920.5372234609899
20.52469135802467         920.0356071128581
20.679012345678984        919.5339907647261
20.833333333333304        919.0323744165942
20.987654320987627        918.5429358151064
21.141975308641946        918.0534972136185
21.29629629629627         917.5640586121306
21.450617283950592        917.0899751363136
21.604938271604908        916.6158916604963
21.75925925925923         916.1418081846792
21.91358024691356         915.6825958948253
22.067901234567884        915.2233836049713
22.22222222222221         914.7641713151174
22.376543209876527        914.3185105920437
22.530864197530843        913.8728498689699
22.685185185185162        913.4271891458961
22.83950617283948         912.9949104384372
22.9938271604938          912.562631730978
23.148148148148117        912.1303530235188
23.30246913580244         911.7122508979575
23.456790123456763        911.294148772396
23.61111111111109         910.8760466468348
23.765432098765412        910.4704426624927
23.919753086419732        910.0648386781505
24.074074074074055        909.6592346938083
24.22839506172837         909.2662163815223
24.38271604938269         908.8731980692361
24.537037037037013        908.48017975695
24.691358024691336        908.0989473218691
24.845679012345656        907.7177148867881
24.99999999999998         907.3364824517073
25.154320987654298        906.9670747789819
25.308641975308618        906.5976671062564
25.46296296296294         906.2282594335309
25.617283950617267        905.8699366348
25.77160493827159         905.5116138360688
25.92592592592591         905.1532910373378
26.080246913580233        904.8054051455358
26.234567901234552        904.4575192537337
26.38888888888887         904.1096333619317
26.543209876543195        903.7757668266008
26.697530864197514        903.4419002912699
26.851851851851833        903.108033755939
27.006172839506156        902.7831780601944
27.16049382716048         902.4583223644497
27.314814814814802        902.1334666687051
27.469135802469122        901.8218235601879
27.623456790123438        901.5101804516707
27.777777777777757        901.1985373431536
27.93209876543208         900.8947315585344
28.0864197530864          900.5909257739152
28.240740740740726        900.287119989296
28.39506172839505         899.9917361878535
28.549382716049372        899.6963523864107
28.703703703703688        899.4009685849679
28.858024691358015        899.1162677855647
29.012345679012334        898.8315669861613
29.166666666666654        898.546866186758
29.32098765432098         898.2708458078905
29.4753086419753          897.994825429023
29.62962962962962         897.7188050501554
29.783950617283942        897.4528669991581
29.938271604938258        897.1869289481608
30.092592592592577        896.9209908971635
30.2469135802469          896.6653764143742
30.40123456790122         896.4097619315849
30.55555555555554         896.1541474487956
30.709876543209862        895.907778845204
30.864197530864182        895.6614102416122
31.018518518518505        895.4150416380205
31.172839506172828        895.1792387632931
31.32716049382714         894.9434358885655
31.481481481481456        894.707633013838
31.635802469135783        894.4778693130161
31.79012345679011         894.2481056121941
31.94444444444443         894.0183419113721
32.09876543209875         893.7982230021213
32.253086419753075        893.5781040928703
32.40740740740739         893.3579851836192
32.56172839506172         893.1461448271517
32.71604938271604         892.934304470684
32.87037037037036         892.7224641142163
33.02469135802468         892.5185057598823
33.17901234567899         892.314547405548
33.33333333333331         892.1105890512138
33.48765432098763         891.9152133306789
33.64197530864195         891.7198376101438
33.79629629629628         891.5244618896088
33.9506172839506          891.3356462219476
34.10493827160492         891.1468305542863
34.25925925925924         890.958014886625
34.41358024691357         890.7765612529381
34.56790123456789         890.5951076192512
34.72222222222221         890.4136539855642
34.87654320987653         890.2416665328633
35.030864197530846        890.0696790801622
35.18518518518517         889.8976916274612
35.33950617283949         889.731956693438
35.49382716049381         889.5662217594146
35.64814814814813         889.4004868253913
35.802469135802454        889.2423517183124
35.95679012345678         889.0842166112334
36.11111111111109         888.9260815041544
36.26543209876542         888.7742069172137
36.41975308641974         888.622332330273
36.57407407407406         888.4704577433324
36.728395061728385        888.3249674789507
36.8827160493827          888.1794772145689
37.03703703703703         888.0339869501871
37.19135802469135         887.8951840383579
37.34567901234566         887.7563811265286
37.499999999999986        887.6175782146993
37.65432098765431         887.4861542935109
37.80864197530863         887.3547303723224
37.96296296296295         887.2233064511338
38.11728395061727         887.0966669652032
38.271604938271594        886.9700274792725
38.42592592592591         886.8433879933418
38.58024691358024         886.7234673636958
38.734567901234556        886.6035467340496
38.888888888888886        886.4836261044035
39.04320987654321         886.3697732629053
39.19753086419752         886.2559204214068
39.35185185185184         886.1420675799085
39.50617283950616         886.0351769923249
39.66049382716049         885.928286404741
39.8148148148148          885.8213958171573
39.96913580246912         885.7186402254233
40.12345679012344         885.6158846336891
40.277777777777764        885.513129041955
40.4320987654321          885.4174014896819
40.586419753086425        885.3216739374085
40.74074074074075         885.2259463851352
40.89506172839507         885.1355848033659
41.04938271604938         885.0452232215963
41.203703703703695        884.9548616398268
41.35802469135802         884.8693327916676
41.51234567901234         884.7838039435081
41.66666666666666         884.6982750953487
41.82098765432098         884.6180678199048
41.97530864197531         884.5378605444608
42.129629629629626        884.457653269017
42.28395061728395         884.38276211205
42.438271604938265        884.3078709550831
42.59259259259259         884.2329797981162
42.74691358024691         884.1641886347103
42.901234567901234        884.0953974713044
43.05555555555556         884.0266063078985
43.20987654320987         883.9622661136672
43.364197530864196        883.8979259194358
43.51851851851851         883.8335857252044
43.67283950617283         883.7746761205365
43.82716049382715         883.7157665158685
43.98148148148147         883.6568569112005
44.135802469135804        883.6029873810953
44.29012345679012         883.54911785099
44.44444444444444         883.4952483208848
44.59876543209877         883.4465913412386
44.75308641975309         883.3979343615921
44.90740740740741         883.3492773819457
45.06172839506173         883.3045407997676
45.21604938271605         883.2598042175891
45.37037037037037         883.2150676354107
45.52469135802468         883.1756296705427
45.679012345679006        883.1361917056744
45.83333333333333         883.0967537408062
45.98765432098766         883.0616500127419
46.141975308641975        883.0265462846775
46.29629629629629         882.9914425566132
46.45061728395061         882.9603691349471
46.60493827160493         882.929295713281
46.75925925925925         882.898222291615
46.91358024691358         882.8712506492616
47.067901234567906        882.8442790069081
47.22222222222223         882.8173073645546
47.37654320987655         882.7946537177077
47.53086419753086         882.7720000708606
47.685185185185176        882.7493464240135
47.83950617283951         882.7317993860738
47.99382716049383         882.714252348134
48.14814814814815         882.6967053101941
48.30246913580248         882.6810205349294
48.45679012345679         882.6653357596646
48.611111111111114        882.6496509843998
48.76543209876544         882.639605883648
48.91975308641975         882.6295607828959
49.074074074074076        882.6195156821437
49.2283950617284          882.6131325511991
49.382716049382715        882.6067494202543
49.53703703703704         882.6003662893096
49.69135802469137         882.5984937627832
49.845679012345684        882.5966212362566
50                        882.5947487097301
0                         1021.7246259234188
0.13020833333333334       1020.7355315837116
0.2604166666666667        1019.7464372440044
0.390625                  1018.7573429042972
0.5208333333333334        1017.8183823930098
0.6510416666666665        1016.8794218817222
0.7812499999999999        1015.9404613704348
0.9114583333333333        1015.0052420961754
1.0416666666666665        1014.0700228219157
1.1718749999999998        1013.1348035476561
1.302083333333333         1012.2419320739116
1.4322916666666663        1011.3490606001668
1.5624999999999996        1010.456189126422
1.692708333333333         1009.586674916356
1.8229166666666663        1008.7171607062897
1.9531249999999993        1007.8476464962237
2.083333333333333         1006.9409425043236
2.2135416666666656        1006.0342385124235
2.343749999999999         1005.1275345205235
2.473958333333332         1004.2049069851982
2.6041666666666656        1003.2822794498728
2.734374999999999         1002.3596519145475
2.8645833333333326        1001.4035410888445
2.994791666666666         1000.4474302631412
3.124999999999999         999.4913194374379
3.255208333333333         998.4929179664286
3.385416666666667         997.4945164954191
3.515625                  996.4961150244097
3.6458333333333335        995.4803215821538
3.7760416666666665        994.4645281398978
3.90625                   993.4487346976417
4.036458333333333         992.4384581713942
4.166666666666666         991.4281816451467
4.296874999999999         990.4179051188991
4.427083333333332         989.4108606053395
4.557291666666665         988.4038160917798
4.687499999999998         987.3967715782203
4.817708333333332         986.396958431513
4.947916666666665         985.3971452848056
5.078124999999999         984.3973321380981
5.208333333333333         983.3857126727743
5.338541666666667         982.3740932074503
5.46875                   981.3624737421263
5.598958333333332         980.3185758731759
5.729166666666665         979.2746780042253
5.859374999999999         978.2307801352747
5.989583333333333         977.1878878841954
6.119791666666667         976.1449956331161
6.25                      975.1021033820367
6.380208333333334         974.0616480368556
6.510416666666667         973.0211926916744
6.640625                  971.9807373464932
6.770833333333334         970.9504108557953
6.901041666666666         969.9200843650973
7.03125                   968.8897578743993
7.161458333333334         967.8802595065813
7.291666666666667         966.8707611387632
7.421875000000001         965.8612627709452
7.552083333333334         964.8777846381564
7.682291666666667         963.8943065053675
7.8125                    962.9108283725785
7.942708333333333         961.9501878921976
8.072916666666666         960.9895474118165
8.203125                  960.0289069314355
8.333333333333336         959.095179323027
8.463541666666668         958.1614517146184
8.59375                   957.2277241062098
8.723958333333336         956.318743798145
8.854166666666668         955.40976349008
8.984375000000002         954.5007831820151
9.114583333333334         953.6119181178818
9.244791666666666         952.7230530537483
9.375                     951.8341879896149
9.505208333333334         950.9637752550659
9.635416666666668         950.0933625205168
9.765625                  949.2229497859679
9.895833333333334         948.3679203120067
10.026041666666668        947.5128908380455
10.15625                  946.6578613640843
10.286458333333336        945.8265546893184
10.416666666666668        944.9952480145524
10.546875                 944.1639413397864
10.677083333333334        943.3574833659214
10.807291666666666        942.5510253920563
10.937500000000002        941.7445674181912
11.067708333333336        940.9601040668638
11.197916666666666        940.1756407155362
11.328125                 939.3911773642088
11.458333333333334        938.6281313928399
11.588541666666668        937.865085421471
11.718750000000002        937.1020394501021
11.848958333333334        936.3577470523594
11.979166666666666        935.6134546546166
12.109375                 934.8691622568738
12.239583333333336        934.146511584086
12.369791666666668        933.4238609112982
12.5                      932.7012102385104
12.630208333333336        931.9955700267237
12.760416666666668        931.2899298149368
12.890625000000002        930.58428960315
13.020833333333336        929.901059687077
13.151041666666668        929.217829771004
13.281250000000002        928.5345998549309
13.411458333333334        927.8700851168296
13.541666666666668        927.2055703787281
13.671875                 926.5410556406267
13.802083333333334        925.900590637057
13.93229166666667         925.2601256334871
14.062500000000002        924.6196606299171
14.192708333333337        923.9854242440719
14.322916666666668        923.3511878582264
14.453125                 922.716951472381
14.583333333333337        922.0986720411406
14.71354166666667         921.4803926099
14.843750000000004        920.8621131786596
14.973958333333336        920.260452946711
15.104166666666668        919.6587927147623
15.234375000000002        919.0571324828137
15.364583333333336        918.4765636230222
15.49479166666667         917.8959947632306
15.625000000000004        917.3154259034392
15.75520833333334         916.7537432189102
15.885416666666673        916.1920605343812
16.01562500000001         915.6303778498522
16.145833333333343        915.0876831223026
16.276041666666675        914.544988394753
16.406250000000007        914.0022936672034
16.53645833333334         913.4765995836104
16.666666666666675        912.9509055000175
16.796875000000007        912.4252114164245
16.927083333333343        911.9165445155005
17.057291666666675        911.4078776145764
17.187500000000007        910.8992107136523
17.317708333333343        910.40625820104
17.447916666666675        909.9133056884276
17.578125000000007        909.4203531758152
17.70833333333334         908.943615366647
17.838541666666668        908.4668775574788
17.968750000000004        907.9901397483106
18.098958333333336        907.5275504215988
18.229166666666668        907.0649610948868
18.359375                 906.602371768175
18.489583333333336        906.1522992387395
18.61979166666667         905.7022267093038
18.750000000000007        905.2521541798681
18.880208333333343        904.8142527685538
19.01041666666667         904.3763513572395
19.140625000000004        903.9384499459252
19.270833333333343        903.5141302404128
19.401041666666675        903.0898105349002
19.531250000000007        902.6654908293876
19.66145833333334         902.2538467982222
19.79166666666667         901.8422027670565
19.921875000000004        901.4305587358909
20.05208333333334         901.0316974059588
20.182291666666668        900.6328360760264
20.3125                   900.2339747460941
20.442708333333336        899.8475086836153
20.572916666666668        899.4610426211362
20.703125                 899.0745765586572
20.833333333333336        898.7001921211363
20.963541666666668        898.3258076836153
21.09375                  897.9514232460944
21.223958333333336        897.5876883749644
21.354166666666668        897.2239535038343
21.484375                 896.8602186327042
21.614583333333336        896.5067774578536
21.74479166666667         896.1533362830028
21.87500000000001         895.799895108152
22.005208333333343        895.4577725881837
22.135416666666675        895.1156500682152
22.265625000000007        894.7735275482468
22.39583333333334         894.4425163915853
22.526041666666675        894.1115052349237
22.656250000000007        893.7804940782621
22.78645833333334         893.4603517177757
22.91666666666667         893.140209357289
23.046875000000004        892.8200669968024
23.17708333333334         892.510120625102
23.307291666666668        892.2001742534013
23.4375                   891.8902278817008
23.567708333333332        891.5894959628021
23.697916666666668        891.2887640439031
23.828125000000007        890.9880321250042
23.95833333333334         890.6961730315554
24.08854166666667         890.4043139381065
24.218750000000004        890.1124548446576
24.348958333333336        889.8296921040804
24.479166666666668        889.5469293635031
24.609375                 889.2641666229257
24.739583333333336        888.9902420785605
24.869791666666668        888.7163175341951
25.000000000000007        888.4423929898298
25.130208333333343        888.1771647364852
25.260416666666668        887.9119364831405
25.390625                 887.6467082297958
25.520833333333336        887.3899954491545
25.651041666666668        887.1332826685131
25.781250000000007        886.8765698878716
25.91145833333334         886.6281626719825
26.04166666666667         886.3797554560933
26.171875                 886.1313482402041
26.302083333333336        885.8909212542653
26.43229166666667         885.6504942683263
26.562500000000007        885.4100672823873
26.692708333333343        885.1768462975912
26.822916666666675        884.9436253127949
26.953125000000007        884.7104043279986
27.083333333333343        884.4842139017912
27.213541666666675        884.2580234755837
27.343750000000004        884.0318330493762
27.47395833333334         883.8140366562161
27.604166666666668        883.5962402630558
27.734375000000004        883.3784438698956
27.86458333333334         883.1684633315699
27.99479166666667         882.958482793244
28.125000000000004        882.7485022549182
28.25520833333334         882.5407155174361
28.38541666666667         882.3329287799537
28.515625000000004        882.1251420424713
28.64583333333334         881.9210122514548
28.776041666666668        881.7168824604382
28.90625                  881.5127526694216
29.036458333333336        881.3167918398156
29.166666666666668        881.1208310102093
29.296874999999996        880.924870180603
29.427083333333332        880.736194291175
29.557291666666668        880.547518401747
29.687500000000007        880.3588425123189
29.81770833333334         880.1770215595136
29.947916666666668        879.9952006067082
30.078124999999996        879.8133796539028
30.208333333333332        879.6382657163772
30.338541666666664        879.4631517788515
30.468749999999996        879.2880378413258
30.598958333333336        879.1192455312048
30.729166666666668        878.9504532210836
30.859375                 878.7816609109625
30.989583333333336        878.6192683914179
31.119791666666668        878.4568758718731
31.25                     878.2944833523283
31.38020833333334         878.1377921663236
31.510416666666664        877.9811009803188
31.640625000000007        877.8244097943141
31.77083333333334         877.6734895007547
31.901041666666664        877.5225692071951
32.03125                  877.3716489136357
32.16145833333333         877.2258503370042
32.291666666666664        877.0800517603725
32.42187499999999         876.9342531837408
32.55208333333333         876.7938332878174
32.68229166666667         876.6534133918939
32.8125                   876.5129934959705
32.942708333333336        876.37736281071
33.07291666666667         876.2417321254495
33.20312500000001         876.106101440189
33.33333333333334         875.9756594073787
33.463541666666664        875.8452173745683
33.59375                  875.7147753417579
33.72395833333333         875.5889844828013
33.85416666666667         875.4631936238445
33.98437500000001         875.3374027648878
34.11458333333334         875.2166906203769
34.24479166666668         875.0959784758659
34.375000000000014        874.9752663313549
34.50520833333334         874.8590176732815
34.63541666666668         874.742769015208
34.765625                 874.6265203571344
34.895833333333336        874.515236841911
35.026041666666664        874.4039533266874
35.15625                  874.292669811464
35.28645833333334         874.1854986859422
35.416666666666664        874.0783275604203
35.546875                 873.9711564348986
35.677083333333336        873.8689223149235
35.80729166666667         873.7666881949482
35.93750000000001         873.6644540749729
36.067708333333336        873.5652628134804
36.19791666666667         873.4660715519879
36.328125                 873.3668802904953
36.458333333333336        873.2718496748234
36.58854166666667         873.1768190591514
36.71875                  873.0817884434794
36.848958333333336        872.9908153822755
36.97916666666667         872.8998423210716
37.10937500000001         872.8088692598676
37.23958333333334         872.7213948393735
37.369791666666664        872.6339204188791
37.5                      872.5464459983848
37.63020833333333         872.4627195279138
37.76041666666667         872.3789930574427
37.89062500000001         872.2952665869716
38.020833333333336        872.2148969041212
38.15104166666667         872.1345272212707
38.28125                  872.0541575384202
38.411458333333336        871.9773801678485
38.54166666666667         871.9006027972766
38.671875                 871.8238254267047
38.802083333333336        871.7503811247432
38.932291666666664        871.6769368227815
39.0625                   871.6034925208199
39.19270833333334         871.5335401284517
39.322916666666664        871.4635877360834
39.453125                 871.3936353437151
39.583333333333336        871.3268848151623
39.71354166666667         871.2601342866093
39.84375000000001         871.1933837580563
39.973958333333336        871.1299680797424
40.10416666666667         871.0665524014285
40.234375                 871.0031367231145
40.36458333333334         870.9428629787033
40.49479166666667         870.8825892342919
40.625                    870.8223154898806
40.755208333333336        870.7652601336587
40.885416666666664        870.7082047774368
41.015625                 870.6511494212149
41.14583333333334         870.5972197927279
41.276041666666664        870.5432901642408
41.40625                  870.4893605357538
41.536458333333336        870.4384832030191
41.66666666666667         870.3876058702843
41.79687500000001         870.3367285375497
41.927083333333336        870.2888254759685
42.05729166666667         870.2409224143871
42.1875                   870.1930193528058
42.317708333333336        870.1480792656586
42.44791666666667         870.1031391785112
42.578125                 870.058199091364
42.708333333333336        870.0161731598002
42.838541666666664        869.9741472282363
42.96875                  869.9321212966724
43.098958333333336        869.8929419037038
43.229166666666664        869.8537625107351
43.359375                 869.8145831177665
43.489583333333336        869.7782385516065
43.61979166666668         869.7418939854464
43.75000000000002         869.7055494192863
43.88020833333335         869.6718771254372
44.01041666666669         869.6382048315879
44.14062500000002         869.6045325377387
44.27083333333336         869.5734794975502
44.40104166666668         869.5424264573617
44.53125                  869.5113734171731
44.661458333333336        869.4828313736658
44.791666666666664        869.4542893301584
44.921875                 869.4257472866511
45.05208333333334         869.399616064145
45.182291666666664        869.3734848416386
45.3125                   869.3473536191323
45.442708333333336        869.323603000254
45.57291666666667         869.2998523813757
45.70312500000001         869.2761017624974
45.833333333333336        869.2545590485562
45.96354166666667         869.2330163346148
46.09375                  869.2114736206736
46.22395833333334         869.1921353268083
46.35416666666667         869.1727970329429
46.484375                 869.1534587390775
46.614583333333336        869.1361983504754
46.744791666666664        869.1189379618733
46.875                    869.1016775732711
47.005208333333336        869.086561045897
47.135416666666664        869.0714445185229
47.265625                 869.0563279911487
47.395833333333336        869.0431882260997
47.52604166666667         869.0300484610505
47.65625000000001         869.0169086960012
47.786458333333336        869.0058677908108
47.916666666666664        868.9948268856202
48.046875                 868.9837859804297
48.177083333333336        868.9746370364719
48.30729166666667         868.965488092514
48.4375                   868.9563391485561
48.567708333333336        868.949374910328
48.69791666666666         868.9424106720996
48.828125                 868.9354464338714
48.958333333333336        868.9303933546812
49.088541666666664        868.9253402754908
49.21875                  868.9202871963005
49.34895833333333         868.9172916496015
49.47916666666667         868.9142961029023
49.60937500000001         868.9113005562033
49.739583333333336        868.9100210436388
49.86979166666667         868.9087415310742
50                        868.9074620185096
0                         1025.7727736886204
0.11655011655011648       1025.0636681319525
0.23310023310023295       1024.3545625752845
0.3496503496503494        1023.6454570186166
0.4662004662004659        1023.1215514024678
0.5827505827505823        1022.5976457863188
0.6993006993006986        1022.0737401701699
0.8158508158508151        1021.5759971833315
0.9324009324009315        1021.0782541964929
1.0489510489510478        1020.5805112096544
1.1655011655011644        1020.1208675897436
1.282051282051281         1019.6612239698326
1.3986013986013972        1019.2015803499216
1.5151515151515136        1018.7666186117441
1.63170163170163          1018.3316568735664
1.7482517482517466        1017.8966951353888
1.864801864801863         1017.3903859848444
1.9813519813519789        1016.8840768342999
2.0979020979020953        1016.3777676837555
2.214452214452212         1015.797157958175
2.3310023310023285        1015.2165482325945
2.447552447552445         1014.635938507014
2.5641025641025617        1013.9925373884428
2.6806526806526785        1013.3491362698715
2.797202797202795         1012.7057351513001
2.9137529137529112        1011.9514070268015
3.030303030303027         1011.1970789023027
3.146853146853144         1010.4427507778039
3.263403263403261         1009.5976397810633
3.3799533799533767        1008.7525287843226
3.4965034965034936        1007.907417787582
3.6130536130536104        1007.0160329067141
3.7296037296037263        1006.1246480258463
3.8461538461538423        1005.2332631449785
3.9627039627039586        1004.3179857394783
4.079254079254075         1003.402708333978
4.195804195804191         1002.4874309284778
4.312354312354309         1001.5771112022186
4.428904428904425         1000.6667914759591
4.545454545454541         999.7564717496997
4.662004662004658         998.8271584652076
4.778554778554773         997.8978451807153
4.89510489510489          996.9685318962231
5.011655011655006         996.0117279285735
5.128205128205123         995.0549239609237
5.24475524475524          994.0981199932739
5.361305361305357         993.083333463304
5.477855477855472         992.0685469333339
5.594405594405589         991.0537604033638
5.710955710955706         989.958400351845
5.827505827505821         988.8630403003259
5.944055944055938         987.767680248807
6.060606060606054         986.6590336799212
6.177156177156172         985.5503871110353
6.293706293706288         984.4417405421495
6.410256410256405         983.3238594737325
6.52680652680652          982.2059784053152
6.643356643356636         981.0880973368982
6.7599067599067535        979.9599579481722
6.876456876456869         978.8318185594462
6.993006993006986         977.7036791707202
7.109557109557102         976.5889542031448
7.226107226107219         975.4742292355693
7.3426573426573345        974.3595042679938
7.459207459207453         973.2885127855119
7.575757575757568         972.2175213030299
7.6923076923076845        971.146529820548
7.808857808857801         970.1082275106977
7.9254079254079155        969.0699252008473
8.041958041958031         968.0316228909968
8.15850815850815          967.0191996908962
8.275058275058266         966.0067764907955
8.391608391608383         964.9943532906948
8.5081585081585           964.0213537697924
8.624708624708617         963.04835424889
8.741258741258733         962.0753547279875
8.85780885780885          961.1299968327904
8.974358974358967         960.1846389375931
9.090909090909083         959.239281042396
9.2074592074592           958.3073978671443
9.324009324009314         957.3755146918926
9.440559440559431         956.4436315166408
9.557109557109547         955.5317415686355
9.673659673659662         954.6198516206302
9.79020979020978          953.707961672625
9.906759906759895         952.8104546255987
10.02331002331001         951.9129475785725
10.139860139860128        951.0154405315462
10.256410256410247        950.1356036492065
10.372960372960362        949.2557667668666
10.48951048951048         948.3759298845267
10.606060606060597        947.5300019878952
10.722610722610714        946.6840740912635
10.83916083916083         945.8381461946319
10.955710955710945        945.0167972158126
11.072261072261062        944.1954482369932
11.188811188811176        943.3740992581739
11.305361305361293        942.5810642995017
11.421911421911409        941.7880293408292
11.538461538461524        940.9949943821567
11.655011655011641        940.2211986671775
11.771561771561757        939.4474029521981
11.888111888111876        938.6736072372188
12.004662004661991        937.9248644520834
12.121212121212109        937.1761216669478
12.237762237762226        936.4273788818123
12.354312354312343        935.6980236335779
12.470862470862459        934.9686683853434
12.587412587412576        934.239313137109
12.703962703962693        933.5267260735834
12.82051282051281         932.8141390100576
12.937062937062926        932.1015519465319
13.053613053613043        931.4189690812684
13.17016317016316         930.7363862160047
13.286713286713274        930.0538033507411
13.403263403263393        929.3881322735415
13.51981351981351         928.7224611963417
13.636363636363626        928.056790119142
13.752913752913742        927.415219051543
13.869463869463857        926.7736479839438
13.986013986013972        926.1320769163445
14.10256410256409         925.5072480551642
14.219114219114203        924.8824191939837
14.335664335664323        924.2575903328031
14.452214452214438        923.638479065082
14.568764568764554        923.0193677973608
14.685314685314669        922.4002565296396
14.801864801864788        921.7968722726597
14.918414918414904        921.1934880156798
15.034965034965019        920.5901037586999
15.151515151515138        920.0105623468146
15.268065268065255        919.4310209349292
15.38461538461537         918.8514795230438
15.501165501165488        918.2912667464614
15.617715617715602        917.7310539698786
15.734265734265719        917.1708411932959
15.850815850815835        916.6324408258293
15.967365967365948        916.0940404583625
16.083916083916066        915.5556400908958
16.20046620046618         915.0391012030346
16.3170163170163          914.5225623151733
16.433566433566416        914.006023427312
16.55011655011653         913.5076635581939
16.66666666666665         913.0093036890756
16.783216783216766        912.5109438199573
16.89976689976688         912.0315341073216
17.016317016317           911.5521243946857
17.132867132867112        911.0727146820499
17.249417249417235        910.6099036198034
17.36596736596735         910.1470925575568
17.482517482517466        909.6842814953102
17.599067599067585        909.238476676093
17.7156177156177          908.7926718568757
17.832167832167812        908.3468670376584
17.948717948717935        907.9176326021905
18.065268065268047        907.4883981667224
18.181818181818162        907.0591637312543
18.298368298368285        906.6405613502242
18.414918414918397        906.2219589691938
18.531468531468512        905.8033565881635
18.648018648018635        905.3954996150223
18.764568764568747        904.9876426418809
18.881118881118866        904.5797856687395
18.99766899766898         904.1856568301263
19.114219114219093        903.7915279915129
19.230769230769212        903.3973991528995
19.347319347319328        903.0164135719847
19.463869463869443        902.6354279910696
19.580419580419562        902.2544424101545
19.696969696969678        901.8873034107927
19.813519813519793        901.5201644114306
19.930069930069912        901.1530254120687
20.046620046620028        900.7985535454136
20.163170163170147        900.4440816787584
20.27972027972026         900.0896098121032
20.396270396270374        899.7487504017183
20.512820512820493        899.4078909913334
20.62937062937061         899.0670315809484
20.745920745920724        898.738852086393
20.862470862470843        898.4106725918375
20.97902097902096         898.082493097282
21.095571095571078        897.7632814131699
21.212121212121197        897.4440697290578
21.328671328671312        897.1248580449457
21.445221445221428        896.815040860824
21.561771561771547        896.5052236767021
21.67832167832166         896.1954064925803
21.794871794871778        895.8970986982713
21.91142191142189         895.5987909039621
22.027972027972005        895.300483109653
22.144522144522124        895.0133561706323
22.261072261072236        894.7262292316115
22.37762237762235         894.4391022925906
22.494172494172474        894.1634200586541
22.610722610722586        893.8877378247175
22.727272727272705        893.612055590781
22.843822843822824        893.3460677947858
22.96037296037294         893.0800799987904
23.07692307692306         892.8140922027951
23.193473193473174        892.5573455614968
23.310023310023286        892.3005989201985
23.426573426573402        892.0438522789001
23.543123543123517        891.7962223074707
23.659673659673633        891.5485923360411
23.776223776223755        891.3009623646116
23.892773892773874        891.0606478045072
24.00932400932399         890.8203332444027
24.12587412587411         890.5800186842982
24.242424242424224        890.3475105600878
24.358974358974336        890.1150024358772
24.475524475524452        889.8824943116666
24.592074592074567        889.6569066813377
24.708624708624686        889.4313190510086
24.825174825174805        889.2057314206795
24.94172494172492         888.9868147999168
25.058275058275036        888.767898179154
25.174825174825152        888.5489815583912
25.291375291375267        888.3371458947018
25.407925407925386        888.1253102310123
25.524475524475505        887.9134745673229
25.641025641025625        887.7076171962951
25.75757575757574         887.5017598252673
25.874125874125856        887.2959024542395
25.990675990675975        887.0972200388084
26.107226107226086        886.8985376233771
26.223776223776202        886.6998552079459
26.34032634032632         886.507877793007
26.456876456876437        886.3159003780679
26.573426573426552        886.1239229631288
26.689976689976675        885.9383302361814
26.806526806526794        885.7527375092338
26.92307692307691         885.5671447822864
27.03962703962703         885.3873136232039
27.156177156177144        885.2074824641213
27.272727272727263        885.0276513050388
27.38927738927738         884.8553095224751
27.505827505827494        884.6829677399111
27.622377622377613        884.5106259573472
27.73892773892773         884.3485602009222
27.855477855477837        884.1864944444969
27.972027972027956        884.0244286880718
28.08857808857807         883.8589382325206
28.205128205128187        883.6934477769692
28.321678321678306        883.5279573214178
28.43822843822842         883.3588658900223
28.554778554778533        883.1897744586267
28.67132867132865         883.0206830272311
28.787878787878768        882.8610373249845
28.904428904428887        882.7013916227378
29.020979020979006        882.5417459204912
29.13752913752912         882.3883889672373
29.25407925407924         882.2350320139834
29.370629370629352        882.0816750607295
29.48717948717947         881.9345937347933
29.60372960372959         881.7875124088572
29.720279720279706        881.640431082921
29.83682983682982         881.4994777624337
29.95337995337994         881.3585244419463
30.06993006993006         881.217571121459
30.18648018648018         881.082043333801
30.30303030303029         880.946515546143
30.419580419580406        880.810987758485
30.536130536130525        880.6810833144149
30.65268065268064         880.5511788703445
30.769230769230752        880.4212744262743
30.885780885780875        880.296203772736
31.002331002330983        880.1711331191976
31.1188811188811          880.0460624656594
31.23543123543122         879.926318772215
31.351981351981333        879.8065750787706
31.46853146853146         879.6868313853263
31.585081585081575        879.5719192025379
31.70163170163169         879.4570070197492
31.81818181818181         879.3420948369607
31.934731934731925        879.2311380799251
32.051282051282044        879.1201813228895
32.16783216783216         879.0092245658539
32.28438228438228         878.9023001666563
32.4009324009324          878.7953757674587
32.51748251748251         878.6884513682611
32.634032634032636        878.5855108850909
32.750582750582744        878.4825704019206
32.86713286713285         878.3796299187504
32.98368298368297         878.2803483542629
33.10023310023309         878.1810667897752
33.216783216783206        878.0817852252875
33.33333333333333         877.9863477095934
33.44988344988344         877.8909101938991
33.56643356643355         877.795472678205
33.68298368298367         877.7034009211221
33.79953379953379         877.6113291640393
33.91608391608391         877.5192574069564
34.03263403263403         877.4310686479931
34.14918414918414         877.3428798890299
34.26573426573425         877.2546911300666
34.382284382284375        877.1701819568341
34.49883449883449         877.0856727836015
34.61538461538462         877.001163610369
34.73193473193473         876.9198916664752
34.84848484848484         876.8386197225813
34.965034965034945        876.7573477786874
35.08158508158507         876.6794844347713
35.19813519813518         876.601621090855
35.3146853146853          876.5237577469388
35.43123543123542         876.4494222167455
35.54778554778554         876.3750866865519
35.66433566433566         876.3007511563584
35.78088578088577         876.2293969456321
35.89743589743589         876.1580427349055
36.013986013986           876.086688524179
36.13053613053612         876.0183255309317
36.24708624708624         875.9499625376844
36.36363636363636         875.8815995444371
36.480186480186475        875.8156512015686
36.59673659673659         875.7497028587
36.713286713286706        875.6837545158313
36.82983682983683         875.620316223841
36.94638694638694         875.5568779318505
37.06293706293706         875.4934396398601
37.179487179487175        875.4323736946563
37.29603729603729         875.3713077494525
37.4125874125874          875.3102418042488
37.52913752913752         875.2512122524905
37.64568764568764         875.1921827007321
37.76223776223776         875.1331531489739
37.87878787878788         875.076449927202
37.99533799533799         875.01974670543
38.111888111888106        874.9630434836579
38.22843822843823         874.9087668709005
38.34498834498835         874.854490258143
38.461538461538474        874.8002136453855
38.57808857808859         874.7482015313724
38.6946386946387          874.6961894173592
38.81118881118881         874.644177303346
38.92773892773893         874.5945620908373
39.04428904428904         874.5449468783283
39.16083916083916         874.4953316658194
39.277389277389275        874.447809875359
39.39393939393939         874.4002880848984
39.510489510489506        874.352766294438
39.627039627039615        874.3075415253066
39.74358974358973         874.2623167561752
39.860139860139846        874.2170919870439
39.976689976689975        874.1741073706415
40.0932400932401          874.1311227542391
40.20979020979022         874.0881381378366
40.326340326340336        874.0472181059124
40.44289044289045         874.0062980739881
40.55944055944056         873.9653780420639
40.675990675990676        873.9266166052831
40.7925407925408          873.8878551685023
40.909090909090914        873.8490937317214
41.02564102564103         873.8124201638138
41.142191142191145        873.7757465959063
41.25874125874126         873.7390730279988
41.375291375291376        873.7043863590168
41.49184149184149         873.6696996900348
41.60839160839161         873.6350130210528
41.72494172494173         873.6023752080666
41.841491841491845        873.5697373950804
41.95804195804196         873.5370995820942
42.074592074592076        873.5062517143194
42.191142191142184        873.4754038465446
42.30769230769231         873.4445559787698
42.42424242424242         873.4156095710069
42.54079254079253         873.3866631632441
42.657342657342646        873.3577167554812
42.77389277389277         873.3307548018627
42.890442890442884        873.303792848244
43.006993006993014        873.2768308946254
43.12354312354312         873.2515787814925
43.24009324009323         873.2263266683594
43.356643356643346        873.2010745552265
43.47319347319347         873.1777002489174
43.589743589743584        873.1543259426081
43.706293706293714        873.130951636299
43.82284382284382         873.1091421285489
43.93939393939393         873.0873326207987
44.05594405594404         873.0655231130486
44.17249417249416         873.0454513259334
44.28904428904428         873.025379538818
44.4055944055944          873.0053077517026
44.52214452214452         872.9868380475829
44.63869463869463         872.9683683434629
44.755244755244746        872.949898639343
44.87179487179487         872.9328559449766
44.98834498834499         872.9158132506101
45.10489510489511         872.8987705562436
45.22144522144522         872.8832546780507
45.33799533799534         872.8677387998575
45.45454545454545         872.8522229216644
45.57109557109558         872.8380792187958
45.68764568764569         872.823935515927
45.80419580419581         872.8097918130583
45.92074592074592         872.7969428980107
46.03729603729604         872.7840939829629
46.15384615384615         872.7712450679152
46.270396270396276        872.7597329675274
46.386946386946384        872.7482208671395
46.5034965034965          872.7367087667516
46.62004662004662         872.7262929774791
46.73659673659674         872.7158771882067
46.85314685314686         872.7054613989343
46.969696969696976        872.6961866451202
47.086247086247084        872.686911891306
47.2027972027972          872.6776371374917
47.31934731934732         872.6695211737407
47.43589743589743         872.6614052099894
47.55244755244755         872.6532892462383
47.66899766899767         872.6461770159918
47.785547785547784        872.6390647857452
47.9020979020979          872.6319525554986
48.01864801864802         872.6259798255719
48.13519813519814         872.620007095645
48.25174825174825         872.6140343657181
48.36829836829837         872.6091138279251
48.484848484848484        872.6041932901319
48.6013986013986          872.5992727523388
48.71794871794872         872.5954752690218
48.834498834498845        872.5916777857046
48.95104895104896         872.5878803023876
49.06759906759908         872.5851882357015
49.18414918414919         872.5824961690151
49.3006993006993          872.5798041023289
49.41724941724942         872.5781466805836
49.53379953379954         872.576489258838
49.65034965034965         872.5748318370926
49.76689976689977         872.574301227725
49.883449883449885        872.5737706183571
50                        872.5732400089893
0                         1000.7282650465828
0.1068376068376069        1001.6872386785192
0.2136752136752138        1002.6462123104554
0.3205128205128207        1003.6051859423917
0.4273504273504276        1004.8686020825116
0.5341880341880345        1006.1320182226316
0.6410256410256413        1007.3954343627515
0.7478632478632482        1008.7250422275092
0.8547008547008551        1010.0546500922668
0.961538461538462         1011.3842579570244
1.068376068376069         1012.6863869613959
1.1752136752136757        1013.9885159657672
1.2820512820512826        1015.2906449701386
1.3888888888888895        1016.5099260008776
1.4957264957264962        1017.7292070316165
1.602564102564103         1018.9484880623554
1.7094017094017102        1020.0635876308709
1.8162393162393171        1021.1786871993861
1.923076923076924         1022.2937867679013
2.0299145299145316        1023.2491917701042
2.1367521367521385        1024.204596772307
2.243589743589745         1025.1600017745097
2.3504273504273514        1025.9000384699061
2.457264957264958         1026.6400751653023
2.5641025641025648        1027.3801118606987
2.6709401709401717        1027.6046264732854
2.7777777777777777        1027.829141085872
2.884615384615384         1028.0536556984584
2.991452991452992         1028.0327666011121
3.0982905982905993        1028.011877503766
3.205128205128207         1027.9909884064198
3.311965811965814         1027.7241577234818
3.4188034188034204        1027.4573270405435
3.5256410256410273        1027.1904963576053
3.6324786324786347        1026.6930489035412
3.7393162393162416        1026.195601449477
3.846153846153848         1025.6981539954127
3.9529914529914554        1025.0709725973338
4.059829059829062         1024.443791199255
4.16666666666667          1023.8166098011761
4.273504273504276         1023.1575980095282
4.380341880341883         1022.4985862178802
4.48717948717949          1021.8395744262322
4.594017094017096         1021.1245125206974
4.700854700854703         1020.4094506151624
4.807692307692309         1019.6943887096276
4.914529914529916         1018.8845796815973
5.021367521367522         1018.0747706535668
5.1282051282051295        1017.2649616255364
5.235042735042737         1016.1345672691721
5.341880341880343         1015.0041729128076
5.448717948717951         1013.8737785564432
5.555555555555558         1012.5286313707154
5.6623931623931645        1011.1834841849876
5.769230769230771         1009.8383369992598
5.876068376068378         1008.3752210613706
5.982905982905985         1006.9121051234812
6.089743589743592         1005.4489891855918
6.196581196581199         1003.9169984355709
6.303418803418807         1002.3850076855498
6.410256410256413         1000.8530169355288
6.517094017094021         999.2153603107373
6.623931623931626         997.5777036859456
6.7307692307692335        995.940047061154
6.837606837606841         994.3086142754552
6.944444444444447         992.6771814897561
7.051282051282055         991.0457487040571
7.158119658119663         989.4777998982535
7.26495726495727          987.9098510924496
7.371794871794877         986.3419022866458
7.478632478632483         984.8406942713129
7.58547008547009          983.33948625598
7.692307692307695         981.838278240647
7.7991452991453025        980.401572580313
7.905982905982909         978.9648669199788
8.012820512820518         977.5281612596447
8.119658119658126         976.1793496026381
8.226495726495733         974.8305379456315
8.33333333333334          973.4817262886248
8.440170940170946         972.1955466990916
8.547008547008554         970.9093671095582
8.65384615384616          969.6231875200249
8.760683760683767         968.3815631396891
8.867521367521373         967.1399387593532
8.97435897435898          965.8983143790173
9.081196581196586         964.6903144215994
9.188034188034193         963.4823144641813
9.2948717948718           962.2743145067633
9.401709401709406         961.0721317957035
9.508547008547012         959.8699490846436
9.61538461538462          958.6677663735837
9.722222222222229         957.5394255759581
9.829059829059835         956.4110847783323
9.935897435897441         955.2827439807065
10.042735042735048        954.1732794917576
10.149572649572654        953.0638150028086
10.25641025641026         951.9543505138596
10.363247863247869        950.8668043747383
10.470085470085476        949.7792582356168
10.576923076923084        948.6917120964954
10.68376068376069         947.6489622305431
10.790598290598295        946.6062123645906
10.8974358974359          945.5634624986383
11.004273504273508        944.5851368152394
11.111111111111114        943.6068111318402
11.21794871794872         942.6284854484412
11.324786324786329        941.6847621590009
11.431623931623935        940.7410388695604
11.538461538461544        939.79731558012
11.645299145299152        938.8794456268687
11.752136752136758        937.9615756736173
11.858974358974367        937.0437057203659
11.965811965811975        936.1536963220838
12.072649572649581        935.2636869238015
12.179487179487188        934.3736775255193
12.286324786324796        933.5473339974819
12.3931623931624          932.7209904694445
12.500000000000007        931.8946469414071
12.606837606837617        931.0772080454788
12.713675213675224        930.2597691495504
12.82051282051283         929.442330253622
12.927350427350436        928.6488603312056
13.034188034188041        927.855390408789
13.141025641025648        927.0619204863725
13.247863247863256        926.2861075199764
13.354700854700862        925.5102945535803
13.461538461538469        924.7344815871842
13.568376068376075        924.022723168521
13.675213675213682        923.3109647498577
13.782051282051288        922.5992063311944
13.888888888888896        921.9117706939488
13.995726495726503        921.2243350567031
14.10256410256411         920.5368994194575
14.209401709401718        919.8627409129678
14.31623931623932         919.1885824064778
14.423076923076927        918.514423899988
14.529914529914535        917.848618209059
14.636752136752142        917.18281251813
14.743589743589748        916.517006827201
14.850427350427358        915.8603740712923
14.957264957264966        915.2037413153834
15.064102564102573        914.5471085594745
15.17094017094018         913.9211677522795
15.277777777777782        913.2952269450844
15.384615384615387        912.6692861378893
15.491452991452999        912.0730431822182
15.598290598290605        911.476800226547
15.705128205128215        910.8805572708758
15.811965811965822        910.3215927584628
15.918803418803428        909.7626282460498
16.025641025641036        909.2036637336367
16.13247863247864         908.6968764846206
16.23931623931625         908.1900892356043
16.346153846153854        907.683301986588
16.452991452991466        907.2014670763098
16.55982905982907         906.7196321660314
16.666666666666682        906.2377972557531
16.773504273504287        905.7758732300731
16.88034188034189         905.313949204393
16.987179487179496        904.8520251787129
17.094017094017108        904.4090534097465
17.200854700854713        903.9660816407801
17.30769230769232         903.5231098718136
17.41452991452993         903.10887194891
17.521367521367534        902.6946340260062
17.62820512820514         902.2803961031024
17.735042735042747        901.8907850355861
17.84188034188035         901.5011739680698
17.94871794871796         901.1115629005535
18.055555555555568        900.7364287107143
18.162393162393172        900.3612945208752
18.26923076923078         899.986160331036
18.376068376068385        899.6208446962685
18.482905982905994        899.2555290615009
18.5897435897436          898.8902134267332
18.696581196581207        898.5374421660634
18.80341880341881         898.1846709053934
18.910256410256423        897.8318996447235
19.01709401709403         897.4954495882083
19.12393162393164         897.158999531693
19.230769230769244        896.8225494751777
19.337606837606852        896.4998524944749
19.444444444444457        896.177155513772
19.551282051282065        895.8544585330692
19.658119658119674        895.5442911435587
19.764957264957282        895.234123754048
19.871794871794886        894.9239563645375
19.978632478632495        894.6280208892842
20.085470085470096        894.3320854140309
20.192307692307704        894.0361499387775
20.299145299145312        893.7613264902303
20.40598290598292         893.4865030416831
20.512820512820525        893.211679593136
20.619658119658133        892.9515083763415
20.726495726495738        892.691337159547
20.833333333333346        892.4311659427525
20.940170940170955        892.1776887022614
21.047008547008563        891.9242114617701
21.153846153846168        891.6707342212788
21.260683760683776        891.4213202384555
21.36752136752138         891.1719062556318
21.474358974358985        890.9224922728083
21.58119658119659         890.6826979076849
21.688034188034198        890.4429035425613
21.794871794871803        890.2031091774379
21.901709401709414        889.9812468296775
22.00854700854702         889.7593844819171
22.115384615384627        889.5375221341567
22.222222222222236        889.3293661467379
22.329059829059844        889.1212101593192
22.43589743589745         888.9130541719004
22.54273504273506         888.7146839688286
22.64957264957266         888.5163137657566
22.75641025641027         888.3179435626847
22.863247863247874        888.1287068929835
22.97008547008548         887.939470223282
23.076923076923084        887.7502335535806
23.183760683760692        887.569791688202
23.290598290598297        887.3893498228233
23.397435897435905        887.2089079574447
23.504273504273513        887.0380233422641
23.61111111111112         886.8671387270834
23.71794871794873         886.6962541119028
23.824786324786338        886.5305559050564
23.931623931623943        886.36485769821
24.03846153846155         886.1991594913636
24.145299145299155        886.0381268796083
24.252136752136764        885.877094267853
24.35897435897437         885.7160616560976
24.465811965811977        885.5596138071521
24.572649572649574        885.4031659582065
24.679487179487182        885.246718109261
24.78632478632479         885.0951890228081
24.8931623931624          884.943659936355
25.000000000000007        884.7921308499018
25.106837606837615        884.6480236757182
25.21367521367522         884.5039165015343
25.32051282051283         884.3598093273505
25.427350427350433        884.2214277892757
25.53418803418804         884.0830462512008
25.641025641025646        883.944664713126
25.747863247863254        883.811136034171
25.85470085470086         883.677607355216
25.961538461538467        883.5440786762609
26.06837606837607         883.4159399072455
26.17521367521368         883.2878011382301
26.282051282051285        883.1596623692146
26.388888888888893        883.040688147024
26.495726495726498        882.9217139248332
26.602564102564102        882.8027397026424
26.70940170940171         882.686378921289
26.81623931623932         882.5700181399355
26.923076923076927        882.4536573585822
27.029914529914535        882.34139239922
27.136752136752136        882.2291274398577
27.243589743589745        882.1168624804955
27.350427350427353        882.0115910370026
27.457264957264965        881.9063195935097
27.56410256410257         881.8010481500169
27.67094017094018         881.7010494490166
27.777777777777782        881.6010507480163
27.884615384615394        881.501052047016
27.991452991453           881.4067019893656
28.098290598290603        881.3123519317152
28.20512820512821         881.2180018740647
28.31196581196582         881.07835223519
28.41880341880342         880.938702596315
28.52564102564103         880.7990529574402
28.63247863247864         880.6695410358801
28.73931623931625         880.54002911432
28.846153846153854        880.4105171927598
28.952991452991462        880.2889219354291
29.059829059829063        880.1673266780983
29.16666666666667         880.0457314207675
29.27350427350428         879.9312650763374
29.380341880341888        879.8167987319069
29.487179487179493        879.7023323874766
29.594017094017104        879.596111051896
29.70085470085471         879.4898897163151
29.80769230769232         879.3836683807344
29.914529914529925        879.286251156417
30.021367521367534        879.1888339320997
30.12820512820514         879.0914167077823
30.235042735042743        878.9991818014394
30.341880341880344        878.9069468950963
30.448717948717945        878.8147119887533
30.555555555555557        878.7266642286809
30.662393162393165        878.6386164686083
30.76923076923077         878.5505687085358
30.876068376068382        878.4667702766775
30.982905982905987        878.382971844819
31.0897435897436          878.2991734129606
31.196581196581203        878.221056085352
31.303418803418804        878.1429387577432
31.41025641025641         878.0648214301344
31.517094017094024        877.9911313745843
31.623931623931636        877.9174413190339
31.730769230769244        877.8437512634836
31.83760683760685         877.7722781250833
31.94444444444445         877.7008049866829
32.05128205128205         877.6293318482826
32.15811965811965         877.559692516137
32.26495726495726         877.4900531839913
32.371794871794876        877.4204138518456
32.478632478632484        877.352958575233
32.585470085470085        877.2855032986201
32.69230769230769         877.2180480220073
32.79914529914531         877.1539948284334
32.90598290598292         877.0899416348593
33.01282051282052         877.0258884412852
33.11965811965813         876.9638327659225
33.22649572649574         876.9017770905597
33.33333333333335         876.8397214151969
33.44017094017095         876.7795298769671
33.54700854700855         876.7193383387372
33.65384615384616         876.6591468005074
33.760683760683776        876.6013003409984
33.86752136752138         876.5434538814891
33.97435897435899         876.4856074219799
34.0811965811966          876.4322358882883
34.1880341880342          876.3788643545965
34.2948717948718          876.3254928209049
34.40170940170942         876.2750597580608
34.508547008547026        876.2246266952166
34.615384615384635        876.1741936323723
34.722222222222236        876.1259947419625
34.82905982905985         876.0777958515525
34.93589743589746         876.0295969611426
35.04273504273507         875.983707902898
35.14957264957266         875.9378188446532
35.25641025641027         875.8919297864085
35.36324786324788         875.8499039823048
35.47008547008549         875.8078781782009
35.576923076923094        875.765852374097
35.6837606837607          875.7261555238957
35.790598290598304        875.6864586736942
35.89743589743591         875.6467618234929
36.00427350427351         875.6082525476914
36.11111111111112         875.5697432718898
36.21794871794873         875.5312339960883
36.32478632478634         875.4936177365462
36.431623931623946        875.456001477004
36.538461538461554        875.4183852174617
36.64529914529916         875.3820261346737
36.752136752136764        875.3456670518854
36.858974358974365        875.3093079690971
36.96581196581197         875.2733213264972
37.07264957264959         875.2373346838973
37.1794871794872          875.2013480412974
37.286324786324805        875.1655451158243
37.393162393162406        875.1297421903511
37.500000000000014        875.0939392648778
37.60683760683762         875.0584578313936
37.713675213675224        875.0229763979092
37.82051282051283         874.987494964425
37.92735042735045         874.953404110882
38.03418803418805         874.919313257339
38.14102564102565         874.885222403796
38.247863247863265        874.8521887361559
38.35470085470087         874.8191550685156
38.461538461538474        874.7861214008752
38.56837606837608         874.7540700824766
38.67521367521369         874.7220187640778
38.78205128205129         874.6899674456791
38.8888888888889          874.6591061045388
38.99572649572651         874.6282447633982
39.102564102564116        874.5973834222577
39.209401709401725        874.5683023742495
39.316239316239326        874.5392213262411
39.423076923076934        874.5101402782328
39.52991452991455         874.4824336374883
39.636752136752165        874.4547269967436
39.74358974358977         874.427020355999
39.850427350427374        874.4005909953157
39.95726495726497         874.3741616346323
40.06410256410257         874.3477322739488
40.17094017094018         874.3226476300492
40.27777777777778         874.2975629861495
40.38461538461539         874.2724783422498
40.491452991453           874.2493956441887
40.59829059829061         874.2263129461275
40.705128205128226        874.2032302480662
40.811965811965834        874.1822517531334
40.91880341880344         874.1612732582004
41.02564102564104         874.1402947632674
41.13247863247865         874.1205930236588
41.23931623931625         874.10089128405
41.34615384615386         874.0811895444413
41.45299145299147         874.0626697046971
41.55982905982907         874.0441498649528
41.66666666666668         874.0256300252086
41.773504273504294        874.0084771159542
41.880341880341895        873.9913242066997
41.98717948717951         873.9741712974452
42.09401709401712         873.9589997205559
42.20085470085472         873.9438281436665
42.30769230769232         873.928656566777
42.414529914529936        873.9148415232917
42.521367521367544        873.9010264798062
42.62820512820515         873.8872114363209
42.73504273504276         873.8744130489454
42.84188034188037         873.8616146615697
42.94871794871798         873.8488162741941
43.055555555555586        873.8369843490963
43.16239316239318         873.8251524239982
43.26923076923078         873.8133204989003
43.37606837606839         873.8026826487223
43.48290598290599         873.7920447985441
43.58974358974359         873.7814069483659
43.69658119658121         873.7723279862512
43.803418803418815        873.7632490241363
43.91025641025643         873.7541700620214
44.01709401709403         873.7460009563122
44.12393162393164         873.7378318506028
44.23076923076925         873.7296627448935
44.337606837606856        873.7222069742451
44.44444444444445         873.7147512035965
44.55128205128206         873.707295432948
44.658119658119666        873.7005776926471
44.764957264957275        873.6938599523462
44.871794871794876        873.6871422120453
44.978632478632484        873.6815785809742
45.08547008547009         873.6760149499031
45.1923076923077          873.670451318832
45.29914529914531         873.6655847889298
45.40598290598292         873.6607182590275
45.512820512820525        873.6558517291253
45.619658119658126        873.6513742493142
45.72649572649573         873.646896769503
45.83333333333333         873.6424192896918
45.940170940170944        873.6382759882233
46.04700854700855         873.6341326867546
46.15384615384615         873.629989385286
46.260683760683776        873.6263174365239
46.367521367521384        873.6226454877616
46.474358974359           873.6189735389993
46.5811965811966          873.6155021015247
46.6880341880342          873.61203066405
46.7948717948718          873.6085592265755
46.90170940170941         873.6051273687793
47.008547008547005        873.6016955109831
47.11538461538461         873.5982636531869
47.22222222222223         873.5948565070059
47.32905982905983         873.5914493608248
47.43589743589744         873.5880422146436
47.542735042735046        873.5849190951712
47.64957264957265         873.5817959756987
47.75641025641026         873.5786728562263
47.863247863247864        873.5757110176847
47.970085470085465        873.572749179143
48.07692307692308         873.5697873406014
48.18376068376069         873.5670060287403
48.29059829059828         873.5642247168789
48.3974358974359          873.5614434050177
48.50427350427351         873.5590332422075
48.61111111111112         873.5566230793972
48.71794871794873         873.5542129165871
48.824786324786345        873.5524990378552
48.93162393162395         873.5507851591233
49.038461538461554        873.5490712803914
49.145299145299155        873.5477142569015
49.25213675213676         873.5463572334113
49.35897435897435         873.5450002099211
49.46581196581197         873.5440524716109
49.572649572649574        873.5431047333007
49.67948717948718         873.5421569949904
49.78632478632479         873.5417960764814
49.8931623931624          873.5414351579723
50                        873.5410742394631
