% Model:              Cav_Hex_Unif_flux_v5.1 - Base Case (v01).mph
% Version:            COMSOL 5.5.0.359
% Date:               Mar 19 2022, 13:49
% Dimension:          1
% Nodes:              1910
% Expressions:        1
% Description:        Line graph
% x                       Height
0                         1705.2775951296392
0.33333333333333365       1704.9372493036187
0.6666666666666673        1704.596903477598
1.0000000000000009        1704.2565576515776
1.3333333333333346        1703.916211825557
1.666666666666668         1700.551485426708
2.0000000000000018        1697.1867590278591
2.3333333333333353        1693.8220326290102
2.6666666666666687        1690.4573062301613
3.0000000000000027        1687.2424070815316
3.333333333333336         1684.0275079329022
3.6666666666666696        1680.8126087842725
4.0000000000000036        1677.597709635643
4.3333333333333375        1674.1583552484135
4.666666666666671         1670.7190008611838
5.000000000000004         1667.279646473954
5.333333333333338         1663.8402920867245
5.666666666666671         1660.4834681286975
6.000000000000005         1657.1266441706703
6.333333333333339         1653.7698202126433
6.666666666666672         1650.4129962546162
7.000000000000006         1647.0753280229435
7.333333333333339         1643.7376597912705
7.666666666666673         1640.3999915595978
8.000000000000007         1637.0623233279248
8.333333333333341         1633.798771341819
8.666666666666675         1630.5352193557133
9.000000000000007         1627.2716673696075
9.333333333333343         1624.0081153835017
9.666666666666675         1620.7784800230288
10.000000000000009        1617.548844662556
10.333333333333343        1614.319209302083
10.666666666666675        1611.08957394161
11.00000000000001         1607.9926776878892
11.333333333333343        1604.8957814341684
11.666666666666677        1601.7988851804478
12.00000000000001         1598.701988926727
12.333333333333345        1595.6768022942006
12.666666666666679        1592.651615661674
13.00000000000001         1589.6264290291476
13.333333333333346        1586.6012423966213
13.666666666666679        1583.6618677740685
14.000000000000016        1580.7224931515157
14.33333333333335         1577.7831185289626
14.666666666666684        1574.8437439064098
15.000000000000016        1571.9905233755862
15.333333333333348        1569.1373028447624
15.666666666666682        1566.2840823139388
16.000000000000014        1563.4308617831152
16.33333333333335         1560.667793576344
16.666666666666682        1557.9047253695726
17.000000000000018        1555.1416571628015
17.333333333333353        1552.3785889560302
17.666666666666686        1549.6930667688164
18.000000000000014        1547.0075445816028
18.33333333333335         1544.322022394389
18.666666666666682        1541.6365002071752
19.000000000000018        1539.0462420199563
19.33333333333335         1536.4559838327373
19.666666666666682        1533.8657256455183
20.000000000000018        1531.2754674582993
20.33333333333335         1528.7204222569028
20.666666666666682        1526.1653770555063
21.000000000000014        1523.6103318541097
21.333333333333346        1521.0552866527132
21.666666666666682        1518.583660933726
22.000000000000018        1516.1120352147386
22.33333333333335         1513.6404094957516
22.666666666666686        1511.1687837767643
23.00000000000002         1508.7757587387614
23.333333333333357        1506.3827337007583
23.666666666666693        1503.9897086627552
24.00000000000003         1501.5966836247524
24.33333333333336         1499.2790899678835
24.66666666666669         1496.9614963110148
25.00000000000002         1494.643902654146
25.333333333333353        1492.326308997277
25.66666666666669         1490.078493838691
26.00000000000002         1487.8306786801047
26.333333333333353        1485.5828635215184
26.666666666666686        1483.3350483629324
27.000000000000018        1481.1517832375134
27.333333333333353        1478.968518112095
27.666666666666682        1476.7852529866761
28.000000000000018        1474.6019878612574
28.33333333333335         1472.5047760726568
28.66666666666669         1470.4075642840558
29.000000000000025        1468.3103524954552
29.333333333333357        1466.2131407068543
29.666666666666693        1464.1300622131096
30.000000000000025        1462.046983719365
30.333333333333357        1459.9639052256202
30.66666666666669         1457.8808267318757
31.000000000000025        1455.8424630654658
31.33333333333336         1453.8040993990558
31.66666666666669         1451.7657357326457
32.00000000000003         1449.7273720662358
32.33333333333336         1447.7733352634064
32.66666666666669         1445.819298460577
33.00000000000003         1443.8652616577476
33.333333333333364        1441.9112248549181
33.66666666666669         1440.013919983082
34.00000000000002         1438.1166151112457
34.33333333333336         1436.2193102394094
34.666666666666686        1434.3220053675732
35.00000000000002         1432.4662069887609
35.33333333333336         1430.6104086099483
35.66666666666669         1428.7546102311358
36.00000000000003         1426.8988118523234
36.333333333333364        1425.112395912438
36.66666666666669         1423.325979972552
37.000000000000036        1421.5395640326665
37.333333333333364        1419.7531480927807
37.66666666666669         1418.0057139297337
38.000000000000036        1416.2582797666867
38.333333333333364        1414.5108456036396
38.6666666666667          1412.7634114405926
39.00000000000003         1411.0636301607387
39.33333333333336         1409.3638488808847
39.6666666666667          1407.6640676010309
40.00000000000003         1405.964286321177
40.33333333333336         1404.341602035333
40.6666666666667          1402.7189177494888
41.00000000000003         1401.0962334636447
41.333333333333364        1399.4735491778006
41.66666666666669         1397.9040553769498
42.00000000000002         1396.3345615760993
42.33333333333336         1394.7650677752486
42.666666666666686        1393.195573974398
43.00000000000002         1391.682436788209
43.333333333333364        1390.16929960202
43.6666666666667          1388.6561624158307
44.00000000000004         1387.1430252296418
44.33333333333337         1385.6445709793109
44.6666666666667          1384.1461167289797
45.000000000000036        1382.6476624786487
45.333333333333364        1381.1492082283175
45.66666666666669         1379.7299294704696
46.00000000000003         1378.3106507126217
46.33333333333336         1376.891371954774
46.66666666666669         1375.4720931969262
47.00000000000002         1374.0876572445602
47.33333333333335         1372.703221292194
47.66666666666669         1371.318785339828
48.00000000000002         1369.934349387462
48.33333333333335         1368.58045441265
48.66666666666669         1367.2265594378382
49.00000000000002         1365.8726644630265
49.33333333333336         1364.5187694882147
49.66666666666669         1363.2299409403765
50.000000000000014        1361.9411123925383
50.33333333333336         1360.6522838447002
50.666666666666686        1359.363455296862
51.000000000000014        1358.0925300561191
51.33333333333336         1356.8216048153763
51.66666666666669         1355.5506795746335
52.00000000000003         1354.2797543338907
52.33333333333336         1353.0770849017206
52.66666666666669         1351.8744154695505
53.00000000000003         1350.6717460373802
53.33333333333336         1349.4690766052101
53.66666666666669         1348.2972254538909
54.000000000000036        1347.1253743025713
54.33333333333337         1345.9535231512518
54.66666666666671         1344.7816719999325
55.000000000000036        1343.6460288192704
55.333333333333364        1342.5103856386086
55.6666666666667          1341.3747424579465
56.00000000000003         1340.2390992772844
56.33333333333336         1339.1411711127007
56.6666666666667          1338.0432429481168
57.00000000000003         1336.945314783533
57.333333333333364        1335.8473866189493
57.6666666666667          1334.8086761993704
58.00000000000003         1333.7699657797914
58.333333333333364        1332.7312553602123
58.6666666666667          1331.6925449406335
59.00000000000003         1330.6893488478865
59.333333333333364        1329.6861527551396
59.6666666666667          1328.6829566623926
60.000000000000036        1327.6797605696456
60.333333333333364        1326.7117032745011
60.66666666666669         1325.7436459793566
61.00000000000003         1324.7755886842122
61.33333333333336         1323.8075313890677
61.666666666666686        1322.873946922051
62.00000000000003         1321.9403624550341
62.33333333333335         1321.0067779880171
62.66666666666669         1320.0731935210003
63.00000000000003         1319.1857799449153
63.333333333333364        1318.2983663688303
63.66666666666671         1317.4109527927453
64.00000000000004         1316.5235392166603
64.33333333333339         1315.6439763101473
64.6666666666667          1314.7644134036345
65.00000000000004         1313.8848504971215
65.33333333333339         1313.0052875906085
65.6666666666667          1312.1916706221762
66.00000000000003         1311.3780536537438
66.33333333333336         1310.5644366853112
66.6666666666667          1309.7508197168788
67.00000000000001         1308.9647132375694
67.33333333333336         1308.1786067582602
67.6666666666667          1307.392500278951
68.00000000000001         1306.6063937996416
68.33333333333336         1305.8500879703272
68.6666666666667          1305.0937821410128
69.00000000000003         1304.3374763116983
69.33333333333337         1303.5811704823839
69.66666666666671         1302.8694887241413
70.00000000000003         1302.1578069658985
70.33333333333336         1301.446125207656
70.6666666666667          1300.7344434494134
71.00000000000003         1300.0546030402033
71.33333333333336         1299.3747626309932
71.6666666666667          1298.6949222217831
72.00000000000004         1298.015081812573
72.33333333333336         1297.3703410866783
72.6666666666667          1296.7256003607838
73.00000000000004         1296.0808596348893
73.33333333333336         1295.4361189089946
73.66666666666669         1294.8198523892745
74.00000000000003         1294.2035858695544
74.33333333333336         1293.5873193498342
74.66666666666669         1292.971052830114
75.00000000000003         1292.4032161856262
75.33333333333336         1291.8353795411383
75.66666666666669         1291.2675428966504
76.00000000000003         1290.6997062521625
76.33333333333337         1290.167487334018
76.66666666666669         1289.6352684158735
77.00000000000003         1289.103049497729
77.33333333333337         1288.5708305795845
77.66666666666669         1288.046149186833
78.00000000000003         1287.5214677940812
78.33333333333337         1286.9967864013297
78.66666666666669         1286.472105008578
79.00000000000003         1285.9981192798891
79.33333333333337         1285.5241335512005
79.66666666666669         1285.050147822512
80.00000000000003         1284.5761620938233
80.33333333333337         1284.1270615981002
80.66666666666669         1283.677961102377
81.00000000000001         1283.2288606066536
81.33333333333336         1282.7797601109305
81.66666666666669         1282.3739329083264
82.00000000000001         1281.9681057057226
82.33333333333336         1281.5622785031187
82.66666666666669         1281.1564513005146
83.00000000000001         1280.776346837819
83.33333333333334         1280.3962423751232
83.66666666666669         1280.0161379124274
84.00000000000001         1279.6360334497317
84.33333333333336         1279.2968783912409
84.6666666666667          1278.95772333275
85.00000000000001         1278.6185682742594
85.33333333333336         1278.2794132157685
85.66666666666669         1277.95261566054
86.00000000000001         1277.6258181053117
86.33333333333336         1277.2990205500832
86.66666666666669         1276.9722229948547
87.00000000000003         1276.681409971211
87.33333333333337         1276.3905969475672
87.6666666666667          1276.0997839239237
88.00000000000006         1275.80897090028
88.33333333333337         1275.5440568262802
88.66666666666671         1275.2791427522802
89.00000000000006         1275.0142286782802
89.33333333333337         1274.7493146042802
89.6666666666667          1274.537393270664
90.00000000000004         1274.325471937048
90.33333333333337         1274.1135506034316
90.6666666666667          1273.9016292698154
91.00000000000004         1273.7035118625677
91.33333333333334         1273.5053944553197
91.66666666666667         1273.3072770480717
92.00000000000001         1273.1091596408237
92.33333333333336         1272.9313113786257
92.66666666666669         1272.7534631164278
93.00000000000003         1272.57561485423
93.33333333333337         1272.397766592032
93.6666666666667          1272.261120637481
94.00000000000004         1272.1244746829302
94.33333333333339         1271.987828728379
94.66666666666671         1271.8511827738282
95.00000000000003         1271.748762189481
95.33333333333336         1271.646341605134
95.66666666666669         1271.543921020787
96                        1271.4415004364398
96.33333333333334         1271.3633231635947
96.66666666666669         1271.2851458907498
97                        1271.2069686179047
97.33333333333334         1271.1287913450599
97.66666666666669         1271.0755265849893
98                        1271.0222618249188
98.33333333333331         1270.9689970648483
98.66666666666666         1270.9157323047777
98.99999999999997         1270.8922216592787
99.33333333333333         1270.8687110137794
99.66666666666669         1270.8452003682803
100                       1270.8216897227812
0                         1292.8881120755686
0.30864197530864157       1289.6814274927742
0.6172839506172831        1286.4747429099793
0.9259259259259248        1283.2680583271847
1.2345679012345663        1280.0103987304458
1.543209876543208         1276.7527391337067
1.8518518518518496        1273.4950795369678
2.160493827160491         1270.3689919409944
2.4691358024691317        1267.242904345021
2.7777777777777732        1264.1168167490478
3.0864197530864153        1261.1381177150913
3.3950617283950573        1258.1594186811346
3.7037037037036997        1255.1807196471782
4.01234567901234          1252.178398821397
4.320987654320982         1249.1760779956155
4.6296296296296235        1246.1737571698343
4.938271604938264         1243.241673878117
5.246913580246906         1240.3095905863995
5.555555555555547         1237.3775072946821
5.864197530864189         1234.477025619442
6.1728395061728305        1231.576543944202
6.481481481481473         1228.676062268962
6.7901234567901145        1225.7954373913087
7.098765432098756         1222.9148125136553
7.407407407407399         1220.0341876360021
7.716049382716038         1217.1953013531568
8.024691358024677         1214.3564150703116
8.333333333333318         1211.5175287874663
8.64197530864196          1208.7015562791844
8.950617283950603         1205.8855837709023
9.259259259259247         1203.0696112626201
9.567901234567888         1200.288779655714
9.876543209876527         1197.5079480488077
10.18518518518517         1194.7271164419017
10.493827160493812        1191.9773494411102
10.802469135802454        1189.2275824403184
11.111111111111097        1186.4778154395267
11.419753086419739        1183.781576581694
11.72839506172838         1181.0853377238614
12.037037037037024        1178.3890988660287
12.345679012345666        1175.7571357945078
12.654320987654307        1173.1251727229867
12.96296296296295         1170.4932096514658
13.271604938271592        1167.926267540362
13.580246913580233        1165.359325429258
13.888888888888873        1162.7923833181542
14.197530864197516        1160.273208371214
14.506172839506156        1157.7540334242735
14.814814814814797        1155.2348584773333
15.12345679012344         1152.7769150269485
15.432098765432077        1150.3189715765634
15.74074074074072         1147.8610281261783
16.049382716049358        1145.4493057212628
16.358024691357997        1143.037583316347
16.66666666666664         1140.6258609114316
16.975308641975282        1138.302892644506
17.283950617283924        1135.9799243775803
17.592592592592567        1133.6569561106546
17.901234567901206        1131.374495750218
18.209876543209848        1129.0920353897818
18.51851851851849         1126.8095750293453
18.82716049382713         1124.5925522417756
19.135802469135772        1122.3755294542057
19.444444444444414        1120.1585066666357
19.753086419753053        1117.9994572367164
20.061728395061692        1115.8404078067967
20.370370370370335        1113.6813583768774
20.679012345678974        1111.5603796727246
20.987654320987616        1109.4394009685716
21.29629629629626         1107.3184222644188
21.604938271604897        1105.2508486360807
21.913580246913536        1103.1832750077428
22.22222222222218         1101.1157013794048
22.53086419753082         1099.107455646999
22.839506172839464        1097.0992099145928
23.148148148148106        1095.090964182187
23.45679012345675         1093.1385879344473
23.765432098765388        1091.1862116867076
24.07407407407403         1089.2338354389678
24.382716049382676        1087.3332848318748
24.691358024691315        1085.432734224782
24.99999999999996         1083.532183617689
25.308641975308603        1081.677776434872
25.617283950617242        1079.8233692520546
25.925925925925885        1077.9689620692375
26.234567901234524        1076.1584755789693
26.543209876543163        1074.347989088701
26.8518518518518          1072.5375025984329
27.160493827160444        1070.787101698652
27.469135802469083        1069.0367007988712
27.77777777777772         1067.2862998990902
28.086419753086364        1065.569175731752
28.39506172839501         1063.8520515644136
28.703703703703656        1062.1349273970754
29.01234567901229         1060.4728290242294
29.32098765432093         1058.8107306513834
29.62962962962957         1057.1486322785374
29.938271604938212        1055.5298669506137
30.24691358024685         1053.91110162269
30.555555555555493        1052.2923362947663
30.86419753086414         1050.7202107400028
31.172839506172785        1049.1480851852393
31.48148148148143         1047.5759596304758
31.790123456790074        1046.0362159532897
32.09876543209871         1044.4964722761033
32.40740740740735         1042.9567285989172
32.716049382715994        1041.4698945835482
33.02469135802464         1039.9830605681793
33.333333333333286        1038.4962265528104
33.641975308641925        1037.048233390467
33.95061728395056         1035.6002402281233
34.2592592592592          1034.1522470657799
34.56790123456785         1032.738585152113
34.87654320987649         1031.3249232384462
35.185185185185134        1029.9112613247794
35.49382716049377         1028.5394096990708
35.802469135802404        1027.167558073362
36.11111111111104         1025.7957064476532
36.41975308641969         1024.4637019538466
36.728395061728335        1023.1316974600396
37.03703703703698         1021.7996929662329
37.34567901234563         1020.5047583538274
37.654320987654266        1019.2098237414217
37.962962962962905        1017.914889129016
38.27160493827155         1016.6520686232692
38.58024691358019         1015.3892481175222
38.888888888888836        1014.1264276117753
39.19753086419748         1012.9020193373161
39.506172839506114        1011.6776110628568
39.81481481481476         1010.4532027883976
40.123456790123406        1009.2667550831507
40.43209876543205         1008.0803073779036
40.74074074074069         1006.8938596726566
41.04938271604934         1005.742619522858
41.35802469135797         1004.5913793730592
41.66666666666661         1003.4401392232605
41.97530864197525         1002.3152593040479
42.28395061728389         1001.1903793848352
42.59259259259254         1000.0654994656226
42.901234567901184        998.9731334745633
43.209876543209816        997.8807674835039
43.51851851851846         996.7884014924445
43.82716049382712         995.7290428888952
44.13580246913577         994.6696842853457
44.44444444444442         993.6103256817964
44.75308641975305         992.5765217729756
45.061728395061685        991.5427178641548
45.370370370370324        990.508913955334
45.67901234567896         989.5005511163752
45.9876543209876          988.4921882774162
46.296296296296234        987.4838254384572
46.60493827160488         986.5076856967772
46.913580246913526        985.5315459550972
47.22222222222218         984.5554062134171
47.530864197530825        983.6061966605499
47.839506172839464        982.6569871076825
48.14814814814811         981.7077775548153
48.45679012345674         980.787981682222
48.76543209876538         979.8681858096286
49.074074074074026        978.9483899370352
49.38271604938267         978.0557106866493
49.69135802469131         977.163031436263
49.99999999999996         976.2703521858768
50.308641975308596        975.4047271132376
50.617283950617235        974.5391020405982
50.92592592592588         973.6734769679589
51.234567901234534        972.8319612675966
51.54320987654318         971.9904455672341
51.85185185185182         971.1489298668718
52.160493827160465        970.3295643656007
52.469135802469104        969.5101988643296
52.77777777777774         968.6908333630585
53.08641975308639         967.9026674625504
53.39506172839503         967.1145015620423
53.70370370370367         966.3263356615341
54.01234567901231         965.5591275165019
54.32098765432096         964.7919193714697
54.629629629629605        964.0247112264375
54.938271604938244        963.2843846295699
55.246913580246876        962.5440580327022
55.555555555555515        961.8037314358345
55.86419753086416         961.0804579358354
56.1728395061728          960.3571844358362
56.48148148148145         959.633910935837
56.7901234567901          958.9371733499115
57.098765432098745        958.2404357639859
57.407407407407376        957.5436981780604
57.71604938271603         956.871467907442
58.02469135802467         956.1992376368236
58.33333333333331         955.5270073662051
58.64197530864196         954.8730750194856
58.9506172839506          954.2191426727659
59.25925925925924         953.5652103260463
59.567901234567884        952.9340001308624
59.876543209876516        952.3027899356784
60.185185185185155        951.6715797404945
60.4938271604938          951.0625665284916
60.80246913580244         950.4535533164886
61.11111111111108         949.8445401044858
61.419753086419725        949.2559090931695
61.728395061728364        948.667278081853
62.03703703703701         948.0786470705367
62.345679012345656        947.5134975335554
62.65432098765428         946.948347996574
62.96296296296291         946.3831984595926
63.271604938271565        945.8320501384875
63.58024691358022         945.2809018173823
63.88888888888886         944.7297534962771
64.1975308641975          944.1985768581959
64.50617283950615         943.6674002201146
64.81481481481478         943.1362235820334
65.12345679012344         942.6236678984087
65.43209876543207         942.1111122147839
65.74074074074072         941.5985565311591
66.04938271604937         941.1042935264101
66.35802469135798         940.6100305216609
66.66666666666661         940.1157675169117
66.97530864197526         939.6410922541602
67.2839506172839          939.1664169914086
67.59259259259257         938.6917417286571
67.9012345679012          938.2323458024533
68.20987654320984         937.7729498762494
68.51851851851848         937.3135539500456
68.82716049382714         936.8725728142862
69.13580246913578         936.4315916785265
69.44444444444441         935.990610542767
69.75308641975306         935.5677185860039
70.06172839506169         935.1448266292407
70.37037037037034         934.7219346724776
70.67901234567898         934.3141874901061
70.98765432098762         933.9064403077343
71.29629629629626         933.4986931253626
71.60493827160491         933.1088503087344
71.91358024691355         932.7190074921061
72.22222222222219         932.329164675478
72.53086419753085         931.9540584627846
72.83950617283948         931.5789522500912
73.14814814814812         931.2038460373979
73.45679012345677         930.84382419549
73.7654320987654          930.4838023535821
74.07407407407406         930.1237805116741
74.3827160493827          929.7796870613633
74.69135802469133         929.4355936110525
74.99999999999997         929.0915001607417
75.30864197530862         928.7651989986731
75.61728395061726         928.4388978366045
75.9259259259259          928.1125966745359
76.23456790123454         927.7975984701416
76.54320987654319         927.4826002657472
76.85185185185182         927.1676020613529
77.16049382716048         926.8684277333323
77.46913580246911         926.5692534053117
77.77777777777777         926.270079077291
78.08641975308642         925.9852058528326
78.39506172839504         925.700332628374
78.70370370370368         925.4154594039154
79.01234567901233         925.1479151048703
79.32098765432097         924.8803708058251
79.6296296296296          924.6128265067799
79.93827160493824         924.3555773273387
80.24691358024688         924.0983281478973
80.55555555555553         923.8410789684559
80.8641975308642          923.5998932144582
81.17283950617285         923.3587074604604
81.4814814814815          923.1175217064626
81.79012345679014         922.8885090630083
82.09876543209876         922.6594964195539
82.40740740740739         922.4304837760995
82.71604938271604         922.2139318550184
83.02469135802468         921.997379933937
83.33333333333331         921.7808280128559
83.64197530864196         921.5775332856107
83.95061728395062         921.3742385583653
84.25925925925925         921.17094383112
84.5679012345679          920.9805579722537
84.87654320987653         920.7901721133873
85.18518518518518         920.5997862545208
85.49382716049382         920.4239488382099
85.80246913580247         920.2481114218988
86.11111111111111         920.0722740055877
86.41975308641975         919.9075380007862
86.72839506172839         919.7428019959845
87.03703703703702         919.5780659911828
87.34567901234566         919.4267787905736
87.6543209876543          919.2754915899642
87.96296296296293         919.1242043893549
88.27160493827161         918.9857266676801
88.58024691358024         918.847248946005
88.88888888888889         918.7087712243301
89.19753086419755         918.5836480556213
89.50617283950618         918.4585248869124
89.81481481481482         918.3334017182036
90.12345679012346         918.2183039147766
90.4320987654321          918.1032061113494
90.74074074074073         917.9881083079223
91.04938271604937         917.8862807964526
91.35802469135801         917.7844532849829
91.66666666666666         917.6826257735131
91.97530864197532         917.5916616408695
92.28395061728395         917.5006975082256
92.59259259259258         917.4097333755818
92.90123456790123         917.3289318188392
93.20987654320986         917.2481302620964
93.5185185185185          917.1673287053536
93.82716049382717         917.0970322122366
94.13580246913581         917.0267357191195
94.44444444444446         916.9564392260025
94.7530864197531          916.8971234460125
95.06172839506172         916.8378076660224
95.37037037037035         916.7784918860324
95.67901234567903         916.7322875451468
95.98765432098766         916.6860832042612
96.2962962962963          916.6398788633755
96.60493827160496         916.5982545876454
96.91358024691358         916.5566303119152
97.22222222222223         916.5150060361851
97.53086419753087         916.488397429985
97.8395061728395          916.4617888237846
98.14814814814815         916.4351802175843
98.4567901234568          916.4179577837355
98.76543209876543         916.4007353498864
99.07407407407408         916.3835129160375
99.38271604938274         916.378157624259
99.69135802469137         916.3728023324802
100                       916.3674470407014
0                         1208.3239507277465
0.26041666666666674       1205.6405978158632
0.5208333333333335        1202.95724490398
0.7812500000000001        1200.2738919920967
1.041666666666667         1197.9270191618305
1.3020833333333337        1195.5801463315643
1.5625000000000002        1193.233273501298
1.8229166666666674        1191.0595283464995
2.0833333333333344        1188.885783191701
2.343750000000001         1186.7120380369024
2.604166666666668         1184.6226170015664
2.864583333333334         1182.53319596623
3.125000000000001         1180.4437749308938
3.385416666666668         1178.400995770945
3.6458333333333344        1176.358216610996
3.906250000000001         1174.315437451047
4.166666666666668         1172.2248349035526
4.427083333333333         1170.134232356058
4.6875                    1168.0436298085633
4.947916666666667         1165.95684285215
5.208333333333335         1163.8700558957366
5.468750000000003         1161.7832689393233
5.729166666666669         1159.6352831828951
5.989583333333335         1157.487297426467
6.250000000000002         1155.3393116700388
6.510416666666668         1153.1299036152298
6.770833333333334         1150.9204955604205
7.03125                   1148.7110875056114
7.291666666666668         1146.4791881795866
7.552083333333334         1144.2472888535615
7.812500000000002         1142.0153895275364
8.07291666666667          1139.7633291671943
8.333333333333336         1137.511268806852
8.59375                   1135.25920844651
8.854166666666668         1132.966756576004
9.114583333333334         1130.6743047054977
9.375000000000002         1128.3818528349914
9.63541666666667          1126.078941726689
9.895833333333336         1123.7760306183868
10.156250000000004        1121.4731195100844
10.416666666666671        1119.1772899136367
10.677083333333336        1116.8814603171888
10.937500000000002        1114.5856307207412
11.197916666666668        1112.2987564374462
11.458333333333334        1110.0118821541514
11.71875                  1107.7250078708564
11.979166666666666        1105.479977952613
12.239583333333334        1103.2349480343694
12.5                      1100.9899181161259
12.760416666666668        1098.778398688954
13.020833333333334        1096.5668792617819
13.28125                  1094.35535983461
13.541666666666668        1092.184001873109
13.802083333333332        1090.012643911608
14.0625                   1087.841285950107
14.322916666666668        1085.693252294445
14.583333333333334        1083.545218638783
14.843750000000002        1081.3971849831207
15.104166666666668        1079.2812426450928
15.364583333333334        1077.1653003070646
15.625000000000004        1075.0493579690367
15.88541666666667         1072.994400893565
16.145833333333336        1070.939443818093
16.40625                  1068.884486742621
16.66666666666667         1066.866072840751
16.927083333333336        1064.847658938881
17.187500000000004        1062.829245037011
17.447916666666675        1060.86041521722
17.70833333333334         1058.8915853974286
17.968750000000007        1056.9227555776374
18.22916666666667         1055.0083755574642
18.489583333333332        1053.0939955372908
18.75                     1051.1796155171173
19.010416666666668        1049.3085845516646
19.27083333333334         1047.437553586212
19.531250000000007        1045.5665226207593
19.79166666666667         1043.7375142484796
20.05208333333334         1041.9085058761998
20.312500000000007        1040.07949750392
20.572916666666675        1038.2918460431663
20.833333333333336        1036.5041945824123
21.09375                  1034.7165431216583
21.354166666666675        1032.9632323873407
21.61458333333334         1031.2099216530228
21.875000000000014        1029.456610918705
22.13541666666668         1027.74089511546
22.395833333333343        1026.0251793122147
22.656250000000007        1024.3094635089697
22.916666666666675        1022.6387608318059
23.177083333333343        1020.9680581546421
23.43750000000001         1019.2973554774784
23.69791666666668         1017.6797427607491
23.958333333333346        1016.0621300440197
24.218750000000014        1014.4445173272902
24.479166666666682        1012.876392611989
24.739583333333346        1011.3082678966875
25.00000000000001         1009.7401431813862
25.26041666666668         1008.2079065263149
25.52083333333334         1006.6756698712435
25.781250000000004        1005.1434332161722
26.04166666666667         1003.6484943572589
26.302083333333336        1002.1535554983454
26.562500000000004        1000.658616639432
26.82291666666667         999.2079559428965
27.083333333333343        997.757295246361
27.343750000000007        996.3066345498254
27.604166666666675        994.8957544430133
27.86458333333334         993.484874336201
28.125000000000004        992.0739942293886
28.385416666666675        990.6979481167871
28.645833333333336        989.3219020041854
28.90625                  987.9458558915837
29.166666666666675        986.6101636916703
29.42708333333334         985.2744714917568
29.68750000000001         983.9387792918433
29.94791666666668         982.6365997390812
30.208333333333336        981.3344201863191
30.468750000000004        980.032240633557
30.72916666666667         978.753786963829
30.98958333333334         977.4753332941009
31.250000000000007        976.1968796243729
31.51041666666668         974.9538743809442
31.770833333333346        973.7108691375154
32.03125000000002         972.4678638940867
32.29166666666668         971.2618722239808
32.55208333333334         970.055880553875
32.8125                   968.8498888837692
33.07291666666667         967.6722010221982
33.33333333333334         966.4945131606272
33.593750000000014        965.3168252990562
33.854166666666686        964.1706594094212
34.11458333333335         963.0244935197861
34.375000000000014        961.878327630151
34.635416666666686        960.7556901058779
34.89583333333336         959.6330525816045
35.15625000000002         958.5104150573311
35.416666666666686        957.4226464090167
35.67708333333334         956.3348777607022
35.937500000000014        955.2471091123878
36.19791666666668         954.188602234917
36.45833333333335         953.1300953574462
36.718750000000014        952.0715884799754
36.97916666666668         951.0447463150289
37.23958333333334         950.0179041500822
37.50000000000001         948.9910619851356
37.76041666666667         947.9856648383317
38.02083333333334         946.9802676915276
38.28125000000001         945.9748705447236
38.541666666666686        944.9994020352772
38.80208333333335         944.0239335258306
39.062500000000014        943.048465016384
39.32291666666668         942.1018296788275
39.58333333333334         941.1551943412708
39.84375000000002         940.2085590037142
40.104166666666686        939.2875270973485
40.36458333333334         938.3664951909826
40.625                    937.4454632846168
40.88541666666667         936.5522306863862
41.145833333333336        935.6589980881555
41.40625                  934.7657654899248
41.66666666666667         933.8993197226023
41.927083333333336        933.0328739552796
42.1875                   932.1664281879569
42.44791666666667         931.3242229798456
42.708333333333336        930.4820177717341
42.96875                  929.6398125636227
43.229166666666664        928.8160595904624
43.48958333333333         927.9923066173018
43.75000000000001         927.1685536441412
44.01041666666668         926.3669580161541
44.27083333333334         925.5653623881668
44.531250000000014        924.7637667601797
44.79166666666667         923.9795096968799
45.052083333333336        923.1952526335799
45.31249999999999         922.41099557028
45.57291666666666         921.6455553074896
45.83333333333332         920.8801150446992
46.09374999999999         920.1146747819089
46.35416666666667         919.3749008677484
46.61458333333334         918.6351269535878
46.875000000000014        917.8953530394273
47.13541666666667         917.1756245354456
47.39583333333332         916.4558960314639
47.656249999999986        915.7361675274823
47.916666666666664        915.035736935916
48.17708333333333         914.3353063443495
48.43750000000001         913.634875752783
48.69791666666667         912.9548324642875
48.95833333333334         912.2747891757917
49.21875000000001         911.5947458872961
49.47916666666668         910.9352932973161
49.73958333333334         910.275840707336
50.00000000000001         909.6163881173559
50.26041666666668         908.976203374106
50.520833333333336        908.336018630856
50.78124999999999         907.695833887606
51.041666666666664        907.0749859957238
51.30208333333333         906.4541381038414
51.5625                   905.833290211959
51.82291666666667         905.2306503799699
52.083333333333336        904.6280105479808
52.34375                  904.0253707159917
52.60416666666667         903.4405693665526
52.86458333333334         902.8557680171134
53.125                    902.2709666676743
53.38541666666667         901.7032682160509
53.645833333333336        901.1355697644273
53.90625                  900.5678713128036
54.16666666666667         900.0177421705248
54.427083333333336        899.4676130282459
54.68750000000001         898.9174838859669
54.94791666666668         898.3818716811875
55.208333333333336        897.8462594764078
55.46875000000001         897.3106472716281
55.72916666666667         896.7889901840964
55.98958333333333         896.2673330965646
56.249999999999986        895.7456760090328
56.51041666666666         895.2404375039821
56.77083333333333         894.7351989989312
57.03125                  894.2299604938803
57.291666666666664        893.7392205048787
57.55208333333332         893.2484805158771
57.812499999999986        892.7577405268754
58.072916666666664        892.2819768953125
58.333333333333336        891.8062132637493
58.59375                  891.3304496321863
58.85416666666667         890.8684142572828
59.11458333333333         890.406378882379
59.375                    889.9443435074753
59.63541666666667         889.4964934132845
59.89583333333333         889.0486433190936
60.15624999999999         888.6007932249028
60.41666666666666         888.1661104616561
60.677083333333314        887.7314276984094
60.93749999999997         887.2967449351628
61.19791666666665         886.8766732549514
61.45833333333332         886.4566015747398
61.71874999999999         886.0365298945284
61.97916666666667         885.631113388304
62.239583333333336        885.2256968820795
62.5                      884.8202803758551
62.760416666666664        884.4256354953056
63.02083333333333         884.0309906147561
63.281249999999986        883.6363457342067
63.541666666666664        883.2550515371785
63.802083333333314        882.8737573401501
64.06249999999999         882.4924631431218
64.32291666666666         882.1206425516834
64.58333333333333         881.7488219602449
64.84375                  881.3770013688063
65.10416666666667         881.0182696369745
65.36458333333334         880.6595379051425
65.625                    880.3008061733107
65.88541666666667         879.9542809371748
66.14583333333333         879.6077557010386
66.40625                  879.2612304649026
66.66666666666667         878.9273119814062
66.92708333333331         878.5933934979096
67.18749999999999         878.259475014413
67.44791666666664         877.9372599956552
67.70833333333331         877.6150449768971
67.96874999999997         877.2928299581392
68.22916666666664         876.9819517880031
68.48958333333331         876.671073617867
68.74999999999997         876.3601954477309
69.01041666666666         876.0607911132468
69.27083333333334         875.7613867787625
69.53125                  875.4619824442783
69.79166666666667         875.1706861464027
70.05208333333333         874.8793898485268
70.3125                   874.588093550651
70.57291666666667         874.3075203458261
70.83333333333331         874.026947141001
71.09374999999999         873.7463739361758
71.35416666666664         873.476101173774
71.61458333333331         873.2058284113722
71.87499999999999         872.9355556489704
72.13541666666664         872.6752649793176
72.39583333333333         872.4149743096647
72.65624999999999         872.1546836400117
72.91666666666667         871.9040639873434
73.17708333333334         871.653444334675
73.4375                   871.4028246820067
73.69791666666667         871.1615647597245
73.95833333333333         870.9203048374422
74.21875                  870.67904491516
74.47916666666667         870.4472268428466
74.73958333333333         870.215408770533
75                        869.9835906982196
75.26041666666666         869.7609585197534
75.52083333333334         869.5383263412872
75.78125000000001         869.3156941628209
76.04166666666667         869.1020386264062
76.30208333333333         868.8883830899914
76.56249999999997         868.6747275535766
76.82291666666666         868.4697869621199
77.08333333333333         868.264846370663
77.34374999999999         868.0599057792061
77.60416666666666         867.8637472929504
77.86458333333331         867.6675888066945
78.12499999999999         867.4714303204387
78.38541666666666         867.2836675554133
78.64583333333333         867.0959047903877
78.90625                  866.9081420253622
79.16666666666666         866.7290813317727
79.42708333333331         866.5500206381831
79.68749999999999         866.3709599445937
79.94791666666664         866.200523571801
80.20833333333331         866.0300871990082
80.46874999999997         865.8596508262156
80.72916666666664         865.6956679398052
80.98958333333331         865.5316850533945
81.24999999999997         865.367702166984
81.51041666666664         865.2094986300124
81.77083333333331         865.0512950930406
82.03124999999999         864.8930915560688
82.29166666666667         864.7441036506091
82.55208333333333         864.5951157451492
82.8125                   864.4461278396893
83.07291666666666         864.3053722134501
83.33333333333333         864.1646165872107
83.59375                  864.0238609609714
83.85416666666666         863.8890875582839
84.11458333333331         863.7543141555963
84.37499999999997         863.6195407529086
84.63541666666666         863.493518426197
84.89583333333331         863.3674960994853
85.15624999999997         863.2414737727736
85.41666666666666         863.122567841159
85.67708333333331         863.0036619095442
85.9375                   862.8847559779294
86.19791666666667         862.7734127305848
86.45833333333333         862.6620694832401
86.71875                  862.5507262358955
86.97916666666666         862.4463139950977
87.23958333333334         862.3419017542999
87.50000000000001         862.2374895135022
87.76041666666667         862.1402423445791
88.02083333333334         862.0429951756557
88.28125                  861.9457480067324
88.54166666666669         861.8554542598844
88.80208333333334         861.7651605130362
89.0625                   861.6748667661881
89.3229166666667          861.5914799251306
89.58333333333336         861.5080930840728
89.84375000000004         861.4247062430151
90.10416666666671         861.3479557261084
90.36458333333334         861.2712052092014
90.625                    861.1944546922946
90.88541666666667         861.1241514668166
91.14583333333334         861.0538482413384
91.40625000000001         860.9835450158604
91.66666666666667         860.9195518687796
91.92708333333334         860.8555587216988
92.1875                   860.791565574618
92.44791666666669         860.7337811130694
92.70833333333334         860.6759966515207
92.96875                  860.618212189972
93.22916666666667         860.5665045385088
93.48958333333331         860.5147968870453
93.74999999999999         860.463089235582
94.01041666666667         860.417467736883
94.27083333333333         860.371846238184
94.53125                  860.326224739485
94.79166666666667         860.2867983754918
95.05208333333334         860.2473720114986
95.31250000000001         860.2079456475053
95.57291666666667         860.1745461910149
95.83333333333333         860.1411467345245
96.09375                  860.107747278034
96.35416666666667         860.080241473094
96.61458333333334         860.0527356681539
96.875                    860.0252298632139
97.13541666666667         860.0040719358981
97.39583333333331         859.9829140085822
97.65624999999999         859.9617560812662
97.91666666666667         859.9463784292403
98.17708333333333         859.9310007772143
98.43749999999999         859.9156231251883
98.69791666666666         859.9063620202063
98.95833333333334         859.8971009152242
99.21875000000001         859.8878398102421
99.47916666666667         859.8837903459718
99.73958333333334         859.8797408817012
100                       859.8756914174306
0                         1179.3443980443208
0.23310023310023295       1177.3258977973921
0.4662004662004659        1175.3073975504633
0.6993006993006988        1173.2888973035347
0.9324009324009318        1171.9017485583024
1.1655011655011647        1170.51459981307
1.3986013986013972        1169.1274510678375
1.6317016317016302        1168.0259849800061
1.864801864801863         1166.9245188921748
2.0979020979020957        1165.8230528043434
2.331002331002329         1164.7772195130556
2.564102564102562         1163.7313862217677
2.7972027972027944        1162.6855529304798
3.030303030303027         1161.7338518070524
3.26340326340326          1160.7821506836249
3.496503496503493         1159.8304495601974
3.729603729603726         1158.7457574364669
3.9627039627039577        1157.6610653127364
4.1958041958041905        1156.5763731890058
4.428904428904424         1155.3284438551564
4.662004662004657         1154.080514521307
4.89510489510489          1152.8325851874574
5.128205128205123         1151.494300712809
5.361305361305357         1150.1560162381604
5.59440559440559          1148.817731763512
5.8275058275058225        1147.3007641650722
6.060606060606054         1145.7837965666322
6.293706293706288         1144.2668289681924
6.526806526806522         1142.5791606952919
6.7599067599067535        1140.8914924223911
6.993006993006987         1139.2038241494904
7.226107226107221         1137.409322843727
7.459207459207453         1135.6148215379635
7.6923076923076845        1133.8203202322
7.925407925407917         1131.9201345030656
8.15850815850815          1130.0199487739314
8.391608391608383         1128.119763044797
8.624708624708617         1126.0765756609383
8.85780885780885          1124.0333882770794
9.090909090909083         1121.9902008932206
9.324009324009316         1119.8628688429828
9.557109557109547         1117.7355367927448
9.79020979020978          1115.608204742507
10.023310023310012        1113.4033910923663
10.256410256410247        1111.1985774422258
10.48951048951048         1108.993763792085
10.722610722610714        1106.750083305695
10.955710955710945        1104.5064028193049
11.188811188811178        1102.2627223329148
11.421911421911412        1100.0190900464602
11.655011655011641        1097.7754577600053
11.888111888111876        1095.5318254735507
12.121212121212109        1093.311909543375
12.354312354312343        1091.0919936131993
12.587412587412576        1088.8720776830235
12.82051282051281         1086.6626543824473
13.05361305361304         1084.4532310818709
13.286713286713272        1082.2438077812944
13.519813519813507        1080.0676658854777
13.752913752913738        1077.891523989661
13.986013986013972        1075.7153820938443
14.219114219114203        1073.5191443127962
14.452214452214438        1071.322906531748
14.685314685314669        1069.1266687507
14.918414918414905        1066.9506881142872
15.151515151515136        1064.7747074778742
15.384615384615369        1062.5987268414615
15.617715617715602        1060.474719037344
15.850815850815831        1058.350711233226
16.083916083916062        1056.2267034291085
16.3170163170163          1054.1427861533225
16.55011655011653         1052.0588688775363
16.783216783216766        1049.9749516017503
17.016317016317           1047.9326705106062
17.249417249417235        1045.890389419462
17.482517482517466        1043.848108328318
17.7156177156177          1041.8493010207137
17.948717948717935        1039.8504937131092
18.181818181818166        1037.8516864055048
18.4149184149184          1035.91358662998
18.648018648018628        1033.9754868544553
18.881118881118862        1032.0373870789306
19.114219114219093        1030.1478810367369
19.347319347319324        1028.2583749945431
19.58041958041956         1026.3688689523494
19.81351981351979         1024.5173471884352
20.04662004662002         1022.6658254245211
20.279720279720255        1020.8143036606069
20.512820512820493        1018.9967913102123
20.745920745920724        1017.1792789598175
20.97902097902096         1015.3617666094227
21.212121212121193        1013.5811726443914
21.445221445221428        1011.8005786793598
21.67832167832166         1010.0199847143283
21.91142191142189         1008.269558124188
22.144522144522124        1006.5191315340476
22.37762237762235         1004.7687049439072
22.610722610722586        1003.0541250941336
22.843822843822817        1001.3395452443598
23.07692307692305         999.624965394586
23.310023310023283        997.9695050370083
23.543123543123514        996.3140446794304
23.776223776223752        994.6585843218526
24.009324009323983        993.0665077768499
24.242424242424217        991.4744312318471
24.475524475524452        989.8823546868443
24.708624708624686        988.3362556110166
24.941724941724917        986.7901565351887
25.174825174825152        985.2440574593608
25.407925407925386        983.724238358388
25.64102564102562         982.2044192574151
25.874125874125852        980.6846001564423
26.107226107226086        979.2092671811843
26.34032634032632         977.7339342059261
26.57342657342655         976.2586012306679
26.806526806526787        974.8286134935314
27.03962703962702         973.3986257563948
27.272727272727252        971.9686380192583
27.505827505827483        970.5748039224244
27.738927738927714        969.1809698255904
27.972027972027945        967.7871357287564
28.20512820512818         966.4259715828941
28.438228438228407        965.0648074370316
28.671328671328645        963.7036432911691
28.904428904428876        962.3841223846292
29.137529137529107        961.0646014780892
29.370629370629338        959.7450805715492
29.603729603729576        958.4725162088521
29.836829836829807        957.1999518461548
30.069930069930038        955.9273874834576
30.303030303030276        954.6718290030241
30.53613053613051         953.4162705225905
30.76923076923074         952.160712042157
31.002331002330976        950.9319766047219
31.235431235431204        949.7032411672865
31.468531468531438        948.4745057298511
31.70163170163167         947.2813551818857
31.934731934731897        946.0882046339202
32.16783216783213         944.8950540859547
32.40093240093236         943.7419208470125
32.6340326340326          942.58878760807
32.86713286713283         941.4356543691276
33.10023310023306         940.3112733720515
33.3333333333333          939.1868923749752
33.56643356643353         938.0625113778989
33.79953379953376         936.9641090155873
34.032634032634           935.8657066532755
34.265734265734224        934.7673042909638
34.49883449883447         933.686458363482
34.7319347319347          932.6056124359999
34.96503496503493         931.5247665085179
35.19813519813517         930.4794618771397
35.4312354312354          929.4341572457613
35.664335664335624        928.388852614383
35.89743589743587         927.3785807245314
36.13053613053609         926.3683088346796
36.363636363636324        925.3580369448279
36.59673659673657         924.375987958932
36.82983682983679         923.3939389730359
37.062937062937024        922.41188998714
37.29603729603727         921.4513787357575
37.52913752913749         920.490867484375
37.76223776223773         919.5303562329925
37.99533799533796         918.5982915415283
38.228438228438186        917.6662268500639
38.461538461538424        916.7341621585996
38.694638694638655        915.8285206098849
38.927738927738886        914.9228790611702
39.160839160839124        914.0172375124555
39.393939393939355        913.1376576116642
39.627039627039586        912.2580777108728
39.860139860139824        911.3784978100815
40.093240093240055        910.5228589680975
40.32634032634029         909.6672201261133
40.55944055944052         908.8115812841293
40.79254079254075         907.9866434879714
41.02564102564099         907.1617056918134
41.25874125874122         906.3367678956554
41.49184149184145         905.5411252532452
41.72494172494169         904.745482610835
41.95804195804192         903.9498399684248
42.191142191142156        903.1758222313363
42.424242424242394        902.4018044942475
42.657342657342625        901.6277867571587
42.890442890442856        900.8690460380384
43.123543123543094        900.110305318918
43.35664335664332         899.3515645997977
43.589743589743556        898.6153852657466
43.82284382284378         897.8792059316954
44.05594405594401         897.1430265976443
44.28904428904425         896.4313069566467
44.52214452214447         895.7195873156492
44.7552447552447          895.0078676746516
44.98834498834495         894.3079450149878
45.22144522144517         893.6080223553239
45.45454545454541         892.90809969566
45.68764568764565         892.2248190411807
45.92074592074588         891.5415383867013
46.15384615384612         890.858257732222
46.38694638694635         890.2014410250869
46.62004662004657         889.5446243179517
46.853146853146804        888.8878076108166
47.086247086247035        888.2519520649412
47.319347319347266        887.6160965190656
47.55244755244751         886.9802409731901
47.78554778554775         886.3613491047734
48.01864801864798         885.7424572363564
48.25174825174822         885.1235653679395
48.48484848484845         884.526962945169
48.71794871794867         883.9303605223982
48.951048951048904        883.3337580996276
49.184149184149135        882.7560869474062
49.41724941724937         882.1784157951846
49.65034965034961         881.6007446429631
49.88344988344984         881.0412812621912
50.11655011655007         880.4818178814193
50.349650349650304        879.9223545006473
50.582750582750535        879.3825880528627
50.81585081585077         878.842821605078
51.04895104895101         878.3030551572934
51.28205128205125         877.7786400615845
51.51515151515148         877.2542249658753
51.74825174825171         876.7298098701662
51.98135198135195         876.2223443319177
52.21445221445217         875.7148787936691
52.447552447552404        875.2074132554205
52.68065268065264         874.7142147190227
52.91375291375287         874.2210161826248
53.146853146853104        873.7278176462269
53.37995337995335         873.251860950758
53.61305361305359         872.775904255289
53.84615384615382         872.29994755982
54.07925407925406         871.8403924939142
54.31235431235429         871.3808374280084
54.545454545454525        870.9212823621026
54.77855477855476         870.4722075761591
55.01165501165499         870.0231327902154
55.244755244755225        869.5740580042717
55.47785547785546         869.1359651961551
55.71095571095567         868.6978723880384
55.94405594405591         868.2597795799217
56.17715617715614         867.8374412041582
56.41025641025637         867.4151028283944
56.64335664335661         866.9927644526307
56.87645687645684         866.5835582080615
57.109557109557066        866.1743519634922
57.3426573426573          865.765145718923
57.575757575757535        865.3693848048906
57.80885780885777         864.9736238908581
58.04195804195801         864.5778629768257
58.27505827505824         864.1936288144692
58.50815850815848         863.8093946521125
58.741258741258704        863.4251604897559
58.97435897435894         863.0533026080964
59.20745920745918         862.6814447264367
59.44055944055941         862.3095868447771
59.67365967365964         861.9498744824086
59.90675990675988         861.59016212004
60.13986013986012         861.2304497576714
60.37296037296036         860.8819330036021
60.60606060606058         860.5334162495326
60.83916083916081         860.1848994954631
61.07226107226105         859.8484891700485
61.30536130536128         859.5120788446338
61.538461538461505        859.1756685192191
61.77156177156175         858.850368126265
62.00466200466197         858.5250677333107
62.2377622377622          858.1997673403565
62.47086247086244         857.886845071912
62.70396270396267         857.5739228034674
62.93706293706292         857.2610005350228
63.17016317016315         856.9590384234091
63.40326340326338         856.6570763117952
63.63636363636362         856.3551142001813
63.86946386946385         856.0570746078166
64.10256410256409         855.7590350154518
64.33566433566432         855.460995423087
64.56876456876456         855.1727807715222
64.8018648018648          854.8845661199573
65.03496503496503         854.5963514683924
65.26806526806527         854.3190469242398
65.50116550116549         854.041742380087
65.7342657342657          853.7644378359342
65.96736596736594         853.4972611977753
66.20046620046618         853.2300845596161
66.43356643356641         852.962907921457
66.66666666666666         852.7060631599476
66.89976689976687         852.449218398438
67.1328671328671          852.1923736369286
67.36596736596734         851.944883362034
67.59906759906758         851.6973930871394
67.83216783216783         851.4499028122448
68.06526806526806         851.2112503148059
68.29836829836827         850.9725978173667
68.5314685314685          850.7339453199277
68.76456876456875         850.504275801718
68.99766899766898         850.2746062835081
69.23076923076924         850.0449367652983
69.46386946386946         849.818189596756
69.69696969696967         849.5914424282137
69.93006993006989         849.3646952596714
70.16317016317014         849.1461113685247
70.39627039627037         848.9275274773778
70.6293706293706          848.7089435862309
70.86247086247084         848.4992305865521
71.09557109557107         848.2895175868732
71.32867132867132         848.0798045871943
71.56177156177154         847.8775662259595
71.79487179487178         847.6753278647246
72.027972027972           847.4730895034897
72.26107226107224         847.2784375923044
72.49417249417247         847.0837856811189
72.72727272727272         846.8891337699334
72.96037296037295         846.7009391640993
73.19347319347318         846.5127445582649
73.42657342657341         846.3245499524306
73.65967365967366         846.1433215015525
73.89277389277387         845.9620930506742
74.12587412587412         845.780864599796
74.35897435897435         845.6062388506358
74.59207459207458         845.4316131014756
74.8251748251748          845.2569873523154
75.05827505827504         845.0879799505022
75.29137529137527         844.918972548689
75.52447552447552         844.7499651468759
75.75757575757576         844.5868266077938
75.99067599067598         844.4236880687115
76.22377622377621         844.2605495296292
76.45687645687646         844.1038864749243
76.6899766899767          843.9472234202192
76.92307692307695         843.7905603655141
77.15617715617718         843.6402633467475
77.3892773892774          843.4899663279807
77.62237762237763         843.339669309214
77.85547785547786         843.1961091714405
78.08857808857807         843.052549033667
78.32167832167832         842.9089888958935
78.55477855477855         842.7716365782545
78.78787878787878         842.6342842606155
79.02097902097901         842.4969319429764
79.25407925407923         842.3666693616098
79.48717948717946         842.236406780243
79.72027972027969         842.1061441988762
79.95337995337995         841.9830686448522
80.1864801864802          841.8599930908281
80.41958041958044         841.736917536804
80.65268065268067         841.6161119716172
80.8857808857809          841.4953064064302
81.11888111888112         841.3745008412434
81.35198135198135         841.2554035677543
81.5850815850816          841.1363062942652
81.81818181818183         841.017209020776
82.05128205128206         840.9053685478705
82.28438228438229         840.7935280749647
82.51748251748252         840.6816876020589
82.75058275058275         840.5756873367709
82.98368298368298         840.4696870714828
83.21678321678321         840.3636868061948
83.44988344988346         840.2634415409267
83.68298368298369         840.1631962756586
83.91608391608392         840.0629510103905
84.14918414918415         839.9676226198395
84.38228438228437         839.8722942292884
84.61538461538461         839.7769658387373
84.84848484848484         839.6868307893554
85.08158508158506         839.5966957399734
85.31468531468529         839.5065606905914
85.54778554778554         839.4218815428912
85.78088578088577         839.337202395191
86.01398601398603         839.2525232474907
86.24708624708624         839.1726138517099
86.48018648018646         839.0927044559289
86.71328671328669         839.012795060148
86.94638694638694         838.9381563291654
87.17948717948717         838.8635175981825
87.41258741258743         838.7888788671996
87.64568764568764         838.7186777129263
87.87878787878786         838.6484765586528
88.11188811188808         838.5782754043794
88.34498834498832         838.5131700879447
88.57808857808855         838.4480647715098
88.8111888111888          838.3829594550751
89.04428904428904         838.3224778650816
89.27738927738926         838.261996275088
89.51048951048949         838.2015146850944
89.74358974358974         838.145223089456
89.97668997668998         838.0889314938175
90.20979020979021         838.0326398981791
90.44289044289044         837.9806477156274
90.67599067599068         837.9286555330755
90.9090909090909          837.8766633505236
91.14219114219117         837.8283287348282
91.37529137529138         837.7799941191328
91.60839160839161         837.7316595034373
91.84149184149184         837.6873244608284
92.07459207459208         837.6429894182194
92.3076923076923          837.5986543756103
92.54079254079255         837.5583045273765
92.77389277389277         837.5179546791427
93.006993006993           837.4776048309088
93.24009324009324         837.4408722932156
93.47319347319348         837.4041397555224
93.70629370629372         837.367407217829
93.93939393939395         837.3346519738103
94.17249417249417         837.3018967297915
94.4055944055944          837.2691414857726
94.63869463869464         837.240469625702
94.87179487179486         837.2117977656312
95.1048951048951          837.1831259055605
95.33799533799534         837.1581725077101
95.57109557109557         837.1332191098595
95.8041958041958          837.108265712009
96.03729603729604         837.0873755512828
96.27039627039628         837.0664853905564
96.5034965034965          837.04559522983
96.73659673659674         837.0284440012982
96.96969696969697         837.0112927727663
97.2027972027972          836.9941415442345
97.43589743589745         836.9808750658513
97.66899766899769         836.9676085874679
97.90209790209792         836.9543421090846
98.13519813519817         836.9449121270413
98.36829836829838         836.9354821449981
98.6013986013986          836.9260521629549
98.83449883449885         836.9202304816893
99.06759906759908         836.9144088004235
99.3006993006993          836.9085871191579
99.53379953379954         836.9067367493031
99.76689976689977         836.9048863794482
100                       836.9030360095932
0                         1137.6671388138118
0.2136752136752138        1137.6787422760403
0.4273504273504276        1137.6903457382687
0.6410256410256414        1137.701949200497
0.8547008547008552        1139.4204580036262
1.068376068376069         1141.1389668067552
1.2820512820512826        1142.8574756098842
1.4957264957264964        1145.0688726041435
1.7094017094017102        1147.2802695984026
1.923076923076924         1149.4916665926619
2.136752136752138         1151.8424486387203
2.3504273504273514        1154.1932306847787
2.564102564102565         1156.544012730837
2.777777777777779         1158.6173447300855
2.9914529914529924        1160.690676729334
3.205128205128206         1162.7640087285824
3.4188034188034204        1164.5228287520922
3.6324786324786342        1166.281648775602
3.846153846153848         1168.0404687991117
4.059829059829063         1169.4503303039053
4.273504273504277         1170.8601918086986
4.48717948717949          1172.2700533134919
4.700854700854703         1173.2845738181147
4.914529914529916         1174.2990943227376
5.1282051282051295        1175.3136148273604
5.341880341880343         1175.5793419304855
5.555555555555555         1175.8450690336103
5.769230769230768         1176.1107961367354
5.982905982905984         1175.9730317336514
6.1965811965811985        1175.8352673305674
6.410256410256414         1175.6975029274834
6.623931623931628         1175.1424636532556
6.837606837606841         1174.5874243790277
7.051282051282055         1174.0323851048
7.264957264957269         1173.0031780266304
7.478632478632483         1171.9739709484606
7.692307692307696         1170.9447638702911
7.905982905982911         1169.4186439081268
8.119658119658125         1167.8925239459622
8.33333333333334          1166.366403983798
8.547008547008552         1164.4935915651704
8.760683760683767         1162.6207791465426
8.97435897435898          1160.747966727915
9.188034188034193         1158.6054529726377
9.401709401709406         1156.4629392173608
9.615384615384619         1154.3204254620837
9.829059829059831         1151.8803826978433
10.042735042735044        1149.4403399336027
10.256410256410259        1147.000297169362
10.470085470085474        1144.308899115363
10.683760683760687        1141.6175010613638
10.897435897435901        1138.9261030073646
11.111111111111116        1136.1580886465565
11.324786324786329        1133.3900742857481
11.538461538461542        1130.6220599249398
11.752136752136757        1127.8231601174684
11.96581196581197         1125.0242603099973
12.179487179487184        1122.225360502526
12.393162393162399        1119.4278082840294
12.606837606837614        1116.6302560655326
12.820512820512826        1113.832703847036
13.034188034188041        1111.0342861724748
13.247863247863252        1108.2358684979138
13.461538461538467        1105.4374508233525
13.675213675213682        1102.640911568267
13.888888888888895        1099.8443723131816
14.10256410256411         1097.047833058096
14.316239316239326        1094.187467023678
14.52991452991454         1091.3271009892596
14.743589743589753        1088.4667349548413
14.957264957264966        1085.5851521796817
15.17094017094018         1082.703569404522
15.38461538461539         1079.8219866293625
15.598290598290605        1077.0001916066633
15.811965811965818        1074.1783965839638
16.025641025641036        1071.3566015612644
16.239316239316253        1068.6520839106945
16.452991452991466        1065.9475662601249
16.66666666666668         1063.243048609555
16.88034188034189         1060.602396589759
17.094017094017108        1057.9617445699632
17.30769230769232         1055.3210925501674
17.521367521367534        1052.7425763494448
17.735042735042747        1050.1640601487222
17.94871794871796         1047.5855439479997
18.162393162393172        1045.082613932495
18.376068376068385        1042.57968391699
18.5897435897436          1040.076753901485
18.80341880341881         1037.6476100809198
19.017094017094024        1035.2184662603543
19.23076923076924         1032.789322439789
19.444444444444457        1030.4331356434864
19.65811965811967         1028.0769488471838
19.871794871794883        1025.7207620508811
20.085470085470096        1023.4082166857324
20.29914529914531         1021.0956713205835
20.51282051282052         1018.7831259554347
20.726495726495738        1016.5029322562428
20.94017094017095         1014.2227385570508
21.153846153846168        1011.9425448578588
21.36752136752138         1009.7208307580258
21.58119658119659         1007.4991166581927
21.7948717948718          1005.2774025583597
22.008547008547016        1003.1097409286336
22.22222222222223         1000.9420792989075
22.43589743589744         998.7744176691815
22.649572649572658        996.6608412798278
22.86324786324787         994.5472648904739
23.076923076923087        992.4336885011201
23.290598290598304        990.4028013737715
23.504273504273517        988.3719142464229
23.717948717948733        986.3410271190743
23.93162393162395         984.4342151574439
24.145299145299163        982.5274031958135
24.358974358974375        980.620591234183
24.572649572649592        978.8561593265603
24.7863247863248          977.0917274189374
25.000000000000014        975.3272955113146
25.213675213675234        973.5983428213245
25.427350427350447        971.8693901313343
25.64102564102566         970.140437441344
25.854700854700873        968.4435188416404
26.068376068376082        966.7466002419367
26.282051282051295        965.0496816422329
26.49572649572651         963.4141228983822
26.709401709401725        961.7785641545312
26.923076923076938        960.1430054106803
27.13675213675215         958.6167267747653
27.350427350427363        957.0904481388502
27.564102564102576        955.5641695029351
27.777777777777793        954.0803268971227
27.991452991453006        952.5964842913104
28.20512820512822         951.112641685498
28.418803418803435        949.6716910844126
28.63247863247864         948.230740483327
28.846153846153854        946.7897898822416
29.05982905982907         945.4270103639047
29.273504273504283        944.0642308455676
29.487179487179496        942.7014513272306
29.700854700854716        941.4033059330494
29.914529914529933        940.1051605388681
30.128205128205146        938.8070151446867
30.34188034188036         937.5092333898759
30.555555555555564        936.211451635065
30.769230769230774        934.9136698802542
30.982905982905997        933.6291801090432
31.19658119658121         932.344690337832
31.41025641025643         931.0602005666209
31.623931623931643        929.8159233382194
31.837606837606856        928.5716461098177
32.05128205128207         927.3273688814161
32.26495726495728         926.1599994327049
32.4786324786325          924.9926299839937
32.69230769230771         923.8252605352825
32.90598290598293         922.6864825667429
33.11965811965814         921.5477045982034
33.333333333333364        920.4089266296638
33.54700854700857         919.2929288556637
33.76068376068378         918.1769310816635
33.97435897435899         917.0609333076633
34.188034188034216        915.9693762401097
34.401709401709425        914.877819172556
34.61538461538464         913.7862621050024
34.82905982905986         912.7030203936549
35.04273504273507         911.6197786823075
35.25641025641028         910.53653697096
35.47008547008549         909.5152667754106
35.6837606837607          908.4939965798612
35.89743589743592         907.4727263843118
36.111111111111136        906.488456129563
36.324786324786345        905.5041858748141
36.53846153846156         904.5199156200653
36.75213675213677         903.5684825287785
36.96581196581199         902.6170494374916
37.1794871794872          901.6656163462046
37.39316239316241         900.7373349947602
37.60683760683762         899.8090536433157
37.820512820512846        898.8807722918713
38.03418803418806         897.99178635552
38.24786324786328         897.1028004191687
38.46153846153849         896.2138144828175
38.675213675213705        895.354236098602
38.888888888888914        894.4946577143862
39.10256410256413         893.6350793301705
39.31623931623935         892.7994200426883
39.529914529914564        891.963760755206
39.74358974358977         891.1281014677237
39.95726495726499         890.3197149674621
40.17094017094019         889.5113284672004
40.38461538461541         888.7029419669389
40.598290598290625        887.9427668947654
40.81196581196584         887.1825918225919
41.02564102564105         886.4224167504185
41.23931623931627         885.7027664396787
41.452991452991476        884.9831161289387
41.66666666666669         884.2634658181987
41.88034188034191         883.5693712235302
42.094017094017126        882.8752766288616
42.307692307692335        882.181182034193
42.52136752136755         881.5055793551162
42.73504273504276         880.8299766760392
42.94871794871797         880.1543739969624
43.16239316239318         879.4863156479091
43.376068376068396        878.8182572988557
43.589743589743605        878.1501989498022
43.80341880341883         877.5115077488178
44.01709401709404         876.8728165478334
44.230769230769255        876.2341253468489
44.44444444444447         875.6169460473782
44.65811965811969         874.9997667479072
44.8717948717949          874.3825874484362
45.08547008547012         873.7635484833747
45.29914529914532         873.144509518313
45.51282051282054         872.5254705532515
45.72649572649575         871.9128690229439
45.94017094017096         871.3002674926363
46.15384615384617         870.6876659623288
46.367521367521384        870.1093116340758
46.58119658119659         869.5309573058227
46.79487179487181         868.9526029775697
47.008547008547026        868.3993380852797
47.22222222222224         867.8460731929896
47.43589743589746         867.2928083006996
47.649572649572676        866.7576321015943
47.863247863247885        866.2224559024888
48.0769230769231          865.6872797033834
48.29059829059831         865.1746846459685
48.50427350427353         864.6620895885534
48.71794871794874         864.1494945311384
48.93162393162395         863.6572920399773
49.14529914529915         863.165089548816
49.358974358974365        862.6728870576547
49.57264957264958         862.2037997949582
49.7863247863248          861.7347125322616
50.000000000000014        861.265625269565
50.21367521367523         860.8245138965361
50.42735042735044         860.3834025235071
50.64102564102566         859.9422911504782
50.854700854700866        859.5203431671624
51.06837606837608         859.0983951838465
51.28205128205129         858.6764472005306
51.49572649572651         858.2689396532821
51.70940170940172         857.8614321060336
51.923076923076934        857.4539245587852
52.13675213675214         857.059581457676
52.35042735042736         856.6652383565668
52.56410256410257         856.2708952554575
52.777777777777786        855.8909325670425
52.991452991452995        855.5109698786273
53.205128205128204        855.1310071902121
53.41880341880342         854.7714727544239
53.63247863247864         854.4119383186356
53.846153846153854        854.0524038828474
54.05982905982907         853.7083107842625
54.27350427350427         853.3642176856775
54.48717948717949         853.0201245870926
54.700854700854705        852.6852969731971
54.91452991452993         852.3504693593015
55.12820512820514         852.015641745406
55.34188034188036         851.6825547081072
55.555555555555564        851.3494676708083
55.76923076923079         851.0163806335095
55.982905982906           850.6943706667796
56.19658119658121         850.3723607000496
56.41025641025642         850.0503507333196
56.62393162393164         849.747190557362
56.83760683760684         849.4440303814043
57.05128205128206         849.1408702054466
57.26495726495728         848.8488447683178
57.4786324786325          848.5568193311889
57.69230769230771         848.26479389406
57.905982905982924        847.9820484740749
58.119658119658126        847.6993030540896
58.33333333333334         847.4165576341044
58.54700854700856         847.143466880284
58.760683760683776        846.8703761264634
58.974358974358985        846.5972853726429
59.18803418803421         846.3369054229285
59.40170940170942         846.0765254732138
59.61538461538464         845.8161455234992
59.82905982905985         845.5690404696544
60.04273504273507         845.3219354158094
60.25641025641028         845.0748303619645
60.470085470085486        844.8334299282398
60.68376068376069         844.5920294945149
60.89743589743589         844.3506290607901
61.111111111111114        844.1156227038416
61.32478632478633         843.880616346893
61.53846153846154         843.6456099899445
61.752136752136764        843.4196475975784
61.96581196581197         843.1936852052122
62.1794871794872          842.9677228128461
62.393162393162406        842.7568673798603
62.60683760683761         842.5460119468743
62.82051282051282         842.3351565138883
63.03418803418805         842.1302201101208
63.24786324786327         841.9252837063533
63.46153846153849         841.7203473025858
63.6752136752137          841.5098811407902
63.8888888888889          841.2994149789944
64.1025641025641          841.0889488171987
64.3162393162393          840.8792419755101
64.52991452991452         840.6695351338215
64.74358974358975         840.4598282921328
64.95726495726497         840.2570604535937
65.17094017094017         840.0542926150545
65.38461538461539         839.8515247765152
65.59829059829062         839.6619366306201
65.81196581196583         839.4723484847248
66.02564102564104         839.2827603388295
66.23931623931627         839.1010984838662
66.45299145299148         838.9194366289028
66.6666666666667          838.7377747739393
66.8803418803419          838.5632569618463
67.0940170940171          838.3887391497531
67.30769230769232         838.2142213376599
67.52136752136755         838.048406567452
67.73504273504275         837.8825917972441
67.94871794871798         837.7167770270363
68.1623931623932          837.5609616898753
68.3760683760684          837.4051463527143
68.5897435897436          837.2493310155533
68.80341880341884         837.0970679119224
69.01709401709405         836.9448048082916
69.23076923076927         836.7925417046607
69.44444444444447         836.6369171918533
69.6581196581197          836.4812926790457
69.87179487179492         836.3256681662383
70.08547008547013         836.1720904213574
70.29914529914532         836.0185126764763
70.51282051282054         835.8649349315954
70.72649572649576         835.7216382999827
70.94017094017099         835.5783416683698
71.15384615384619         835.4350450367571
71.3675213675214          835.298976044804
71.58119658119661         835.1629070528508
71.79487179487182         835.0268380608976
72.00854700854703         834.8947943424778
72.22222222222224         834.7627506240578
72.43589743589746         834.6307069056379
72.64957264957268         834.5022430495975
72.86324786324789         834.373779193557
73.07692307692311         834.2453153375164
73.29059829059833         834.1233409358982
73.50427350427353         834.0013665342799
73.71794871794873         833.8793921326617
73.93162393162395         833.7611199573578
74.14529914529918         833.6428477820538
74.3589743589744          833.5245756067497
74.57264957264961         833.4086858374707
74.78632478632481         833.2927960681914
75.00000000000003         833.1769062989122
75.21367521367524         833.0629452910288
75.42735042735045         832.9489842831453
75.64102564102566         832.8350232752617
75.8547008547009          832.7258255525126
76.0683760683761          832.6166278297632
76.2820512820513          832.5074301070138
76.49572649572653         832.402350032373
76.70940170940175         832.297269957732
76.92307692307695         832.1921898830913
77.13675213675216         832.0907902552403
77.35042735042738         831.9893906273893
77.56410256410258         831.8879909995384
77.7777777777778          831.7909128126987
77.99145299145302         831.6938346258588
78.20512820512823         831.5967564390189
78.41880341880345         831.5078188871464
78.63247863247865         831.4188813352738
78.84615384615387         831.3299437834013
79.0598290598291          831.247591416348
79.27350427350433         831.1652390492945
79.48717948717955         831.0828866822412
79.70085470085475         831.0059898368343
79.91452991452994         830.9290929914271
80.12820512820514         830.8521961460199
80.34188034188035         830.781599202735
80.55555555555556         830.7110022594501
80.76923076923077         830.6404053161652
80.982905982906           830.565444019654
81.19658119658122         830.4904827231428
81.41025641025645         830.4155214266316
81.62393162393167         830.3337485940211
81.83760683760688         830.2519757614107
82.05128205128209         830.1702029288002
82.2649572649573          830.095553384369
82.4786324786325          830.0209038399378
82.69230769230772         829.9462542955066
82.90598290598294         829.8766220545423
83.11965811965814         829.8069898135777
83.33333333333336         829.7373575726133
83.54700854700859         829.6724377406612
83.76068376068379         829.6075179087088
83.97435897435902         829.5425980767566
84.18803418803424         829.484020939405
84.40170940170944         829.4254438020532
84.61538461538464         829.3668666647014
84.82905982905987         829.3124123274652
85.04273504273509         829.2579579902288
85.2564102564103          829.2035036529924
85.47008547008552         829.1520793271351
85.68376068376074         829.1006550012777
85.89743589743595         829.0492306754203
86.11111111111117         829.0006635734591
86.32478632478636         828.9520964714977
86.53846153846156         828.9035293695365
86.75213675213678         828.8585245479135
86.96581196581198         828.8135197262902
87.17948717948718         828.768514904667
87.39316239316241         828.7282867878132
87.60683760683763         828.6880586709593
87.82051282051286         828.6478305541056
88.03418803418806         828.610521934184
88.24786324786328         828.5732133142624
88.4615384615385          828.5359046943408
88.67521367521371         828.5008975298197
88.8888888888889          828.4658903652984
89.10256410256412         828.4308832007771
89.31623931623933         828.3981674592997
89.52991452991455         828.3654517178221
89.74358974358975         828.3327359763447
89.95726495726497         828.3031014406437
90.17094017094018         828.2734669049426
90.3846153846154          828.2438323692414
90.59829059829062         828.2158744899947
90.81196581196583         828.1879166107478
91.02564102564105         828.1599587315011
91.23931623931625         828.1329457046264
91.45299145299145         828.1059326777515
91.66666666666666         828.0789196508766
91.88034188034189         828.0529625963945
92.0940170940171          828.0270055419123
92.3076923076923          828.0010484874302
92.52136752136755         827.9775664102306
92.73504273504277         827.9540843330309
92.948717948718           827.9306022558312
93.1623931623932          827.9089517004684
93.3760683760684          827.8873011451054
93.5897435897436          827.8656505897426
93.80341880341882         827.8453060735974
94.01709401709401         827.8249615574521
94.23076923076923         827.8046170413068
94.44444444444446         827.7858130947483
94.65811965811966         827.7670091481897
94.87179487179488         827.7482052016312
95.08547008547009         827.7328835787378
95.2991452991453          827.7175619558441
95.51282051282053         827.7022403329504
95.72649572649573         827.6886382209003
95.94017094017093         827.6750361088501
96.15384615384616         827.6614339967999
96.36752136752138         827.6492162857305
96.58119658119656         827.6369985746609
96.7948717948718          827.6247808635912
97.00854700854703         827.6145054243509
97.22222222222224         827.6042299851105
97.43589743589746         827.5939545458701
97.64957264957269         827.5869148610522
97.8632478632479          827.579875176234
98.07692307692311         827.572835491416
98.29059829059831         827.5673149061033
98.50427350427351         827.5617943207905
98.7179487179487          827.5562737354777
98.93162393162395         827.55242577792
99.14529914529915         827.5485778203621
99.35897435897436         827.5447298628043
99.57264957264958         827.5432643926456
99.7863247863248          827.5417989224867
100                       827.5403334523279
