% Model:              Cav_Hex_Unif_flux_v5.1 - Base Case (v01).mph
% Version:            COMSOL 5.5.0.359
% Date:               Mar 19 2022, 13:49
% Dimension:          1
% Nodes:              1910
% Expressions:        1
% Description:        Line graph
% x                       Height
0                         1057.6346762729922
0.08333333333333341       1057.1089027818098
0.16666666666666682       1056.5831292906273
0.2500000000000002        1056.057355799445
0.33333333333333365       1055.5315823082626
0.416666666666667         1054.8288077527704
0.5000000000000004        1054.1260331972783
0.5833333333333338        1053.423258641786
0.6666666666666672        1052.720484086294
0.7500000000000007        1052.0411331889375
0.833333333333334         1051.3617822915812
0.9166666666666674        1050.6824313942247
1.0000000000000009        1050.0030804968685
1.0833333333333344        1049.2711479194575
1.1666666666666679        1048.5392153420462
1.250000000000001         1047.8072827646351
1.3333333333333346        1047.0753501872239
1.4166666666666679        1046.3592887834957
1.5000000000000013        1045.6432273797673
1.5833333333333348        1044.927165976039
1.666666666666668         1044.211104572311
1.7500000000000016        1043.5012871599795
1.8333333333333348        1042.791469747648
1.9166666666666683        1042.0816523353164
2.0000000000000018        1041.371834922985
2.0833333333333353        1040.6700375558617
2.1666666666666687        1039.968240188738
2.2500000000000018        1039.2664428216144
2.3333333333333357        1038.564645454491
2.4166666666666687        1037.8790637533652
2.500000000000002         1037.1934820522397
2.5833333333333357        1036.5079003511141
2.6666666666666687        1035.8223186499883
2.7500000000000027        1035.1691318375047
2.8333333333333357        1034.5159450250208
2.916666666666669         1033.862758212537
3.0000000000000027        1033.2095714000534
3.083333333333336         1032.5691786363031
3.1666666666666696        1031.9287858725531
3.2500000000000027        1031.2883931088031
3.3333333333333366        1030.6480003450529
3.4166666666666696        1030.033967948722
3.500000000000004         1029.419935552391
3.5833333333333375        1028.80590315606
3.666666666666671         1028.191870759729
3.750000000000004         1027.5995758630768
3.833333333333337         1027.0072809664246
3.9166666666666705        1026.4149860697723
4.0000000000000036        1025.8226911731201
4.0833333333333375        1025.2339818293704
4.1666666666666705        1024.6452724856204
4.250000000000004         1024.0565631418704
4.333333333333338         1023.4678537981204
4.416666666666671         1022.9008523683019
4.5000000000000036        1022.3338509384834
4.5833333333333375        1021.7668495086648
4.6666666666666705        1021.1998480788463
4.750000000000004         1020.65052042964
4.8333333333333375        1020.1011927804336
4.9166666666666705        1019.5518651312273
5.000000000000004         1019.0025374820209
5.0833333333333375        1018.4647574165189
5.1666666666666705        1017.9269773510168
5.2500000000000036        1017.3891972855147
5.333333333333337         1016.8514172200126
5.4166666666666705        1016.3362936355804
5.500000000000004         1015.8211700511481
5.5833333333333375        1015.3060464667158
5.666666666666671         1014.7909228822834
5.750000000000005         1014.2927353257448
5.833333333333339         1013.7945477692065
5.916666666666673         1013.296360212668
6.000000000000007         1012.7981726561295
6.08333333333334          1012.3142589575879
6.166666666666672         1011.830345259046
6.250000000000005         1011.3464315605044
6.333333333333338         1010.8625178619626
6.416666666666672         1010.3961648377993
6.500000000000005         1009.9298118136361
6.583333333333338         1009.4634587894728
6.666666666666671         1008.9971057653096
6.750000000000004         1008.5397754996893
6.833333333333338         1008.0824452340692
6.9166666666666705        1007.6251149684489
7.000000000000004         1007.1677847028286
7.0833333333333375        1006.7332683756401
7.166666666666672         1006.2987520484517
7.250000000000006         1005.8642357212631
7.333333333333339         1005.4297193940746
7.416666666666673         1004.9994810565202
7.500000000000006         1004.5692427189656
7.583333333333339         1004.1390043814112
7.666666666666672         1003.7087660438567
7.750000000000006         1003.2899915230737
7.83333333333334          1002.8712170022905
7.916666666666672         1002.4524424815074
8.000000000000007         1002.0336679607243
8.08333333333334          1001.633354717738
8.166666666666673         1001.2330414747516
8.250000000000007         1000.8327282317654
8.333333333333341         1000.4324149887791
8.416666666666673         1000.0487374062297
8.500000000000005         999.6650598236804
8.58333333333334          999.281382241131
8.666666666666671         998.8977046585817
8.750000000000005         998.527098078079
8.83333333333334          998.1564914975761
8.916666666666673         997.7858849170734
9.000000000000007         997.4152783365706
9.083333333333341         997.0607781485817
9.166666666666673         996.7062779605927
9.250000000000009         996.3517777726038
9.333333333333341         995.9972775846148
9.416666666666673         995.6445996278076
9.500000000000009         995.2919216710004
9.583333333333341         994.9392437141933
9.666666666666675         994.5865657573861
9.750000000000007         994.2450788946267
9.83333333333334          993.903592031867
9.916666666666675         993.5621051691074
10.000000000000007        993.2206183063479
10.08333333333334         992.8962603243764
10.166666666666675        992.5719023424049
10.250000000000007        992.2475443604335
10.333333333333341        991.923186378462
10.416666666666673        991.6111677269851
10.500000000000005        991.2991490755081
10.58333333333334         990.9871304240312
10.666666666666671        990.6751117725543
10.750000000000005        990.3758046658795
10.833333333333341        990.0764975592049
10.916666666666675        989.7771904525302
11.00000000000001         989.4778833458556
11.083333333333343        989.182342136842
11.166666666666675        988.8868009278285
11.250000000000009        988.5912597188149
11.333333333333341        988.2957185098013
11.416666666666673        988.0187183334853
11.500000000000007        987.7417181571691
11.58333333333334         987.464717980853
11.666666666666673        987.187717804537
11.750000000000005        986.9181233470293
11.833333333333337        986.6485288895217
11.916666666666673        986.3789344320141
12.000000000000005        986.1093399745065
12.083333333333337        985.8460578772491
12.166666666666673        985.5827757799917
12.250000000000005        985.3194936827343
12.33333333333334         985.056211585477
12.416666666666673        984.8063193313723
12.500000000000004        984.5564270772675
12.58333333333334         984.3065348231628
12.666666666666671        984.0566425690581
12.750000000000004        983.8104107611246
12.83333333333334         983.564178953191
12.916666666666673        983.3179471452574
13.000000000000007        983.0717153373239
13.08333333333334         982.8419117662698
13.166666666666673        982.6121081952158
13.250000000000007        982.3823046241616
13.33333333333334         982.1525010531076
13.416666666666673        981.9296083272175
13.500000000000009        981.7067156013275
13.583333333333343        981.4838228754373
13.666666666666677        981.2609301495472
13.750000000000009        981.0443702082043
13.833333333333341        980.8278102668614
13.916666666666675        980.6112503255184
14.000000000000007        980.3946903841755
14.08333333333334         980.1862960708282
14.166666666666675        979.9779017574809
14.250000000000007        979.7695074441336
14.333333333333341        979.5611131307863
14.416666666666675        979.3654714933496
14.500000000000007        979.1698298559129
14.583333333333341        978.9741882184762
14.666666666666675        978.7785465810396
14.750000000000007        978.5908230864309
14.833333333333341        978.4030995918222
14.916666666666675        978.2153760972134
15.000000000000009        978.0276526026047
15.083333333333341        977.846404685161
15.166666666666673        977.6651567677172
15.250000000000007        977.4839088502736
15.33333333333334         977.3026609328299
15.416666666666671        977.1287485097686
15.500000000000007        976.9548360867072
15.583333333333337        976.780923663646
15.666666666666673        976.6070112405847
15.750000000000007        976.4425442460506
15.833333333333341        976.2780772515164
15.916666666666677        976.1136102569822
16.00000000000001         975.9491432624479
16.083333333333346        975.7872156163114
16.166666666666675        975.6252879701751
16.25000000000001         975.4633603240386
16.333333333333346        975.3014326779022
16.416666666666675        975.1535072631045
16.500000000000007        975.005581848307
16.58333333333334         974.8576564335093
16.666666666666675        974.7097310187116
16.750000000000004        974.5670425275686
16.83333333333334         974.4243540364255
16.916666666666675        974.2816655452825
17.000000000000004        974.1389770541394
17.08333333333334         974.0012637752843
17.166666666666675        973.8635504964293
17.250000000000007        973.7258372175743
17.333333333333343        973.5881239387191
17.41666666666668         973.4609156762706
17.500000000000007        973.3337074138221
17.58333333333334         973.2064991513736
17.666666666666675        973.079290888925
17.750000000000007        972.9584742967586
17.83333333333334         972.8376577045922
17.916666666666675        972.7168411124258
18.00000000000001         972.5960245202593
18.08333333333334         972.4813190443563
18.166666666666675        972.3666135684533
18.25000000000001         972.2519080925504
18.33333333333334         972.1372026166473
18.41666666666667         972.027899219339
18.500000000000007        971.9185958220307
18.58333333333334         971.8092924247223
18.66666666666667         971.6999890274141
18.750000000000007        971.6010502046975
18.83333333333334         971.5021113819807
18.91666666666667         971.4031725592641
19.000000000000007        971.3042337365475
19.083333333333343        971.2122595532244
19.16666666666667         971.1202853699014
19.250000000000007        971.0283111865783
19.333333333333343        970.9363370032552
19.41666666666667         970.8457369354064
19.500000000000007        970.7551368675576
19.583333333333343        970.6645367997087
19.66666666666667         970.5739367318599
19.750000000000007        970.4930804838225
19.833333333333343        970.4122242357853
19.91666666666667         970.3313679877479
20.000000000000007        970.2505117397105
20.083333333333343        970.1737868000017
20.16666666666667         970.0970618602928
20.250000000000004        970.020336920584
20.33333333333334         969.9436119808751
20.41666666666667         969.8756353375826
20.500000000000004        969.8076586942902
20.58333333333334         969.7396820509978
20.66666666666667         969.6717054077054
20.750000000000004        969.6078684732076
20.833333333333336        969.5440315387098
20.91666666666667         969.4801946042119
21.000000000000004        969.416357669714
21.08333333333334         969.359643963481
21.166666666666675        969.3029302572478
21.250000000000004        969.2462165510146
21.33333333333334         969.1895028447816
21.41666666666667         969.1348838107083
21.500000000000004        969.080264776635
21.58333333333334         969.0256457425617
21.66666666666667         968.9710267084884
21.750000000000007        968.9233876868743
21.833333333333343        968.8757486652602
21.916666666666675        968.828109643646
22.000000000000014        968.780470622032
22.083333333333343        968.7369826810847
22.16666666666668         968.6934947401373
22.250000000000014        968.6500067991901
22.333333333333343        968.6065188582428
22.416666666666675        968.5716549972009
22.50000000000001         968.5367911361591
22.583333333333343        968.5019272751172
22.666666666666675        968.4670634140754
22.75000000000001         968.4345575820288
22.833333333333336        968.4020517499822
22.916666666666668        968.3695459179356
23.000000000000004        968.337040085889
23.08333333333334         968.3079809970412
23.16666666666667         968.2789219081933
23.250000000000007        968.2498628193455
23.333333333333343        968.2208037304977
23.416666666666675        968.1991280261375
23.50000000000001         968.1774523217773
23.583333333333346        968.155776617417
23.66666666666668         968.1341009130568
23.750000000000007        968.1176897689506
23.83333333333334         968.1012786248446
23.91666666666667         968.0848674807384
24                        968.0684563366322
24.083333333333336        968.0559869150222
24.16666666666667         968.0435174934122
24.25                     968.0310480718022
24.333333333333336        968.0185786501922
24.41666666666667         968.0100969874906
24.5                      968.0016153247891
24.58333333333333         967.9931336620874
24.666666666666664        967.9846519993858
24.749999999999993        967.9809771871843
24.833333333333332        967.9773023749827
24.91666666666667         967.9736275627812
25                        967.9699527505796
0                         936.5589712440848
0.07716049382716039       935.8127076641617
0.15432098765432078       935.0664440842386
0.2314814814814812        934.3201805043154
0.30864197530864157       933.6704186861523
0.385802469135802         933.0206568679891
0.4629629629629624        932.370895049826
0.5401234567901227        931.7543359806695
0.6172839506172829        931.1377769115129
0.6944444444444433        930.5212178423564
0.7716049382716038        929.9206117862707
0.8487654320987643        929.320005730185
0.9259259259259249        928.7193996740993
1.003086419753085         928.1190458443853
1.0802469135802455        927.5186920146712
1.1574074074074059        926.9183381849571
1.234567901234566         926.3285337224004
1.3117283950617264        925.7387292598436
1.3888888888888868        925.1489247972868
1.4660493827160472        924.5505871425921
1.5432098765432076        923.9522494878972
1.6203703703703682        923.3539118332025
1.6975308641975286        922.773346802592
1.774691358024689         922.1927817719813
1.8518518518518496        921.6122167413707
1.9290123456790096        921.0365129848544
2.0061728395061693        920.460809228338
2.0833333333333295        919.8851054718216
2.16049382716049          919.3155972218872
2.2376543209876507        918.7460889719528
2.3148148148148118        918.1765807220183
2.391975308641972         917.6192262730783
2.4691358024691317        917.0618718241382
2.5462962962962923        916.504517375198
2.623456790123453         915.963730873625
2.7006172839506135        915.4229443720518
2.777777777777774         914.8821578704787
2.8549382716049347        914.3577353147454
2.932098765432095         913.8333127590118
3.009259259259256         913.3088902032785
3.0864197530864166        912.8030973989604
3.1635802469135768        912.2973045946421
3.2407407407407374        911.791511790324
3.317901234567898         911.3024655509963
3.395061728395058         910.8134193116684
3.4722222222222183        910.3243730723407
3.549382716049379         909.8541644525604
3.626543209876539         909.38395583278
3.7037037037036993        908.9137472129995
3.78086419753086          908.4529741448214
3.858024691358019         907.9922010766431
3.93518518518518          907.5314280084649
4.0123456790123395        907.0789651618928
4.089506172839499         906.6265023153205
4.16666666666666          906.1740394687483
4.2438271604938205        905.7355624084533
4.320987654320981         905.2970853481582
4.398148148148142         904.8586082878631
4.475308641975301         904.4275492670199
4.552469135802462         903.9964902461766
4.629629629629623         903.5654312253333
4.706790123456782         903.1471651017682
4.783950617283943         902.7288989782029
4.861111111111104         902.3106328546377
4.938271604938263         901.9035669235307
5.015432098765423         901.4965009924234
5.092592592592584         901.0894350613163
5.169753086419743         900.6945764363837
5.246913580246904         900.2997178114509
5.324074074074065         899.9048591865183
5.401234567901224         899.5242194241075
5.478395061728384         899.1435796616965
5.555555555555545         898.7629398992856
5.632716049382705         898.3972972475175
5.709876543209866         898.0316545957493
5.7870370370370265        897.6660119439812
5.864197530864187         897.3113045856384
5.941358024691347         896.9565972272954
6.0185185185185075        896.6018898689526
6.095679012345669         896.2575394719921
6.172839506172829         895.9131890750315
6.24999999999999          895.5688386780708
6.327160493827151         895.2358502081959
6.404320987654311         894.9028617383208
6.481481481481471         894.5698732684458
6.558641975308631         894.2447246115037
6.635802469135791         893.9195759545613
6.71296296296295          893.594427297619
6.790123456790111         893.281177462281
6.867283950617271         892.9679276269428
6.94444444444443          892.6546777916047
7.021604938271591         892.3493841284162
7.0987654320987525        892.0440904652276
7.175925925925914         891.738796802039
7.253086419753073         891.445758976217
7.330246913580233         891.152721150395
7.407407407407392         890.859683324573
7.484567901234553         890.5767684206304
7.561728395061713         890.2938535166877
7.638888888888873         890.0109386127451
7.716049382716035         889.7398816828513
7.793209876543196         889.4688247529573
7.870370370370358         889.1977678230634
7.947530864197518         888.9348624528553
8.024691358024677         888.671957082647
8.101851851851837         888.4090517124389
8.179012345678998         888.1583310017289
8.25617283950616          887.9076102910188
8.333333333333321         887.6568895803088
8.410493827160481         887.4151275947959
8.48765432098764          887.1733656092829
8.5648148148148           886.9316036237699
8.641975308641962         886.6991998348608
8.719135802469122         886.4667960459516
8.796296296296283         886.2343922570424
8.873456790123443         886.0117709584667
8.950617283950601         885.7891496598909
9.02777777777776          885.566528361315
9.104938271604922         885.3495781471133
9.182098765432084         885.1326279329115
9.259259259259245         884.9156777187097
9.336419753086407         884.7042561967835
9.413580246913567         884.492834674857
9.490740740740726         884.2814131529307
9.567901234567888         884.0749339320743
9.645061728395047         883.8684547112177
9.722222222222209         883.6619754903612
9.79938271604937          883.4637482368347
9.876543209876528         883.2655209833082
9.95370370370369          883.0672937297817
10.030864197530851        882.8773592836104
10.108024691358013        882.6874248374392
10.185185185185173        882.4974903912679
10.262345679012334        882.3145806121834
10.339506172839492        882.1316708330988
10.416666666666652        881.9487610540143
10.493827160493813        881.7715810965025
10.570987654320973        881.5944011389905
10.648148148148135        881.4172211814787
10.725308641975296        881.2474068137269
10.802469135802454        881.0775924459749
10.879629629629616        880.907778078223
10.95679012345678         880.7446217588798
11.033950617283942        880.5814654395365
11.111111111111105        880.4183091201932
11.188271604938263        880.2611687975376
11.265432098765421        880.104028474882
11.342592592592581        879.9468881522265
11.41975308641974         879.7955138306332
11.4969135802469          879.6441395090399
11.574074074074058        879.4927651874466
11.65123456790122         879.3475453294537
11.728395061728381        879.2023254714608
11.805555555555545        879.0571056134678
11.882716049382706        878.9172679921347
11.959876543209866        878.7774303708015
12.037037037037027        878.6375927494685
12.114197530864185        878.5031945199611
12.191358024691345        878.3687962904536
12.268518518518507        878.2343980609461
12.345679012345668        878.1044785951678
12.422839506172828        877.9745591293895
12.49999999999999         877.8446396636112
12.577160493827149        877.719810266435
12.654320987654309        877.5949808692587
12.73148148148147         877.4701514720824
12.808641975308634        877.349476560513
12.885802469135795        877.2288016489435
12.962962962962955        877.1081267373742
13.040123456790116        876.9917010241085
13.117283950617276        876.8752753108425
13.194444444444436        876.7588495975767
13.271604938271597        876.6482326145374
13.348765432098757        876.5376156314978
13.425925925925917        876.4269986484584
13.503086419753078        876.3198518103432
13.58024691358024         876.2127049722277
13.657407407407401        876.1055581341124
13.734567901234561        876.003570254954
13.811728395061719        875.9015823757953
13.888888888888879        875.7995944966368
13.96604938271604         875.7003980698563
14.0432098765432          875.6012016430757
14.120370370370363        875.5020052162951
14.197530864197525        875.4069398155522
14.274691358024686        875.3118744148092
14.351851851851844        875.2168090140663
14.429012345679007        875.1259031165058
14.506172839506167        875.0349972189451
14.583333333333327        874.9440913213845
14.66049382716049         874.8561873360854
14.73765432098765         874.7682833507863
14.81481481481481         874.6803793654872
14.891975308641971        874.5962426129893
14.969135802469129        874.5121058604913
15.046296296296289        874.4279691079932
15.12345679012345         874.3476557564599
15.20061728395061         874.2673424049265
15.27777777777777         874.1870290533931
15.354938271604931        874.1100915206958
15.432098765432091        874.0331539879985
15.509259259259252        873.9562164553013
15.586419753086414        873.8831752765865
15.66358024691357         873.8101340978715
15.740740740740728        873.7370929191565
15.817901234567891        873.6661781040788
15.895061728395055        873.595263289001
15.972222222222214        873.5243484739232
16.049382716049376        873.456897048571
16.126543209876537        873.3894456232188
16.203703703703695        873.3219941978665
16.28086419753086         873.2576052549398
16.35802469135802         873.193216312013
16.43518518518518         873.1288273690863
16.51234567901234         873.0672813197025
16.589506172839496        873.0057352703186
16.666666666666654        872.9441892209347
16.743827160493815        872.8856559991056
16.820987654320977        872.8271227772763
16.89814814814814         872.768589555447
16.9753086419753          872.7123746637099
17.05246913580246         872.6561597719726
17.12962962962962         872.5999448802355
17.206790123456784        872.5464417660886
17.283950617283946        872.4929386519416
17.361111111111104        872.4394355377947
17.438271604938265        872.3897960420474
17.515432098765423        872.3401565462999
17.592592592592585        872.2905170505525
17.669753086419746        872.24178501841
17.746913580246904        872.1930529862675
17.824074074074066        872.1443209541251
17.901234567901227        872.097670529796
17.97839506172839         872.0510201054668
18.055555555555546        872.0043696811376
18.13271604938271         871.9599345590235
18.20987654320987         871.9154994369093
18.28703703703703         871.871064314795
18.364197530864192        871.8289005870294
18.44135802469135         871.7867368592636
18.518518518518515        871.7445731314978
18.595679012345673        871.7045349498017
18.67283950617283         871.6644967681053
18.749999999999993        871.624458586409
18.827160493827154        871.58680520696
18.904320987654316        871.5491518275107
18.981481481481474        871.5114984480616
19.058641975308635        871.4752386702676
19.135802469135797        871.4389788924734
19.212962962962955        871.4027191146793
19.29012345679012         871.3684842162069
19.367283950617278        871.3342493177342
19.444444444444443        871.3000144192617
19.521604938271604        871.2676676356847
19.59876543209876         871.2353208521075
19.67592592592592         871.2029740685304
19.75308641975308         871.1727881835274
19.830246913580243        871.1426022985244
19.9074074074074          871.1124164135214
19.98456790123456         871.0835024358802
20.06172839506172         871.0545884582389
20.138888888888882        871.0256744805976
20.21604938271605         870.99888395766
20.293209876543212        870.9720934347224
20.370370370370374        870.9453029117849
20.447530864197535        870.9201282001718
20.52469135802469         870.8949534885586
20.601851851851848        870.8697787769455
20.67901234567901         870.8460652310663
20.75617283950617         870.822351685187
20.83333333333333         870.7986381393076
20.91049382716049         870.7765257670561
20.987654320987655        870.7544133948045
21.064814814814813        870.7323010225529
21.141975308641975        870.7118033381549
21.219135802469133        870.6913056537569
21.296296296296294        870.670807969359
21.373456790123456        870.6521140248078
21.450617283950617        870.6334200802565
21.52777777777778         870.6147261357053
21.604938271604937        870.5973072092019
21.682098765432098        870.5798882826983
21.759259259259256        870.5624693561948
21.836419753086414        870.5466129257592
21.913580246913575        870.5307564953234
21.990740740740733        870.5149000648877
22.067901234567902        870.5004758428806
22.14506172839506         870.4860516208735
22.22222222222222         870.4716273988663
22.299382716049386        870.4586750573849
22.376543209876544        870.4457227159033
22.453703703703706        870.4327703744219
22.530864197530864        870.4209159498577
22.608024691358025        870.4090615252933
22.685185185185183        870.3972071007289
22.76234567901234         870.3868235425309
22.839506172839503        870.3764399843328
22.916666666666664        870.3660564261348
22.99382716049383         870.3568733525439
23.070987654320987        870.3476902789529
23.148148148148145        870.3385072053619
23.225308641975307        870.3304223692156
23.302469135802465        870.3223375330692
23.379629629629626        870.314252696923
23.45679012345679         870.3072985985289
23.533950617283953        870.3003445001345
23.611111111111114        870.2933904017403
23.688271604938276        870.2876141889966
23.76543209876543         870.2818379762526
23.842592592592588        870.2760617635087
23.919753086419757        870.2716336645561
23.996913580246915        870.2672055656034
24.074074074074076        870.2627774666507
24.15123456790124         870.2588526922574
24.228395061728396        870.2549279178638
24.305555555555557        870.2510031434704
24.38271604938272         870.2485235525301
24.459876543209877        870.2460439615896
24.537037037037038        870.2435643706492
24.6141975308642          870.2420099492253
24.691358024691358        870.2404555278013
24.76851851851852         870.2389011063773
24.845679012345684        870.2384432749051
24.922839506172842        870.2379854434328
25                        870.2375276119604
0                         942.8734595067211
0.06510416666666667       942.2197943307399
0.13020833333333334       941.5661291547585
0.1953125                 940.9124639787772
0.26041666666666674       940.3630963331689
0.32552083333333337       939.8137286875605
0.390625                  939.264361041952
0.4557291666666667        938.7452093122548
0.5208333333333334        938.2260575825575
0.5859375                 937.7069058528602
0.6510416666666667        937.2313546436296
0.7161458333333334        936.755803434399
0.78125                   936.2802522251684
0.8463541666666667        935.8262237467832
0.9114583333333334        935.372195268398
0.9765625                 934.9181667900127
1.0416666666666667        934.4588719327876
1.1067708333333333        933.9995770755623
1.171875                  933.5402822183371
1.2369791666666665        933.0694602321538
1.302083333333333         932.5986382459703
1.3671874999999996        932.1278162597869
1.4322916666666663        931.6400020583718
1.497395833333333         931.1521878569566
1.5624999999999996        930.6643736555415
1.6276041666666665        930.1912470923914
1.6927083333333335        929.7181205292413
1.7578125                 929.2449939660912
1.8229166666666667        928.7701046544335
1.8880208333333333        928.2952153427756
1.953125                  927.8203260311178
2.0182291666666665        927.3359718741506
2.083333333333333         926.8516177171832
2.1484374999999996        926.3672635602159
2.213541666666666         925.879339744913
2.2786458333333326        925.3914159296099
2.343749999999999         924.903492114307
2.408854166666666         924.420530190031
2.473958333333333         923.9375682657546
2.5390625                 923.4546063414783
2.604166666666667         922.9886384749558
2.6692708333333335        922.522670608433
2.734375                  922.0567027419104
2.799479166666666         921.6076679099193
2.8645833333333326        921.1586330779281
2.9296874999999996        920.709598245937
2.9947916666666665        920.275785552608
3.0598958333333335        919.8419728592788
3.125                     919.4081601659497
3.190104166666667         918.9917964326206
3.2552083333333335        918.5754326992914
3.3203125                 918.1590689659622
3.385416666666667         917.7580904875648
3.450520833333333         917.3571120091673
3.515625                  916.9561335307699
3.5807291666666665        916.5710240295576
3.6458333333333326        916.1859145283454
3.710937499999999         915.8008050271332
3.7760416666666656        915.4244296524572
3.8411458333333326        915.0480542777811
3.906249999999999         914.6716789031051
3.9713541666666665        914.3008181666087
4.036458333333333         913.9299574301122
4.1015625                 913.5590966936157
4.166666666666668         913.1918626917403
4.231770833333334         912.8246286898648
4.296875                  912.4573946879892
4.361979166666668         912.1034850993012
4.427083333333334         911.7495755106131
4.492187500000001         911.3956659219251
4.557291666666667         911.0521332798714
4.622395833333333         910.7086006378177
4.6875                    910.3650679957639
4.752604166666667         910.026378363036
4.817708333333334         909.687688730308
4.8828125                 909.34899909758
4.947916666666667         909.0240820595898
5.013020833333334         908.6991650215994
5.078125                  908.374247983609
5.143229166666668         908.0624292263277
5.208333333333334         907.7506104690461
5.273437500000001         907.4387917117646
5.338541666666667         907.1382183307365
5.403645833333331         906.8376449497084
5.468749999999997         906.5370715686804
5.533854166666664         906.2470877575585
5.598958333333331         905.9571039464364
5.664062499999999         905.6671201353143
5.729166666666665         905.387282656734
5.794270833333332         905.1074451781535
5.859374999999999         904.8276076995732
5.924479166666666         904.5571148273208
5.989583333333333         904.2866219550683
6.054687499999999         904.0161290828158
6.119791666666667         903.7545652879228
6.184895833333332         903.4930014930295
6.249999999999999         903.2314376981363
6.315104166666665         902.9781823011976
6.380208333333331         902.7249269042588
6.445312499999997         902.4716715073201
6.510416666666664         902.2275743185003
6.57552083333333          901.9834771296804
6.640624999999998         901.7393799408605
6.705729166666665         901.5037250245679
6.770833333333332         901.2680701082752
6.835937499999998         901.0324151919825
6.901041666666666         900.8016171884791
6.966145833333334         900.5708191849756
7.031250000000001         900.340021181472
7.096354166666668         900.1173817623979
7.161458333333332         899.8947423433237
7.226562499999998         899.6721029242497
7.291666666666665         899.4587189682168
7.356770833333331         899.2453350121838
7.421874999999998         899.0319510561508
7.486979166666665         898.827533206991
7.552083333333332         898.623115357831
7.6171875                 898.4186975086711
7.682291666666666         898.2232354669964
7.747395833333332         898.0277734253215
7.812499999999998         897.8323113836466
7.877604166666666         897.6451700734196
7.942708333333331         897.4580287631926
8.007812499999998         897.2708874529656
8.072916666666666         897.0921066846395
8.13802083333333          896.9133259163133
8.203124999999996         896.7345451479872
8.268229166666664         896.5635518851886
8.333333333333332         896.3925586223899
8.3984375                 896.2215653595911
8.463541666666666         896.0586753322192
8.52864583333333          895.8957853048472
8.593749999999996         895.7328952774752
8.658854166666664         895.577191604852
8.72395833333333          895.4214879322286
8.789062499999998         895.2657842596052
8.854166666666664         895.1179908536453
8.91927083333333          894.9701974476853
8.984374999999998         894.8224040417253
9.049479166666666         894.679807606392
9.114583333333332         894.5372111710586
9.1796875                 894.3946147357252
9.244791666666666         894.2521784040392
9.309895833333332         894.1097420723532
9.374999999999998         893.9673057406673
9.440104166666666         893.8273700307132
9.505208333333332         893.687434320759
9.5703125                 893.547498610805
9.635416666666668         893.4114563336346
9.700520833333334         893.2754140564642
9.765625                  893.1393717792938
9.830729166666666         893.0101271264426
9.895833333333332         892.8808824735913
9.960937499999998         892.7516378207401
10.026041666666666        892.6282288306495
10.091145833333332        892.5048198405588
10.15625                  892.3814108504681
10.221354166666666        892.2638932302398
10.286458333333332        892.1463756100112
10.351562499999998        892.0288579897828
10.416666666666666        891.9165949883073
10.481770833333334        891.8043319868317
10.546875                 891.6920689853561
10.611979166666668        891.5848993780187
10.677083333333334        891.4777297706811
10.7421875                891.3705601633436
10.807291666666666        891.2680586482048
10.872395833333332        891.1655571330658
10.937500000000002        891.0630556179269
11.00260416666667         890.9651330370467
11.067708333333336        890.8672104561664
11.132812500000004        890.7692878752862
11.197916666666668        890.6756857073804
11.263020833333336        890.5820835394744
11.328125                 890.4884813715686
11.393229166666668        890.3990448195723
11.458333333333332        890.3096082675758
11.523437499999998        890.2201717155793
11.588541666666668        890.134628222889
11.653645833333336        890.0490847301985
11.718750000000004        889.963541237508
11.78385416666667         889.8815980065411
11.848958333333334        889.7996547755743
11.914062500000002        889.7177115446074
11.97916666666667         889.6390687653133
12.044270833333336        889.5604259860191
12.109375000000002        889.481783206725
12.174479166666668        889.4062012850039
12.239583333333336        889.3306193632828
12.304687500000002        889.2550374415617
12.36979166666667         889.1821762603489
12.434895833333336        889.1093150791361
12.500000000000002        889.0364538979233
12.565104166666671        888.9662447130275
12.630208333333337        888.8960355281317
12.695312500000004        888.825826343236
12.76041666666667         888.7582216069669
12.825520833333336        888.6906168706976
12.890625000000002        888.6230121344282
12.95572916666667         888.558073867719
13.020833333333336        888.4931356010096
13.0859375                888.4281973343003
13.151041666666668        888.3658985130429
13.216145833333336        888.3035996917854
13.281250000000004        888.241300870528
13.346354166666671        888.1815627445436
13.411458333333337        888.1218246185591
13.476562500000004        888.0620864925746
13.541666666666671        888.0048208585322
13.606770833333334        887.9475552244896
13.671875                 887.8902895904472
13.736979166666668        887.8354918970018
13.802083333333336        887.7806942035564
13.867187500000005        887.725896510111
13.932291666666673        887.6734173006334
13.99739583333334         887.6209380911557
14.062500000000007        887.5684588816781
14.127604166666673        887.5183320733416
14.19270833333334         887.468205265005
14.257812500000004        887.4180784566685
14.32291666666667         887.3700546574463
14.388020833333334        887.3220308582241
14.453125000000002        887.274007059002
14.518229166666671        887.2281719314841
14.583333333333337        887.1823368039661
14.648437500000004        887.1365016764482
14.71354166666667         887.0925982702671
14.778645833333336        887.0486948640857
14.843750000000004        887.0047914579045
14.908854166666671        886.9629226565522
14.973958333333337        886.9210538551997
15.039062500000005        886.8791850538473
15.104166666666671        886.8390767634916
15.16927083333334         886.7989684731356
15.234375000000005        886.7588601827796
15.299479166666671        886.7206822197347
15.364583333333337        886.6825042566896
15.429687500000004        886.6443262936447
15.494791666666671        886.6078392680874
15.559895833333334        886.57135224253
15.625                    886.5348652169727
15.690104166666666        886.4995079163455
15.755208333333332        886.464150615718
15.8203125                886.4287933150907
15.88541666666667         886.3951685467516
15.950520833333336        886.3615437784124
16.015625000000007        886.3279190100732
16.080729166666675        886.29577674578
16.145833333333343        886.2636344814867
16.21093750000001         886.2314922171935
16.27604166666668         886.2009669562
16.34114583333335         886.1704416952064
16.406250000000014        886.1399164342128
16.471354166666682        886.110859791859
16.53645833333334         886.081803149505
16.601562500000004        886.0527465071513
16.666666666666675        886.0251901920706
16.73177083333334         885.9976338769899
16.796875000000007        885.9700775619092
16.86197916666667         885.9439398224395
16.92708333333334         885.9178020829697
16.992187500000007        885.8916643435
17.057291666666675        885.8669673982428
17.12239583333334         885.8422704529854
17.187500000000007        885.8175735077281
17.252604166666675        885.7942573632891
17.317708333333343        885.7709412188501
17.382812500000007        885.7476250744112
17.447916666666675        885.725736078708
17.51302083333334         885.7038470830047
17.578125000000007        885.6819580873014
17.643229166666675        885.6615484212806
17.70833333333334         885.6411387552597
17.773437500000007        885.6207290892389
17.83854166666667         885.5991341466255
17.90364583333334         885.5775392040119
17.968750000000007        885.5559442613985
18.033854166666675        885.5356324061253
18.098958333333343        885.5153205508518
18.164062500000007        885.4950086955785
18.22916666666668         885.4757486090799
18.294270833333343        885.4564885225811
18.359375000000007        885.4372284360825
18.424479166666675        885.4188256129434
18.489583333333336        885.400422789804
18.554687500000004        885.3820199666648
18.61979166666667         885.3643684105366
18.68489583333334         885.3467168544082
18.750000000000007        885.3290652982799
18.815104166666675        885.312056033768
18.880208333333343        885.2950467692559
18.94531250000001         885.2780375047438
19.010416666666675        885.2617205336127
19.07552083333334         885.2454035624814
19.140625000000004        885.2290865913503
19.20572916666667         885.2134650403581
19.270833333333336        885.1978434893657
19.3359375                885.1822219383735
19.40104166666667         885.1673463502863
19.466145833333336        885.152470762199
19.531250000000007        885.1375951741117
19.59635416666667         885.1234579109519
19.661458333333332        885.109320647792
19.7265625                885.095183384632
19.791666666666668        885.0818309705957
19.856770833333336        885.0684785565591
19.921875000000007        885.0551261425226
19.986979166666675        885.0424997448565
20.05208333333334         885.0298733471902
20.117187500000007        885.0172469495241
20.182291666666675        885.005379345816
20.24739583333334         884.9935117421078
20.3125                   884.9816441383997
20.37760416666667         884.9704420488363
20.442708333333336        884.9592399592727
20.507812500000004        884.9480378697092
20.57291666666667         884.9376238408652
20.63802083333334         884.927209812021
20.703125000000007        884.9167957831769
20.768229166666675        884.9068756956087
20.833333333333343        884.8969556080403
20.89843750000001         884.8870355204721
20.963541666666675        884.8777912298939
21.02864583333334         884.8685469393155
21.09375                  884.8593026487371
21.158854166666668        884.8507106803219
21.223958333333336        884.8421187119064
21.2890625                884.8335267434911
21.354166666666668        884.8255085520443
21.419270833333332        884.8174903605973
21.484375                 884.8094721691504
21.549479166666668        884.8020425743858
21.614583333333332        884.7946129796212
21.6796875                884.7871833848566
21.744791666666664        884.7802944970423
21.809895833333332        884.7734056092278
21.875                    884.7665167214134
21.940104166666668        884.7601672319869
22.00520833333334         884.7538177425602
22.07031250000001         884.7474682531335
22.13541666666668         884.7416325759469
22.20052083333334         884.7357968987602
22.265625                 884.7299612215735
22.330729166666675        884.7246237885205
22.39583333333334         884.7192863554674
22.46093750000001         884.7139489224144
22.52604166666668         884.7090992320335
22.59114583333334         884.7042495416524
22.656250000000004        884.6993998512714
22.72135416666667         884.6950156321872
22.786458333333336        884.6906314131027
22.851562500000004        884.6862471940182
22.916666666666668        884.6823153745516
22.981770833333336        884.678383555085
23.046875                 884.6744517356185
23.11197916666667         884.6709465464493
23.177083333333336        884.6674413572799
23.2421875                884.6639361681106
23.307291666666668        884.660856457552
23.372395833333332        884.6577767469932
23.4375                   884.6546970364345
23.502604166666668        884.6520237018573
23.567708333333332        884.6493503672798
23.6328125                884.6466770327023
23.697916666666668        884.6443998924341
23.763020833333336        884.6421227521657
23.828125000000004        884.6398456118975
23.893229166666668        884.6379450297982
23.958333333333332        884.6360444476987
24.0234375                884.6341438655994
24.088541666666668        884.6326062131791
24.153645833333336        884.6310685607586
24.21875                  884.6295309083382
24.283854166666668        884.6283704637431
24.34895833333333         884.6272100191478
24.4140625                884.6260495745526
24.479166666666668        884.6252205823736
24.544270833333332        884.6243915901945
24.609375                 884.6235625980155
24.674479166666664        884.6230698318443
24.739583333333336        884.622577065673
24.804687500000004        884.6220842995017
24.869791666666668        884.6218735009668
24.934895833333336        884.6216627024316
25                        884.6214519038966
0                         944.6373880204724
0.05827505827505824       944.0741960567822
0.11655011655011648       943.511004093092
0.1748251748251747        942.9478121294018
0.23310023310023295       942.5054822526164
0.29137529137529117       942.0631523758309
0.3496503496503493        941.6208224990455
0.40792540792540755       941.269795403918
0.46620046620046574       940.9187683087903
0.5244755244755239        940.5677412136627
0.5827505827505822        940.2740819714048
0.6410256410256405        939.9804227291468
0.6993006993006986        939.6867634868888
0.7575757575757568        939.4329032826546
0.815850815850815         939.1790430784201
0.8741258741258733        938.9251828741857
0.9324009324009315        938.6786283187233
0.9906759906759894        938.4320737632607
1.0489510489510476        938.1855192077983
1.107226107226106         937.8639234146568
1.1655011655011642        937.5423276215153
1.2237762237762224        937.2207318283738
1.2820512820512808        936.8631165200102
1.3403263403263392        936.5055012116464
1.3986013986013974        936.1478859032828
1.4568764568764556        935.7817955722644
1.5151515151515136        935.4157052412457
1.573426573426572         935.0496149102272
1.6317016317016304        934.6853300734754
1.6899766899766884        934.3210452367233
1.7482517482517468        933.9567603999714
1.8065268065268052        933.5677204312809
1.8648018648018632        933.1786804625903
1.9230769230769211        932.7896404938997
1.9813519813519793        932.3683537904136
2.0396270396270375        931.9470670869274
2.0979020979020957        931.5257803834412
2.1561771561771543        931.0800074453471
2.2144522144522125        930.6342345072528
2.2727272727272707        930.1884615691587
2.331002331002329         929.7297491906347
2.3892773892773866        929.2710368121107
2.447552447552445         928.8123244335866
2.505827505827503         928.3677014305136
2.5641025641025617        927.9230784274406
2.62237762237762          927.4784554243677
2.6806526806526785        927.0457940999095
2.738927738927736         926.6131327754512
2.7972027972027944        926.1804714509929
2.855477855477853         925.7661204436362
2.9137529137529103        925.3517694362794
2.972027972027969         924.9374184289226
3.030303030303027         924.5422748924202
3.088578088578086         924.1471313559177
3.146853146853144         923.7519878194153
3.2051282051282026        923.375241691636
3.26340326340326          922.9984955638565
3.321678321678318         922.621749436077
3.3799533799533767        922.2666584901787
3.4382284382284345        921.9115675442802
3.496503496503493         921.5564765983818
3.554778554778551         921.2150890109777
3.6130536130536095        920.8737014235736
3.6713286713286672        920.5323138361696
3.7296037296037263        920.2045327160691
3.787878787878784         919.8767515959686
3.8461538461538423        919.548970475868
3.9044289044289004        919.2164130333813
3.9627039627039577        918.8838555908945
4.0209790209790155        918.5512981484078
4.079254079254075         918.2171976925902
4.137529137529133         917.8830972367724
4.195804195804191         917.5489967809548
4.25407925407925          917.2288770465109
4.312354312354309         916.9087573120668
4.370629370629366         916.5886375776226
4.428904428904425         916.2874835793772
4.487179487179484         915.9863295811316
4.545454545454541         915.685175582886
4.6037296037296           915.3750237458003
4.662004662004657         915.0648719087143
4.7202797202797155        914.7547200716283
4.778554778554773         914.4571287686595
4.836829836829831         914.1595374656904
4.89510489510489          913.8619461627214
4.953379953379947         913.5760386385108
5.011655011655005         913.2901311142999
5.069930069930064         913.0042235900892
5.128205128205123         912.7341702420968
5.186480186480181         912.4641168941042
5.24475524475524          912.1940635461117
5.303030303030298         911.9319970002891
5.361305361305357         911.6699304544663
5.419580419580415         911.4078639086437
5.477855477855472         911.1576944686728
5.536130536130531         910.9075250287018
5.594405594405588         910.6573555887309
5.652680652680647         910.4175336356055
5.710955710955704         910.1777116824801
5.769230769230762         909.9378897293547
5.827505827505821         909.7063226851519
5.885780885780878         909.4747556409491
5.944055944055938         909.2431885967463
6.002331002330996         909.0219672644829
6.060606060606054         908.8007459322192
6.118881118881113         908.5795245999557
6.177156177156172         908.3659043951372
6.235431235431229         908.1522841903187
6.293706293706288         907.9386639855002
6.351981351981347         907.7318157688535
6.410256410256405         907.5249675522068
6.468531468531463         907.3181193355601
6.526806526806522         907.1203431631848
6.58508158508158          906.9225669908094
6.643356643356637         906.724790818434
6.701631701631697         906.5333753259187
6.759906759906755         906.3419598334032
6.818181818181813         906.1505443408878
6.876456876456871         905.9597446797213
6.9347319347319285        905.7689450185547
6.993006993006986         905.5781453573882
7.051282051282045         905.3931724122087
7.109557109557102         905.2081994670292
7.167832167832161         905.0232265218498
7.226107226107219         904.8475251040019
7.284382284382277         904.6718236861539
7.3426573426573345        904.4961222683058
7.400932400932394         904.3306586169458
7.459207459207452         904.1651949655857
7.5174825174825095        903.9997313142256
7.575757575757569         903.8442076270966
7.634032634032628         903.6886839399674
7.692307692307685         903.5331602528382
7.750582750582744         903.3858759875219
7.808857808857801         903.2385917222056
7.8671328671328595        903.0913074568892
7.925407925407917         902.9528084663909
7.983682983682974         902.8143094758925
8.041958041958033         902.6758104853941
8.10023310023309          902.5463114696307
8.15850815850815          902.4168124538672
8.216783216783208         902.2873134381039
8.275058275058266         902.1657464543887
8.333333333333325         902.0441794706734
8.391608391608383         901.9226124869582
8.44988344988344          901.8094802722034
8.5081585081585           901.6963480574483
8.566433566433556         901.5832158426933
8.624708624708617         901.4774984748145
8.682983682983675         901.3717811069355
8.741258741258733         901.2660637390564
8.799533799533792         901.1677819293391
8.85780885780885          901.0695001196216
8.916083916083906         900.9712183099041
8.974358974358967         900.8784052403805
9.032634032634023         900.7855921708567
9.090909090909081         900.692779101333
9.149184149184142         900.5986135382752
9.207459207459198         900.5044479752173
9.265734265734256         900.4102824121594
9.324009324009317         900.3099022090203
9.382284382284373         900.209522005881
9.440559440559433         900.1091418027419
9.49883449883449          900.0067040757377
9.557109557109547         899.9042663487335
9.615384615384606         899.8018286217292
9.673659673659664         899.705664314013
9.731934731934722         899.6095000062967
9.790209790209781         899.5133356985804
9.848484848484839         899.4235078605196
9.906759906759897         899.3336800224588
9.965034965034956         899.2438521843981
10.023310023310014        899.1597980953036
10.081585081585073        899.075744006209
10.13986013986013         898.9916899171145
10.198135198135187        898.9131839286532
10.256410256410247        898.8346779401917
10.314685314685304        898.7561719517302
10.372960372960362        898.6829396881316
10.431235431235422        898.6097074245328
10.48951048951048         898.5364751609341
10.547785547785539        898.4674413779649
10.606060606060598        898.3984075949954
10.664335664335656        898.3293738120261
10.722610722610714        898.2647068828253
10.780885780885773        898.2000399536242
10.83916083916083         898.1353730244233
10.897435897435889        898.0747173658472
10.955710955710945        898.0140617072708
11.013986013986003        897.9534060486945
11.072261072261062        897.8963196939417
11.130536130536118        897.8392333391886
11.188811188811176        897.7821469844356
11.247086247086237        897.7286565064708
11.305361305361293        897.6751660285058
11.363636363636353        897.621675550541
11.421911421911412        897.5710177257355
11.48018648018647         897.52035990093
11.53846153846153         897.4697020761245
11.596736596736587        897.421716241589
11.655011655011643        897.3737304070536
11.713286713286701        897.3257445725181
11.771561771561759        897.2803124921918
11.829836829836816        897.2348804118653
11.888111888111878        897.1894483315389
11.946386946386937        897.1457852320037
12.004662004661995        897.1021221324685
12.062937062937054        897.0584590329333
12.121212121212112        897.0165056159706
12.179487179487168        896.9745521990078
12.237762237762226        896.932598782045
12.296037296037284        896.8920722360529
12.354312354312343        896.8515456900607
12.412587412587403        896.8110191440685
12.47086247086246         896.7713860425209
12.529137529137518        896.7317529409734
12.587412587412576        896.6921198394258
12.645687645687634        896.6543346429829
12.703962703962693        896.6165494465399
12.762237762237753        896.578764250097
12.820512820512812        896.5420770973284
12.87878787878787         896.5053899445595
12.937062937062928        896.4687027917907
12.995337995337987        896.4337130162733
13.053613053613043        896.3987232407557
13.111888111888101        896.363733465238
13.17016317016316         896.3304042798119
13.228438228438218        896.2970750943857
13.286713286713276        896.2637459089595
13.344988344988337        896.2321267009015
13.403263403263397        896.2005074928434
13.461538461538455        896.1688882847853
13.519813519813516        896.1390055383495
13.578088578088572        896.1091227919134
13.636363636363631        896.0792400454774
13.69463869463869         896.0508581828327
13.752913752913747        896.0224763201878
13.811188811188806        895.9940944575429
13.869463869463864        895.9670616432935
13.927738927738918        895.940028829044
13.986013986013978        895.9129960147945
14.044289044289036        895.8868043147014
14.102564102564093        895.8606126146083
14.160839160839153        895.8344209145151
14.21911421911421         895.8089747746124
14.277389277389267        895.7835286347095
14.335664335664324        895.7580824948067
14.393939393939384        895.7336592423213
14.452214452214443        895.7092359898359
14.510489510489503        895.6848127373504
14.56876456876456         895.6615732159848
14.62703962703962         895.6383336946192
14.685314685314676        895.6150941732536
14.743589743589736        895.5930964696789
14.801864801864795        895.571098766104
14.860139860139853        895.5491010625291
14.91841491841491         895.5283834529155
14.97668997668997         895.5076658433018
15.03496503496503         895.4869482336882
15.09324009324009         895.467247263245
15.151515151515145        895.4475462928017
15.209790209790203        895.4278453223585
15.268065268065262        895.409235684125
15.32634032634032         895.3906260458912
15.384615384615376        895.3720164076574
15.442890442890437        895.3543588085774
15.501165501165492        895.3367012094973
15.55944055944055         895.3190436104172
15.61771561771561         895.3024002040547
15.675990675990667        895.2857567976921
15.73426573426573         895.2691133913296
15.792540792540787        895.2534582053445
15.850815850815845        895.2378030193593
15.909090909090905        895.222147833374
15.967365967365962        895.2073479022082
16.025641025641022        895.1925479710422
16.08391608391608         895.1777480398763
16.14219114219114         895.1638650003629
16.2004662004662          895.1499819608493
16.258741258741257        895.1360989213358
16.317016317016318        895.1231504158012
16.375291375291372        895.1102019102666
16.433566433566426        895.097253404732
16.491841491841484        895.0851590607134
16.550116550116545        895.0730647166947
16.608391608391603        895.060970372676
16.666666666666664        895.0497768707041
16.72494172494172         895.0385833687321
16.783216783216776        895.0273898667601
16.841491841491834        895.0170081996332
16.899766899766895        895.0066265325061
16.958041958041957        894.9962448653789
17.016317016317014        894.9868750534584
17.07459207459207         894.9775052415378
17.132867132867126        894.9681354296172
17.191142191142188        894.9597655314732
17.249417249417245        894.9513956333291
17.30769230769231         894.943025735185
17.365967365967364        894.9357847933746
17.42424242424242         894.9285438515641
17.482517482517473        894.9213029097536
17.540792540792534        894.9160782234273
17.59906759906759         894.9108535371009
17.65734265734265         894.9056288507745
17.71561771561771         894.8978134295169
17.77389277389277         894.8899980082592
17.83216783216783         894.8821825870016
17.890442890442884        894.8720005760791
17.948717948717945        894.8618185651566
18.006993006993           894.851636554234
18.06526806526806         894.8430887474359
18.12354312354312         894.8345409406376
18.18181818181818         894.8259931338393
18.240093240093238        894.8180129725623
18.298368298368295        894.8100328112852
18.356643356643353        894.802052650008
18.414918414918414        894.794518338023
18.47319347319347         894.7869840260377
18.53146853146853         894.7794497140524
18.589743589743588        894.7719636874558
18.648018648018645        894.7644776608591
18.7062937062937          894.7569916342625
18.76456876456876         894.7493558334534
18.82284382284382         894.741720032644
18.88111888111888         894.7340842318348
18.93939393939394         894.7264186822122
18.997668997668995        894.7187531325893
19.055944055944053        894.7110875829665
19.114219114219114        894.7033642657022
19.172494172494176        894.6956409484379
19.230769230769237        894.6879176311736
19.289044289044295        894.680348845866
19.34731934731935         894.6727800605581
19.405594405594407        894.6652112752504
19.463869463869464        894.6578998564066
19.52214452214452         894.6505884375628
19.58041958041958         894.6432770187189
19.638694638694638        894.6361885361335
19.696969696969695        894.6291000535481
19.755244755244753        894.6220115709626
19.813519813519807        894.615333948021
19.871794871794865        894.6086563250792
19.930069930069923        894.6019787021374
19.988344988344988        894.5955901280284
20.04662004662005         894.5892015539193
20.10489510489511         894.5828129798102
20.163170163170168        894.5768049843044
20.221445221445226        894.5707969887985
20.27972027972028         894.5647889932927
20.337995337995338        894.5591370516519
20.3962703962704          894.5534851100108
20.454545454545457        894.5478331683698
20.512820512820515        894.5425142480635
20.571095571095572        894.5371953277571
20.62937062937063         894.5318764074507
20.687645687645688        894.5268824534459
20.745920745920746        894.5218884994409
20.804195804195803        894.5168945454361
20.862470862470865        894.5122323019888
20.920745920745922        894.5075700585412
20.97902097902098         894.5029078150936
21.037296037296038        894.4985269720269
21.095571095571092        894.49414612896
21.153846153846153        894.4897652858932
21.21212121212121         894.4856830464744
21.270396270396265        894.4816008070554
21.328671328671323        894.4775185676365
21.386946386946384        894.4737364761455
21.445221445221442        894.4699543846543
21.503496503496507        894.4661722931633
21.56177156177156         894.4626423589389
21.620046620046615        894.4591124247142
21.678321678321673        894.4555824904897
21.736596736596734        894.4523269665204
21.794871794871792        894.449071442551
21.853146853146857        894.4458159185817
21.91142191142191         894.4427841127226
21.969696969696965        894.4397523068634
22.02797202797202         894.4367205010043
22.08624708624708         894.4339417301933
22.14452214452214         894.4311629593822
22.2027972027972          894.428384188571
22.26107226107226         894.4258319206804
22.319347319347315        894.4232796527896
22.377622377622373        894.4207273848989
22.435897435897434        894.4183803508545
22.494172494172496        894.41603331681
22.552447552447553        894.4136862827654
22.61072261072261         894.4115562244078
22.66899766899767         894.4094261660501
22.727272727272727        894.4072961076924
22.78554778554779         894.4053581786336
22.843822843822846        894.4034202495747
22.902097902097903        894.4014823205158
22.96037296037296         894.3997340059067
23.01864801864802         894.3979856912974
23.076923076923077        894.3962373766883
23.135198135198138        894.3946819686653
23.193473193473192        894.3931265606421
23.25174825174825         894.391571152619
23.31002331002331         894.3901800717088
23.36829836829837         894.3887889907985
23.42657342657343         894.3873979098883
23.484848484848488        894.3861788990324
23.543123543123542        894.3849598881765
23.6013986013986          894.3837408773205
23.65967365967366         894.3826935433715
23.717948717948715        894.3816462094223
23.776223776223777        894.3805988754732
23.834498834498834        894.379697997496
23.892773892773892        894.3787971195186
23.95104895104895         894.3778962415413
24.00932400932401         894.3771532668047
24.06759906759907         894.3764102920679
24.125874125874127        894.3756673173312
24.184149184149184        894.375064448061
24.242424242424242        894.3744615787906
24.3006993006993          894.3738587095202
24.35897435897436         894.3733997040708
24.417249417249423        894.3729406986214
24.47552447552448         894.372481693172
24.53379953379954         894.3721602427051
24.592074592074596        894.3718387922381
24.65034965034965         894.3715173417712
24.70862470862471         894.3713209031813
24.76689976689977         894.3711244645913
24.825174825174827        894.3709280260013
24.883449883449885        894.37086402969
24.941724941724942        894.3708000333787
25                        894.3707360370674
0                         906.4636834412254
0.05341880341880345       905.6816020245496
0.1068376068376069        904.8995206078737
0.16025641025641035       904.1174391911977
0.2136752136752138        904.0594081147811
0.26709401709401726       904.0013770383645
0.32051282051282065       903.9433459619479
0.3739316239316241        904.1152330013703
0.42735042735042755       904.2871200407925
0.480769230769231         904.4590070802149
0.5341880341880345        904.7798260529903
0.5876068376068379        905.1006450257656
0.6410256410256413        905.421463998541
0.6944444444444448        905.9020805155875
0.7478632478632481        906.3826970326339
0.8012820512820515        906.8633135496804
0.8547008547008551        907.3020283284602
0.9081196581196586        907.74074310724
0.961538461538462         908.1794578860197
1.0149572649572658        908.5376744311569
1.0683760683760692        908.8958909762939
1.1217948717948725        909.254107521431
1.1752136752136757        909.4560391281718
1.228632478632479         909.6579707349125
1.2820512820512824        909.8599023416532
1.3354700854700858        909.8106633490272
1.3888888888888888        909.7614243564011
1.442307692307692         909.712185363775
1.495726495726496         909.6628330664399
1.5491452991452996        909.6134807691047
1.6025641025641035        909.5641284717697
1.655982905982907         909.5016705752372
1.7094017094017102        909.4392126787046
1.7628205128205137        909.3767547821722
1.8162393162393173        909.215865572918
1.8696581196581208        909.0549763636637
1.923076923076924         908.8940871544095
1.9764957264957277        908.5687078870848
2.029914529914531         908.2433286197601
2.083333333333335         907.9179493524354
2.136752136752138         907.5541092884107
2.1901709401709417        907.1902692243859
2.243589743589745         906.8264291603612
2.297008547008548         906.4029568860088
2.3504273504273514        905.9794846116564
2.4038461538461546        905.556012337304
2.457264957264958         905.1024660373423
2.510683760683761         904.6489197373804
2.5641025641025648        904.1953734374187
2.6175213675213684        903.7566798966761
2.6709401709401717        903.3179863559335
2.7243589743589753        902.8792928151909
2.777777777777779         902.4560574631037
2.8311965811965822        902.0328221110165
2.8846153846153855        901.6095867589293
2.938034188034189         901.2117641988017
2.9914529914529924        900.813941638674
3.044871794871796         900.4161190785463
3.0982905982905997        900.0461080956625
3.1517094017094034        899.6760971127784
3.2051282051282066        899.3060861298944
3.2585470085470103        898.989763154177
3.311965811965813         898.6734401784595
3.3653846153846168        898.3571172027421
3.4188034188034204        898.0763059027507
3.4722222222222237        897.7954946027594
3.5256410256410273        897.514683302768
3.5790598290598314        897.2527518379966
3.632478632478635         896.990820373225
3.6858974358974383        896.7288889084534
3.7393162393162416        896.4667813376356
3.792735042735045         896.2046737668175
3.8461538461538476        895.9425661959995
3.8995726495726513        895.6591764115834
3.9529914529914545        895.3757866271673
4.006410256410259         895.0923968427511
4.059829059829063         894.781159981977
4.113247863247866         894.4699231212028
4.16666666666667          894.1586862604286
4.220085470085473         893.8578518501723
4.273504273504277         893.557017439916
4.32692307692308          893.2561830296597
4.380341880341883         892.9826195229116
4.433760683760687         892.7090560161632
4.48717948717949          892.435492509415
4.540598290598293         892.1682038691501
4.594017094017096         891.9009152288852
4.6474358974359           891.6336265886202
4.700854700854703         891.3193054959962
4.754273504273506         891.0049844033721
4.80769230769231          890.6906633107479
4.861111111111114         890.4087114321597
4.9145299145299175        890.1267595535714
4.967948717948721         889.8448076749831
5.021367521367524         889.579537542084
5.074786324786327         889.3142674091848
5.12820512820513          889.0489972762856
5.1816239316239345        888.8034780587966
5.235042735042738         888.5579588413075
5.288461538461542         888.3124396238184
5.341880341880345         888.0886283504844
5.3952991452991474        887.8648170771504
5.44871794871795          887.6410058038164
5.502136752136754         887.4374817853263
5.555555555555557         887.2339577668362
5.60897435897436          887.030433748346
5.6623931623931645        886.8341906057441
5.715811965811968         886.6379474631422
5.769230769230772         886.4417043205402
5.822649572649576         886.2528569495654
5.876068376068379         886.0640095785906
5.929487179487183         885.8751622076157
5.982905982905987         885.6936682628059
6.036324786324791         885.5121743179959
6.089743589743594         885.3306803731859
6.143162393162398         885.1528342716721
6.1965811965812           884.974988170158
6.2500000000000036        884.797142068644
6.303418803418809         884.621060542627
6.356837606837612         884.4449790166099
6.410256410256415         884.2688974905927
6.463675213675218         884.0992470656622
6.517094017094021         883.9295966407316
6.570512820512824         883.7599462158009
6.623931623931628         883.6001118308368
6.677350427350431         883.4402774458725
6.730769230769234         883.2804430609084
6.784188034188038         883.111061009624
6.837606837606841         882.9416789583394
6.891025641025644         882.7722969070547
6.944444444444448         882.5951500694114
6.997863247863251         882.4180032317679
7.051282051282055         882.2408563941244
7.104700854700859         882.070887870791
7.15811965811966          881.9009193474574
7.2115384615384635        881.7309508241237
7.264957264957268         881.5765759209505
7.318376068376071         881.4222010177772
7.371794871794874         881.2678261146038
7.425213675213679         881.1356624925795
7.478632478632483         881.003498870555
7.532051282051286         880.8713352485305
7.58547008547009          880.7499221988649
7.638888888888891         880.628509149199
7.692307692307693         880.5070960995331
7.745726495726499         880.3956930390492
7.7991452991453025        880.2842899785652
7.8525641025641075        880.1728869180812
7.905982905982911         880.0745683428609
7.959401709401714         879.9762497676403
8.012820512820518         879.8779311924197
8.06623931623932          879.7994980391817
8.119658119658125         879.7210648859434
8.173076923076927         879.6426317327052
8.226495726495733         879.5751973245293
8.279914529914535         879.5077629163533
8.333333333333341         879.4403285081773
8.386752136752143         879.3827291556247
8.440170940170946         879.3251298030721
8.493589743589748         879.2675304505194
8.547008547008554         879.221518798885
8.600427350427356         879.1755071472504
8.65384615384616          879.129495495616
8.707264957264965         879.1008461308276
8.760683760683767         879.0721967660389
8.81410256410257          879.0435474012504
8.867521367521373         879.0240307402954
8.920940170940176         879.0045140793402
8.97435897435898          878.9849974183851
9.027777777777784         878.9641012478304
9.081196581196586         878.9432050772755
9.13461538461539          878.9223089067206
9.188034188034193         878.8797911582642
9.241452991452997         878.8372734098077
9.2948717948718           878.7947556613512
9.348290598290603         878.720108614445
9.401709401709406         878.6454615675387
9.455128205128212         878.5708145206324
9.508547008547016         878.486868839496
9.56196581196582          878.4029231583594
9.615384615384622         878.3189774772228
9.668803418803426         878.2434080396513
9.722222222222229         878.1678386020797
9.775641025641033         878.092269164508
9.829059829059837         878.0246450255222
9.882478632478641         877.9570208865362
9.935897435897443         877.8893967475502
9.989316239316247         877.8301860528076
10.042735042735048        877.7709753580647
10.096153846153852        877.7117646633219
10.149572649572656        877.662866174636
10.20299145299146         877.6139676859498
10.256410256410263        877.5650691972637
10.309829059829067        877.5231995769545
10.363247863247869        877.4813299566451
10.416666666666673        877.4394603363359
10.470085470085477        877.4018183444795
10.523504273504281        877.3641763526228
10.576923076923084        877.3265343607663
10.630341880341888        877.2926910999748
10.68376068376069         877.2588478391831
10.737179487179493        877.2250045783915
10.790598290598295        877.1954695080401
10.844017094017099        877.1659344376885
10.897435897435901        877.136399367337
10.950854700854707        877.1126415344125
11.00427350427351         877.0888837014879
11.057692307692314        877.0651258685633
11.111111111111118        877.0453996581173
11.164529914529922        877.0256734476712
11.217948717948724        877.0059472372252
11.27136752136753         876.9890130727053
11.32478632478633         876.9720789081854
11.378205128205135        876.9551447436654
11.431623931623937        876.9409147253491
11.48504273504274         876.9266847070327
11.538461538461542        876.9124546887163
11.591880341880346        876.9012715049523
11.645299145299148        876.8900883211883
11.698717948717952        876.8789051374242
11.752136752136757        876.8709179734035
11.80555555555556         876.8629308093826
11.858974358974365        876.8549436453619
11.912393162393169        876.8486230688663
11.965811965811971        876.8423024923705
12.019230769230775        876.8359819158748
12.072649572649578        876.8300177750599
12.126068376068382        876.8240536342448
12.179487179487184        876.8180894934299
12.232905982905988        876.8115535344128
12.286324786324787        876.8050175753957
12.339743589743591        876.7984816163786
12.393162393162395        876.7901012397637
12.4465811965812          876.7817208631486
12.500000000000004        876.7733404865336
12.553418803418808        876.7630554402326
12.60683760683761         876.7527703939315
12.660256410256414        876.7424853476306
12.713675213675216        876.7312564798792
12.76709401709402         876.7200276121276
12.820512820512823        876.7087987443762
12.873931623931627        876.6972812437327
12.92735042735043         876.6857637430891
12.980769230769234        876.6742462424454
13.034188034188036        876.662820655742
13.08760683760684         876.6513950690386
13.141025641025642        876.6399694823352
13.194444444444446        876.6292672039076
13.247863247863249        876.61856492548
13.301282051282051        876.6078626470523
13.354700854700855        876.5986978277126
13.40811965811966         876.5895330083728
13.461538461538463        876.580368189033
13.514957264957268        876.5724896216005
13.568376068376068        876.5646110541678
13.621794871794872        876.5567324867351
13.675213675213676        876.5498741643463
13.728632478632482        876.5430158419574
13.782051282051285        876.5361575195686
13.83547008547009         876.5300677617313
13.888888888888891        876.5239780038938
13.942307692307697        876.5178882460564
13.9957264957265          876.5110081130833
14.049145299145302        876.5041279801102
14.102564102564106        876.4972478471371
14.15598290598291         876.4889856224945
14.20940170940171         876.4807233978518
14.262820512820515        876.472461173209
14.31623931623932         876.4638585269689
14.369658119658125        876.4552558807287
14.423076923076927        876.4466532344886
14.476495726495731        876.4384703381681
14.529914529914532        876.4302874418476
14.583333333333336        876.4221045455271
14.63675213675214         876.4145777053376
14.690170940170944        876.4070508651479
14.743589743589746        876.3995240249583
14.797008547008552        876.3928732922495
14.850427350427355        876.3862225595407
14.90384615384616         876.3795718268318
14.957264957264963        876.373881175419
15.010683760683767        876.3681905240061
15.06410256410257         876.3624998725932
15.117521367521372        876.3573281444246
15.170940170940172        876.352156416256
15.224358974358973        876.3469846880874
15.277777777777779        876.3422457763401
15.331196581196583        876.3375068645926
15.384615384615385        876.3327679528451
15.438034188034191        876.3285002075385
15.491452991452993        876.3242324622317
15.5448717948718          876.3199647169251
15.598290598290601        876.3165295641072
15.651709401709402        876.3130944112893
15.705128205128204        876.3096592584714
15.758547008547012        876.3070012659064
15.811965811965818        876.3043432733413
15.865384615384622        876.3016852807762
15.918803418803424        876.2995677344085
15.972222222222225        876.2974501880406
16.025641025641026        876.2953326416728
16.079059829059826        876.2937723177827
16.13247863247863         876.2922119938925
16.185897435897438        876.2906516700023
16.239316239316242        876.2898963238059
16.292735042735043        876.2891409776095
16.346153846153847        876.288385631413
16.399572649572654        876.2889193350743
16.45299145299146         876.2894530387356
16.50641025641026         876.2899867423969
16.559829059829067        876.2913210471739
16.61324786324787         876.2926553519509
16.666666666666675        876.2939896567278
16.720085470085476        876.2960671445338
16.773504273504276        876.2981446323396
16.82692307692308         876.3002221201455
16.880341880341888        876.3032271547231
16.93376068376069         876.3062321893005
16.987179487179496        876.3092372238781
17.0405982905983          876.3141577033655
17.0940170940171          876.3190781828526
17.1474358974359          876.3239986623399
17.20085470085471         876.330369492462
17.254273504273513        876.3367403225838
17.307692307692317        876.3431111527057
17.361111111111118        876.3509178862215
17.414529914529925        876.3587246197372
17.46794871794873         876.3665313532531
17.521367521367534        876.3762576519704
17.57478632478633         876.3859839506877
17.628205128205135        876.3957102494049
17.68162393162394         876.405367629612
17.735042735042747        876.4150250098189
17.788461538461547        876.4246823900259
17.84188034188035         876.4231171561128
17.895299145299152        876.4215519221996
17.948717948717956        876.4199866882864
18.002136752136757        876.4176384228657
18.05555555555556         876.4152901574448
18.108974358974365        876.4129418920239
18.16239316239317         876.4112358506644
18.215811965811973        876.4095298093048
18.269230769230777        876.4078237679453
18.32264957264958         876.4066293676109
18.376068376068382        876.4054349672764
18.429487179487182        876.4042405669419
18.482905982905987        876.4026656534332
18.536324786324794        876.4010907399244
18.5897435897436          876.3995158264156
18.643162393162402        876.3971266992384
18.696581196581203        876.3947375720609
18.750000000000007        876.3923484448835
18.80341880341881         876.3888432076176
18.856837606837612        876.3853379703514
18.910256410256416        876.3818327330854
18.963675213675224        876.3768948446811
19.017094017094024        876.3719569562767
19.070512820512825        876.3670190678723
19.123931623931632        876.3612952938697
19.177350427350436        876.355571519867
19.230769230769237        876.3498477458644
19.28418803418804         876.3437593856022
19.337606837606845        876.33767102534
19.391025641025646        876.3315826650778
19.44444444444445         876.3253201518788
19.497863247863254        876.3190576386797
19.551282051282058        876.3127951254806
19.604700854700862        876.306610454806
19.658119658119663        876.3004257841312
19.711538461538467        876.2942411134566
19.764957264957275        876.2882278309503
19.818376068376082        876.2822145484439
19.871794871794886        876.2762012659375
19.925213675213687        876.2703760315358
19.978632478632484        876.2645507971339
20.032051282051285        876.258725562732
20.08547008547009         876.2531360071608
20.13888888888889         876.2475464515895
20.192307692307693        876.2419568960182
20.2457264957265          876.236737522248
20.299145299145305        876.2315181484776
20.352564102564113        876.2262987747073
20.405982905982917        876.2214694709905
20.45940170940172         876.2166401672737
20.51282051282052         876.2118108635568
20.566239316239326        876.2072213006802
20.619658119658126        876.2026317378035
20.67307692307693         876.1980421749267
20.726495726495735        876.1936764197766
20.779914529914535        876.1893106646263
20.83333333333334         876.1849449094761
20.886752136752147        876.1808388784843
20.940170940170947        876.1767328474924
20.993589743589755        876.1726268165005
21.04700854700856         876.1688889589044
21.10042735042736         876.1651511013082
21.15384615384616         876.161413243712
21.207264957264968        876.1579219162445
21.260683760683772        876.1544305887768
21.314102564102576        876.1509392613091
21.36752136752138         876.1476346745083
21.420940170940185        876.1443300877072
21.47435897435899         876.1410255009063
21.527777777777793        876.1378990430215
21.58119658119659         876.1347725851367
21.63461538461539         876.1316461272519
21.688034188034194        876.1287378097317
21.741452991452995        876.1258294922112
21.794871794871796        876.1229211746909
21.848290598290603        876.1202984066068
21.901709401709407        876.1176756385225
21.955128205128215        876.1150528704384
22.008547008547016        876.1125983005236
22.06196581196582         876.1101437306086
22.115384615384624        876.1076891606937
22.168803418803428        876.1053706696254
22.222222222222225        876.1030521785568
22.27564102564103         876.1007336874884
22.329059829059833        876.098560258765
22.382478632478637        876.0963868300415
22.435897435897438        876.094213401318
22.489316239316242        876.0922856626943
22.542735042735046        876.0903579240705
22.59615384615385         876.0884301854468
22.649572649572654        876.0866664686984
22.70299145299146         876.0849027519498
22.756410256410263        876.0831390352013
22.809829059829063        876.0814861828151
22.863247863247864        876.0798333304286
22.916666666666664        876.0781804780423
22.970085470085472        876.0766399791717
23.023504273504276        876.0750994803008
23.076923076923077        876.07355898143
23.130341880341888        876.0722285829128
23.183760683760692        876.0708981843953
23.2371794871795          876.069567785878
23.2905982905983          876.0683787017891
23.3440170940171          876.0671896177
23.3974358974359          876.066000533611
23.450854700854705        876.0649026034017
23.504273504273502        876.0638046731923
23.557692307692307        876.0627067429829
23.611111111111114        876.0617038909738
23.664529914529915        876.0607010389646
23.71794871794872         876.0596981869553
23.771367521367523        876.0589009621302
23.824786324786324        876.058103737305
23.87820512820513         876.05730651248
23.931623931623932        876.0566082285213
23.985042735042732        876.0559099445627
24.03846153846154         876.0552116606041
24.091880341880344        876.0545936906009
24.14529914529914         876.0539757205976
24.19871794871795         876.0533577505944
24.252136752136757        876.052848775176
24.30555555555556         876.0523397997575
24.358974358974365        876.051830824339
24.412393162393172        876.0514927153749
24.465811965811977        876.0511546064107
24.519230769230777        876.0508164974466
24.572649572649578        876.0505532124922
24.62606837606838         876.0502899275376
24.679487179487175        876.050026642583
24.732905982905987        876.0498439694486
24.786324786324787        876.0496612963141
24.83974358974359         876.0494786231797
24.893162393162395        876.0494096533785
24.9465811965812          876.0493406835772
25                        876.0492717137759
