% Model:              Cav_Hex_Unif_flux_v5.1 - Base Case (v01).mph
% Version:            COMSOL 5.5.0.359
% Date:               Mar 19 2022, 13:50
% Dimension:          1
% Nodes:              1910
% Expressions:        1
% Description:        Line graph
% x                       Height
0                         745.4217483889955
1.3333333333333346        746.9370646621801
2.666666666666669         748.4523809353648
4.0000000000000036        749.9676972085493
5.333333333333338         751.4830134817339
6.666666666666672         751.1815023509839
8.000000000000007         750.8799912202338
9.333333333333341         750.5784800894837
10.666666666666675        750.2769689587337
12.00000000000001         750.1065619027148
13.333333333333345        749.9361548466959
14.666666666666679        749.7657477906771
16.000000000000014        749.5953407346582
17.33333333333335         749.1096099535223
18.666666666666686        748.6238791723865
20.000000000000018        748.1381483912508
21.333333333333353        747.652417610115
22.666666666666686        747.0905482304802
24.00000000000002         746.5286788508452
25.333333333333357        745.9668094712104
26.66666666666669         745.4049400915754
28.000000000000025        744.7916051058334
29.333333333333357        744.1782701200914
30.666666666666693        743.5649351343493
32.00000000000003         742.9516001486073
33.333333333333364        742.2787923680917
34.6666666666667          741.6059845875759
36.00000000000003         740.9331768070601
37.33333333333337         740.2603690265445
38.6666666666667          739.5887690014644
40.000000000000036        738.9171689763843
41.33333333333337         738.2455689513042
42.6666666666667          737.5739689262242
44.00000000000004         736.8811104862311
45.33333333333337         736.1882520462382
46.66666666666671         735.4953936062451
48.00000000000004         734.802535166252
49.33333333333338         734.1115628998277
50.666666666666714        733.4205906334032
52.00000000000004         732.7296183669789
53.333333333333385        732.0386461005545
54.666666666666714        731.348584071739
56.000000000000064        730.6585220429236
57.3333333333334          729.9684600141081
58.666666666666735        729.2783979852926
60.000000000000064        728.5987983848846
61.33333333333339         727.9191987844765
62.66666666666673         727.2395991840685
64.00000000000006         726.5599995836606
65.3333333333334          725.8864713883086
66.66666666666673         725.2129431929566
68.00000000000007         724.5394149976046
69.33333333333341         723.8658868022526
70.66666666666674         723.2050871577826
72.00000000000006         722.5442875133126
73.3333333333334          721.8834878688427
74.66666666666673         721.2226882243727
76.00000000000007         720.5762485894372
77.3333333333334          719.9298089545016
78.66666666666673         719.283369319566
80.00000000000007         718.6369296846303
81.3333333333334          717.993283345903
82.66666666666673         717.3496370071758
84.00000000000006         716.7059906684485
85.33333333333339         716.0623443297213
86.66666666666673         715.4405679536849
88.00000000000007         714.8187915776485
89.3333333333334          714.1970152016122
90.66666666666674         713.5752388255758
92.00000000000009         712.9668914777362
93.33333333333343         712.3585441298969
94.66666666666677         711.7501967820574
96.00000000000011         711.141849434218
97.33333333333344         710.5435470648321
98.66666666666676         709.945244695446
100.00000000000009        709.3469423260601
101.33333333333341        708.7486399566742
102.66666666666676        708.1662267601314
104.00000000000009        707.5838135635886
105.33333333333341        707.0014003670458
106.66666666666674        706.418987170503
108.00000000000007        705.8506402714254
109.33333333333341        705.2822933723477
110.66666666666673        704.71394647327
112.00000000000007        704.1455995741924
113.3333333333334         703.5996150530119
114.66666666666676        703.0536305318315
116.0000000000001         702.5076460106511
117.33333333333343        701.9616614894707
118.66666666666677        701.4187797417438
120.0000000000001         700.8758979940171
121.33333333333343        700.3330162462903
122.66666666666676        699.7901344985635
124.0000000000001         699.2598701778279
125.33333333333344        698.7296058570922
126.66666666666676        698.1993415363565
128.0000000000001         697.669077215621
129.33333333333343        697.1579763002584
130.66666666666677        696.6468753848957
132.0000000000001         696.1357744695331
133.33333333333346        695.6246735541704
134.66666666666677        695.1302837936162
136.00000000000009        694.6358940330618
137.33333333333343        694.1415042725075
138.66666666666674        693.6471145119533
140.00000000000009        693.1617402540478
141.33333333333343        692.6763659961421
142.66666666666677        692.1909917382366
144.0000000000001         691.705617480331
145.33333333333346        691.2364053527434
146.66666666666677        690.767193225156
148.00000000000014        690.2979810975685
149.33333333333346        689.8287689699811
150.66666666666677        689.3664060543701
152.00000000000014        688.9040431387591
153.33333333333346        688.4416802231481
154.6666666666668         687.9793173075371
156.0000000000001         687.5287612119226
157.33333333333343        687.0782051163083
158.6666666666668         686.6276490206938
160.0000000000001         686.1770929250794
161.33333333333343        685.7467837917736
162.6666666666668         685.3164746584678
164.0000000000001         684.8861655251619
165.33333333333346        684.4558563918561
166.66666666666677        684.0385239060961
168.00000000000009        683.6211914203363
169.33333333333343        683.2038589345765
170.66666666666674        682.7865264488166
172.00000000000009        682.3838786871202
173.33333333333346        681.9812309254236
174.6666666666668         681.578583163727
176.00000000000017        681.1759354020305
177.33333333333348        680.7795404835717
178.6666666666668         680.3831455651131
180.00000000000014        679.9867506466544
181.33333333333346        679.5903557281956
182.66666666666677        679.2127562059578
184.0000000000001         678.83515668372
185.33333333333343        678.4575571614823
186.66666666666677        678.0799576392445
188.00000000000009        677.7109179808333
189.3333333333334         677.3418783224221
190.66666666666677        676.9728386640109
192.00000000000009        676.6037990055996
193.3333333333334         676.2415182042223
194.66666666666677        675.8792374028451
196.00000000000009        675.5169566014679
197.33333333333343        675.1546758000907
198.66666666666677        674.8094634576912
200.00000000000006        674.4642511152917
201.33333333333343        674.1190387728924
202.66666666666674        673.7738264304929
204.00000000000006        673.4336524531092
205.33333333333343        673.0934784757255
206.66666666666677        672.7533044983418
208.0000000000001         672.4131305209581
209.33333333333343        672.0885768220942
210.66666666666677        671.7640231232303
212.0000000000001         671.4394694243664
213.33333333333343        671.1149157255024
214.66666666666677        670.7970398073567
216.00000000000014        670.4791638892108
217.33333333333348        670.1612879710649
218.66666666666683        669.8434120529191
220.00000000000014        669.5339836703662
221.33333333333346        669.2245552878132
222.6666666666668         668.9151269052602
224.0000000000001         668.6056985227073
225.33333333333343        668.3071847709633
226.6666666666668         668.0086710192194
228.0000000000001         667.7101572674754
229.33333333333346        667.4116435157315
230.6666666666668         667.1288881269797
232.0000000000001         666.8461327382281
233.33333333333346        666.5633773494765
234.6666666666668         666.2806219607247
236.0000000000001         666.007198545118
237.33333333333346        665.7337751295113
238.6666666666668         665.4603517139045
240.00000000000014        665.1869282982977
241.33333333333346        664.9219654087137
242.66666666666677        664.6570025191297
244.0000000000001         664.3920396295457
245.33333333333343        664.1270767399617
246.66666666666674        663.8710858956038
248.0000000000001         663.6150950512458
249.3333333333334         663.3591042068879
250.66666666666677        663.1031133625299
252.0000000000001         662.8600340119717
253.33333333333346        662.6169546614135
254.66666666666683        662.3738753108552
256.00000000000017        662.130795960297
257.33333333333354        661.8887166956008
258.6666666666668         661.6466374309045
260.00000000000017        661.4045581662083
261.33333333333354        661.162478901512
262.6666666666668         660.9354704618747
264.0000000000001         660.7084620222374
265.3333333333334         660.4814535826
266.6666666666668         660.2544451429627
268.00000000000006        660.0351521635994
269.3333333333334         659.8158591842359
270.6666666666668         659.5965662048725
272.00000000000006        659.3772732255092
273.3333333333334         659.1684370972066
274.6666666666668         658.9596009689042
276.0000000000001         658.7507648406016
277.3333333333335         658.5419287122991
278.66666666666686        658.3446365058844
280.0000000000001         658.1473442994696
281.3333333333334         657.9500520930549
282.6666666666668         657.7527598866402
284.0000000000001         657.561369025198
285.3333333333334         657.3699781637558
286.6666666666668         657.1785873023138
288.00000000000017        656.9871964408716
289.3333333333334         656.801931746028
290.6666666666668         656.6166670511845
292.00000000000017        656.431402356341
293.3333333333334         656.2461376614974
294.66666666666674        656.0691080979063
296.0000000000001         655.8920785343153
297.3333333333334         655.7150489707242
298.66666666666674        655.5380194071331
300.0000000000001         655.3751961462439
301.3333333333334         655.2123728853546
302.66666666666674        655.0495496244655
304.0000000000001         654.8867263635763
305.3333333333335         654.7352336450265
306.66666666666674        654.5837409264767
308.0000000000001         654.4322482079269
309.3333333333335         654.2807554893772
310.66666666666674        654.1303415201236
312.0000000000001         653.9799275508699
313.3333333333335         653.8295135816163
314.66666666666674        653.6790996123627
316.0000000000001         653.5407041413713
317.3333333333335         653.4023086703799
318.66666666666674        653.2639131993884
320.0000000000001         653.125517728397
321.3333333333335         652.9954380482078
322.66666666666674        652.8653583680186
324.00000000000006        652.7352786878294
325.3333333333334         652.6051990076402
326.66666666666674        652.4865531854194
328.00000000000006        652.3679073631988
329.3333333333334         652.2492615409781
330.66666666666674        652.1306157187573
332.00000000000006        652.0173589868059
333.33333333333337        651.9041022548545
334.66666666666674        651.790845522903
336.00000000000006        651.6775887909516
337.3333333333334         651.5769633931982
338.6666666666668         651.4763379954447
340.00000000000006        651.3757125976913
341.3333333333334         651.2750871999378
342.66666666666674        651.1801185795915
344.00000000000006        651.0851499592452
345.3333333333334         650.990181338899
346.66666666666674        650.8952127185527
348.0000000000001         650.812326449113
349.3333333333335         650.7294401796732
350.6666666666668         650.6465539102336
352.0000000000002         650.5636676407939
353.3333333333335         650.4859277302531
354.66666666666686        650.4081878197123
356.0000000000002         650.3304479091715
357.3333333333335         650.2527079986307
358.6666666666668         650.1890540876666
360.00000000000017        650.1254001767023
361.3333333333335         650.0617462657381
362.6666666666668         649.9980923547739
364.00000000000017        649.9381405646875
365.33333333333337        649.8781887746012
366.6666666666667         649.8182369845149
368.00000000000006        649.7582851944285
369.3333333333334         649.7051372054968
370.66666666666674        649.6519892165652
372.0000000000001         649.5988412276337
373.3333333333335         649.545693238702
374.6666666666668         649.5048340473664
376.00000000000017        649.4639748560307
377.33333333333354        649.4231156646952
378.66666666666686        649.3822564733595
380.0000000000001         649.3502838750433
381.3333333333334         649.3183112767271
382.66666666666674        649.2863386784109
384                       649.2543660800947
385.33333333333337        649.22828157049
386.66666666666674        649.2021970608854
388                       649.1761125512808
389.33333333333337        649.1500280416761
390.66666666666674        649.1301853509419
392                       649.1103426602078
393.33333333333326        649.0904999694736
394.66666666666663        649.0706572787394
395.9999999999999         649.0606158498696
397.3333333333333         649.0505744209997
398.66666666666674        649.04053299213
400                       649.0304915632602
0                         1090.465049716921
1.2345679012345696        1090.285650607214
2.469135802469139         1090.1062514975067
3.703703703703709         1089.9268523877995
4.938271604938279         1088.6227932390884
6.172839506172849         1087.3187340903771
7.407407407407419         1086.014674941666
8.641975308641989         1084.6019940665094
9.876543209876557         1083.1893131913528
11.111111111111125        1081.7766323161961
12.345679012345697        1080.054471181623
13.580246913580265        1078.3323100470498
14.814814814814833        1076.6101489124767
16.049382716049404        1074.7448120822294
17.283950617283974        1072.8794752519818
18.51851851851854         1071.0141384217345
19.75308641975311         1068.9413245556887
20.98765432098768         1066.8685106896426
22.222222222222246        1064.7956968235967
23.45679012345682         1062.510150736504
24.691358024691393        1060.2246046494113
25.92592592592596         1057.9390585623185
27.16049382716053         1055.50140069336
28.395061728395092        1053.0637428244013
29.62962962962966         1050.6260849554428
30.86419753086423         1048.0580659816521
32.0987654320988          1045.4900470078612
33.333333333333364        1042.9220280340703
34.56790123456795         1040.2559610068693
35.80246913580251         1037.5898939796684
37.03703703703709         1034.9238269524674
38.27160493827166         1032.1768196826079
39.50617283950623         1029.429812412748
40.74074074074079         1026.6828051428886
41.97530864197537         1023.8980688498398
43.20987654320992         1021.113332556791
44.444444444444485        1018.3285962637422
45.67901234567906         1015.4831512440147
46.91358024691362         1012.6377062242872
48.14814814814818         1009.7922612045597
49.382716049382765        1006.9510934247097
50.617283950617335        1004.1099256448596
51.851851851851904        1001.2687578650094
53.086419753086474        998.4371748094504
54.320987654321044        995.6055917538913
55.555555555555614        992.7740086983323
56.790123456790184        989.9276498086591
58.024691358024754        987.0812909189858
59.25925925925932         984.2349320293125
60.49382716049389         981.4386973722627
61.72839506172846         978.6424627152128
62.962962962963026        975.8462280581629
64.1975308641976          973.0777313250634
65.43209876543217         970.3092345919638
66.66666666666673         967.5407378588643
67.90123456790131         964.7867828720965
69.1358024691359          962.0328278853286
70.37037037037045         959.2788728985608
71.60493827160504         956.5777928337875
72.8395061728396          953.876712769014
74.07407407407416         951.1756327042406
75.30864197530875         948.508853738851
76.54320987654332         945.8420747734614
77.77777777777789         943.1752958080717
79.01234567901247         940.5458478978142
80.24691358024702         937.9163999875565
81.48148148148158         935.2869520772989
82.71604938271618         932.6958261035073
83.95061728395076         930.1047001297158
85.18518518518533         927.5135741559242
86.41975308641989         924.9702994438055
87.65432098765444         922.4270247316869
88.888888888889           919.8837500195682
90.1234567901236          917.3850324786114
91.35802469135818         914.8863149376544
92.59259259259275         912.3875973966975
93.82716049382734         909.9397450373567
95.06172839506189         907.4918926780158
96.29629629629645         905.0440403186749
97.53086419753103         902.6362176903324
98.76543209876559         900.2283950619898
100.00000000000014        897.8205724336472
101.23456790123474        895.4618642241204
102.4691358024693         893.1031560145937
103.7037037037039         890.7444478050669
104.93827160493846        888.4316875626201
106.172839506173          886.1189273201733
107.40740740740756        883.8061670777265
108.64197530864216        881.5357423605078
109.87654320987673        879.2653176432889
111.11111111111131        876.99489292607
112.34567901234591        874.7759334337139
113.58024691358045        872.5569739413578
114.81481481481504        870.3380144490018
116.0493827160496         868.1708697248456
117.28395061728415        866.0037250006894
118.5185185185187         863.8365802765333
119.7530864197533         861.7074459277687
120.98765432098787        859.5783115790041
122.22222222222247        857.4491772302395
123.45679012345704        855.3793930170799
124.69135802469158        853.3096088039202
125.92592592592614        851.2398245907607
127.16049382716072        849.2066685024961
128.39506172839526        847.1735124142315
129.62962962962985        845.1403563259669
130.86419753086443        843.151512540201
132.098765432099          841.162668754435
133.33333333333354        839.173824968669
134.56790123456813        837.2304646794526
135.80246913580268        835.287104390236
137.03703703703727        833.3437441010195
138.27160493827185        831.435570870941
139.50617283950643        829.5273976408623
140.740740740741          827.6192244107838
141.97530864197557        825.7718075645937
143.20987654321013        823.9243907184034
144.44444444444468        822.0769738722132
145.67901234567927        820.2592521408612
146.91358024691385        818.441530409509
148.1481481481484         816.6238086781569
149.382716049383          814.8524917552222
150.61728395061758        813.0811748322874
151.85185185185213        811.3098579093526
153.08641975308672        809.5687973138793
154.32098765432124        807.8277367184058
155.55555555555583        806.0866761229325
156.7901234567904         804.3983000503074
158.02469135802497        802.7099239776821
159.25925925925955        801.0215479050569
160.49382716049413        799.3680266660809
161.7283950617287         797.7145054271049
162.96296296296325        796.0609841881289
164.19753086419786        794.4530944259348
165.43209876543241        792.8452046637403
166.666666666667          791.2373149015459
167.90123456790158        789.6581987456262
169.1358024691361         788.0790825897064
170.3703703703707         786.4999664337867
171.60493827160528        784.966431872729
172.8395061728398         783.4328973116711
174.07407407407436        781.8993627506134
175.308641975309          780.4069796131338
176.54320987654356        778.914596475654
177.77777777777817        777.4222133381742
179.01234567901275        775.9676839434201
180.2469135802473         774.5131545486659
181.4814814814819         773.0586251539117
182.71604938271645        771.6390173095798
183.950617283951          770.2194094652478
185.1851851851856         768.7998016209159
186.41975308642017        767.4161113235582
187.6543209876547         766.0324210262004
188.88888888888928        764.6487307288426
190.1234567901238         763.3031735793613
191.3580246913583         761.9576164298799
192.59259259259287        760.6120592803985
193.82716049382748        759.2983811021717
195.0617283950621         757.9847029239447
196.2962962962967         756.6710247457179
197.53086419753126        755.3982955653939
198.7654320987658         754.1255663850699
200.0000000000004         752.8528372047459
201.23456790123495        751.6143118670884
202.4691358024695         750.3757865294308
203.7037037037041         749.1372611917733
204.93827160493868        747.9249148454361
206.17283950617326        746.7125684990987
207.40740740740785        745.5002221527614
208.64197530864243        744.3330212884088
209.87654320987698        743.165820424056
211.11111111111154        741.9986195597035
212.34567901234612        740.858138864985
213.58024691358068        739.7176581702665
214.81481481481524        738.5771774755481
216.04938271604985        737.4544346537955
217.2839506172844         736.3316918320428
218.51851851851893        735.2089490102902
219.75308641975354        734.1303898204364
220.9876543209881         733.0518306305826
222.22222222222268        731.9732714407288
223.45679012345727        730.9188642474941
224.69135802469185        729.8644570542591
225.9259259259264         728.8100498610243
227.160493827161          727.786244664483
228.39506172839555        726.7624394679416
229.62962962963013        725.7386342714002
230.86419753086471        724.7466676854593
232.0987654320993         723.7547010995185
233.33333333333383        722.7627345135776
234.5679012345684         721.7967659470467
235.80246913580294        720.8307973805156
237.03703703703752        719.8648288139847
238.2716049382721         718.9321818804257
239.5061728395067         717.9995349468666
240.74074074074127        717.0668880133074
241.97530864197586        716.1558171002293
243.20987654321038        715.2447461871511
244.44444444444494        714.333675274073
245.67901234567952        713.4555283755376
246.91358024691405        712.5773814770021
248.14814814814858        711.6992345784665
249.38271604938316        710.8459390396977
250.61728395061778        709.9926435009288
251.85185185185233        709.13934796216
253.0864197530869         708.3122301277107
254.32098765432144        707.4851122932613
255.55555555555597        706.657994458812
256.7901234567906         705.8547657218014
258.02469135802517        705.0515369847907
259.25925925925975        704.24830824778
260.49382716049433        703.4713635087903
261.7283950617289         702.6944187698007
262.9629629629635         701.917474030811
264.1975308641981         701.166058730652
265.43209876543256        700.414643430493
266.666666666667          699.663228130334
267.90123456790167        698.9374553344293
269.1358024691362         698.2116825385244
270.37037037037084        697.4859097426197
271.60493827160536        696.7884604267288
272.83950617283995        696.0910111108377
274.0740740740745         695.3935617949468
275.308641975309          694.7156882264387
276.5432098765436         694.0378146579307
277.7777777777781         693.3599410894226
279.01234567901275        692.7069066144009
280.2469135802473         692.053872139379
281.48148148148186        691.4008376643571
282.71604938271645        690.7744009739068
283.950617283951          690.1479642834564
285.1851851851856         689.5215275930061
286.4197530864202         688.9181191937162
287.6543209876547         688.3147107944262
288.8888888888893         687.7113023951363
290.12345679012384        687.1245349964676
291.3580246913584         686.5377675977987
292.59259259259295        685.9510001991299
293.8271604938276         685.3902345719175
295.0617283950621         684.8294689447049
296.29629629629665        684.2687033174924
297.53086419753123        683.7317372580676
298.76543209876576        683.1947711986426
300.00000000000034        682.6578051392177
301.2345679012349         682.1441042156492
302.46913580246945        681.6304032920806
303.70370370370404        681.116702368512
304.93827160493856        680.6241621857839
306.17283950617315        680.1316220030557
307.4074074074077         679.6390818203275
308.64197530864226        679.1681874485377
309.87654320987684        678.6972930767477
311.11111111111137        678.2263987049577
312.345679012346          677.7772318736787
313.58024691358054        677.3280650423995
314.8148148148151         676.8788982111205
316.04938271604965        676.453353426536
317.2839506172842         676.0278086419513
318.51851851851876        675.6022638573668
319.75308641975334        675.1942372399518
320.987654320988          674.7862106225368
322.2222222222225         674.3781840051219
323.45679012345715        673.9933680899665
324.6913580246917         673.6085521748109
325.9259259259262         673.2237362596554
327.1604938271608         672.8604665404221
328.39506172839526        672.4971968211886
329.62962962962985        672.1339271019551
330.86419753086443        671.7900316643681
332.09876543209896        671.446136226781
333.3333333333336         671.1022407891941
334.5679012345682         670.7779114969074
335.80246913580277        670.4535822046206
337.0370370370373         670.1292529123339
338.2716049382719         669.825551295679
339.50617283950635        669.5218496790241
340.7407407407409         669.2181480623691
341.9753086419755         668.9353392659568
343.2098765432101         668.6525304695444
344.4444444444447         668.3697216731321
345.67901234567915        668.1043306780348
346.9135802469137         667.8389396829374
348.14814814814815        667.57354868784
349.38271604938274        667.3271622599291
350.61728395061743        667.080775832018
351.851851851852          666.834389404107
353.08641975308666        666.6101614204823
354.32098765432113        666.3859334368576
355.55555555555566        666.1617054532329
356.7901234567903         665.9547207362779
358.0246913580248         665.7477360193228
359.2592592592594         665.5407513023678
360.493827160494          665.351045260036
361.7283950617285         665.1613392177043
362.9629629629631         664.9716331753725
364.19753086419763        664.8031830466463
365.4320987654322         664.6347329179199
366.66666666666674        664.4662827891937
367.9012345679014         664.315800989282
369.1358024691359         664.1653191893702
370.37037037037044        664.0148373894584
371.6049382716051         663.879031217284
372.83950617283966        663.7432250451094
374.07407407407425        663.6074188729349
375.3086419753088         663.4972724282997
376.5432098765433         663.3871259836642
377.77777777777794        663.2769795390288
379.01234567901247        663.1782135603539
380.246913580247          663.0794475816789
381.4814814814815         662.980681603004
382.7160493827161         662.8995215403024
383.95061728395063        662.8183614776009
385.1851851851852         662.7372014148993
386.41975308641986        662.6749771372781
387.65432098765433        662.6127528596568
388.8888888888889         662.5505285820354
390.1234567901235         662.5072193352565
391.358024691358          662.4639100884774
392.5925925925926         662.4206008416984
393.8271604938272         662.3933345092322
395.0617283950617         662.3660681767658
396.2962962962963         662.3388018442995
397.53086419753095        662.3310005191365
398.7654320987655         662.3231991939734
400                       662.3153978688104
0                         1272.2462311857416
1.0416666666666676        1270.9011841028387
2.0833333333333353        1269.5561370199357
3.1250000000000036        1268.2110899370327
4.1666666666666705        1266.5469849241283
5.208333333333338         1264.8828799112239
6.250000000000005         1263.2187748983195
7.291666666666673         1261.580694662995
8.33333333333334          1259.9426144276706
9.375000000000007         1258.3045341923462
10.416666666666675        1256.59175669951
11.458333333333345        1254.8789792066736
12.500000000000014        1253.1662017138374
13.541666666666682        1251.235563507414
14.583333333333352        1249.3049253009906
15.625000000000018        1247.3742870945673
16.666666666666682        1245.1513966849795
17.708333333333346        1242.928506275392
18.750000000000014        1240.7056158658042
19.791666666666682        1238.170593953318
20.83333333333335         1235.6355720408317
21.875000000000018        1233.1005501283453
22.916666666666686        1230.25826045525
23.958333333333353        1227.4159707821543
25.000000000000014        1224.573681109059
26.04166666666669         1221.4835756167247
27.083333333333353        1218.3934701243902
28.12500000000003         1215.303364632056
29.1666666666667          1212.0023899756154
30.208333333333364        1208.7014153191747
31.250000000000036        1205.4004406627341
32.29166666666671         1201.920710429945
33.333333333333364        1198.4409801971558
34.375000000000036        1194.9612499643667
35.4166666666667          1191.3514386498937
36.458333333333364        1187.7416273354206
37.50000000000003         1184.1318160209476
38.5416666666667          1180.4531522175744
39.58333333333337         1176.774488414201
40.62500000000004         1173.0958246108275
41.666666666666714        1169.3691114520352
42.70833333333338         1165.6423982932429
43.75000000000004         1161.9156851344505
44.791666666666714        1158.1564645263882
45.83333333333338         1154.3972439183258
46.87500000000004         1150.6380233102634
47.91666666666672         1146.8758017599328
48.95833333333338         1143.1135802096019
50.00000000000006         1139.3513586592712
51.04166666666672         1135.6104093266026
52.083333333333385        1131.8694599939338
53.12500000000006         1128.128510661265
54.16666666666673         1124.4158647761096
55.2083333333334          1120.703218890954
56.25000000000007         1116.9905730057985
57.29166666666674         1113.3121776501368
58.33333333333341         1109.633782294475
59.37500000000007         1105.9553869388133
60.41666666666674         1102.3270151121185
61.45833333333341         1098.6986432854237
62.50000000000007         1095.070271458729
63.54166666666675         1091.500905904368
64.5833333333334          1087.9315403500068
65.62500000000006         1084.3621747956458
66.66666666666673         1080.821894773191
67.7083333333334          1077.2816147507358
68.75000000000006         1073.741334728281
69.79166666666673         1070.2542411765098
70.83333333333339         1066.767147624739
71.87500000000006         1063.280054072968
72.91666666666673         1059.8498755871076
73.95833333333339         1056.419697101247
75.00000000000006         1052.9895186153865
76.04166666666673         1049.61362913164
77.0833333333334          1046.2377396478932
78.12500000000006         1042.8618501641465
79.16666666666673         1039.5564181020745
80.2083333333334          1036.2509860400028
81.25000000000007         1032.9455539779308
82.29166666666674         1029.6981309609343
83.33333333333343         1026.450707943938
84.37500000000009         1023.2032849269414
85.41666666666676         1020.0208444671639
86.45833333333341         1016.8384040073863
87.50000000000007         1013.6559635476087
88.54166666666674         1010.5411044614578
89.5833333333334          1007.4262453753067
90.62500000000007         1004.3113862891556
91.66666666666674         1001.2643283575943
92.70833333333341         998.2172704260329
93.75000000000009         995.1702124944716
94.79166666666676         992.191382303641
95.83333333333341         989.2125521128104
96.87500000000007         986.2337219219797
97.91666666666676         983.3151799750855
98.95833333333343         980.3966380281911
100.00000000000009        977.4780960812967
101.04166666666677        974.6225452477076
102.08333333333343        971.7669944141185
103.12500000000009        968.9114435805293
104.16666666666677        966.1214189507523
105.2083333333334         963.3313943209752
106.25000000000007        960.5413696911982
107.29166666666674        957.8205286881804
108.3333333333334         955.0996876851624
109.37500000000009        952.3788466821445
110.41666666666674        949.7163316233571
111.45833333333341        947.0538165645694
112.50000000000009        944.3913015057817
113.54166666666676        941.7923929660202
114.58333333333344        939.1934844262586
115.62500000000011        936.594575886497
116.66666666666679        934.05057651562
117.70833333333343        931.5065771447429
118.75000000000009        928.9625777738659
119.79166666666677        926.4805123564564
120.83333333333343        923.9984469390467
121.8750000000001         921.5163815216372
122.91666666666677        919.0961325203067
123.95833333333343        916.675883518976
125.00000000000011        914.2556345176453
126.04166666666677        911.8957425123538
127.08333333333344        909.535850507062
128.1250000000001         907.1759585017704
129.16666666666677        904.8739038212295
130.20833333333343        902.5718491406885
131.25000000000009        900.2697944601475
132.29166666666674        898.0215506305572
133.33333333333346        895.7733068009667
134.3750000000001         893.5250629713762
135.4166666666668         891.3298968174097
136.45833333333343        889.1347306634432
137.50000000000009        886.9395645094767
138.5416666666668         884.7948422890838
139.58333333333343        882.6501200686909
140.62500000000009        880.5053978482979
141.66666666666677        878.4176954680044
142.70833333333343        876.3299930877107
143.7500000000001         874.2422907074172
144.7916666666668         872.2052177745021
145.83333333333343        870.1681448415869
146.87500000000009        868.1310719086717
147.91666666666674        866.1546025833775
148.95833333333343        864.178133258083
150.0000000000001         862.2016639327886
151.0416666666668         860.2617032241902
152.08333333333346        858.3217425155917
153.1250000000001         856.3817818069932
154.1666666666668         854.4925261486657
155.20833333333343        852.6032704903379
156.25000000000009        850.7140148320102
157.29166666666677        848.877093883226
158.33333333333343        847.0401729344417
159.3750000000001         845.2032519856574
160.41666666666677        843.4125969260677
161.4583333333334         841.6219418664779
162.50000000000003        839.831286806888
163.5416666666667         838.0858948209514
164.58333333333343        836.3405028350146
165.62500000000009        834.5951108490779
166.66666666666677        832.8938519827236
167.70833333333343        831.1925931163693
168.7500000000001         829.4913342500149
169.7916666666668         827.8353861266804
170.83333333333346        826.1794380033458
171.8750000000001         824.5234898800112
172.91666666666677        822.9102535478377
173.95833333333343        821.297017215664
175.00000000000009        819.6837808834904
176.04166666666674        818.1117623548412
177.08333333333337        816.5397438261917
178.12500000000003        814.9677252975423
179.16666666666669        813.4370874786335
180.20833333333337        811.9064496597247
181.25000000000003        810.3758118408159
182.29166666666674        808.882150540313
183.33333333333343        807.3884892398099
184.3750000000001         805.894827939307
185.41666666666677        804.437595342744
186.4583333333334         802.9803627461807
187.5                     801.5231301496175
188.5416666666667         800.1017937055786
189.5833333333334         798.6804572615397
190.6250000000001         797.2591208175007
191.6666666666668         795.8761217265258
192.70833333333343        794.4931226355507
193.75000000000009        793.1101235445756
194.79166666666674        791.7598770952615
195.83333333333337        790.4096306459472
196.87500000000003        789.0593841966331
197.9166666666667         787.7424805321508
198.95833333333337        786.4255768676684
200.00000000000006        785.108673203186
201.04166666666674        783.8228821383333
202.0833333333334         782.5370910734805
203.12500000000009        781.2513000086278
204.16666666666677        779.9992367909814
205.20833333333343        778.7471735733349
206.2500000000001         777.4951103556883
207.2916666666668         776.2752396048409
208.33333333333343        775.0553688539933
209.3750000000001         773.8354981031458
210.4166666666668         772.6463878944407
211.45833333333346        771.4572776857356
212.50000000000014        770.2681674770304
213.5416666666668         769.1083939113266
214.58333333333343        767.9486203456228
215.62500000000006        766.7888467799189
216.6666666666668         765.6595731729835
217.70833333333346        764.530299566048
218.75000000000014        763.4010259591126
219.79166666666683        762.2995448037993
220.83333333333343        761.1980636484859
221.8750000000001         760.0965824931725
222.9166666666668         759.022393416273
223.95833333333346        757.9482043393733
225.0000000000001         756.8740152624737
226.0416666666668         755.8279038746235
227.08333333333346        754.7817924867733
228.1250000000001         753.735681098923
229.1666666666668         752.7159934741985
230.20833333333346        751.6963058494739
231.25000000000009        750.6766182247493
232.2916666666668         749.6826002234629
233.33333333333346        748.6885822221765
234.3750000000001         747.69456422089
235.41666666666677        746.7254483607785
236.45833333333343        745.756332500667
237.5000000000001         744.7872166405555
238.54166666666677        743.8440493622675
239.58333333333343        742.9008820839795
240.62500000000009        741.9577148056915
241.66666666666674        741.038486045951
242.70833333333343        740.1192572862104
243.7500000000001         739.2000285264699
244.79166666666677        738.3081993267293
245.8333333333334         737.4163701269887
246.87500000000003        736.524540927248
247.91666666666677        735.6590641396713
248.95833333333346        734.7935873520944
250.0000000000001         733.9281105645176
251.04166666666677        733.0798412224095
252.08333333333337        732.2315718803013
253.125                   731.3833025381932
254.1666666666667         730.5609063371533
255.20833333333337        729.7385101361132
256.2500000000001         728.9161139350732
257.2916666666668         728.1158594879888
258.3333333333334         727.3156050409043
259.37500000000006        726.5153505938199
260.41666666666674        725.737903206857
261.4583333333334         724.960455819894
262.50000000000006        724.1830084329312
263.5416666666668         723.4275613878242
264.58333333333337        722.6721143427171
265.62500000000006        721.91666729761
266.6666666666668         721.183706081852
267.7083333333334         720.4507448660939
268.7500000000001         719.7177836503358
269.79166666666674        719.0062075591385
270.8333333333334         718.294631467941
271.8750000000001         717.5830553767437
272.9166666666668         716.893826298876
273.9583333333334         716.2045972210083
275.0000000000001         715.5153681431406
276.04166666666674        714.8465643767667
277.0833333333334         714.1777606103927
278.125                   713.5089568440188
279.16666666666674        712.8599056521189
280.20833333333337        712.2108544602188
281.2500000000001         711.5618032683187
282.2916666666668         710.9337428829398
283.33333333333337        710.3056824975607
284.37500000000006        709.6776221121817
285.41666666666674        709.0681001286553
286.45833333333337        708.4585781451287
287.5000000000001         707.8490561616023
288.54166666666674        707.25836836064
289.58333333333337        706.6676805596776
290.625                   706.0769927587152
291.66666666666674        705.5055888763576
292.70833333333337        704.9341849939999
293.75000000000006        704.3627811116422
294.79166666666674        703.8109353745759
295.83333333333337        703.2590896375095
296.87500000000006        702.7072439004431
297.91666666666674        702.1742968951828
298.9583333333334         701.6413498899224
300.0000000000001         701.108402884662
301.04166666666674        700.5945816299096
302.0833333333334         700.0807603751571
303.1250000000001         699.5669391204045
304.1666666666668         699.0720858122505
305.2083333333334         698.5772325040963
306.25000000000006        698.0823791959422
307.29166666666674        697.6059946320183
308.33333333333337        697.1296100680944
309.375                   696.6532255041706
310.41666666666674        696.1953304352918
311.45833333333337        695.7374353664129
312.5000000000001         695.279540297534
313.5416666666668         694.8389407852669
314.5833333333334         694.3983412729997
315.62500000000006        693.9577417607325
316.66666666666674        693.5349023442839
317.70833333333337        693.1120629278352
318.75000000000006        692.6892235113866
319.7916666666667         692.2826568682271
320.83333333333337        691.8760902250675
321.875                   691.469523581908
322.91666666666674        691.0800546591167
323.95833333333337        690.6905857363254
325                       690.3011168135341
326.04166666666674        689.926835088355
327.08333333333337        689.5525533631758
328.12500000000006        689.1782716379967
329.16666666666674        688.8208483951393
330.2083333333334         688.4634251522817
331.2500000000001         688.1060019094242
332.29166666666674        687.764857358872
333.33333333333337        687.4237128083196
334.37500000000006        687.0825682577672
335.41666666666674        686.753457163379
336.4583333333335         686.4243460689908
337.50000000000017        686.0952349746026
338.54166666666686        685.7843890666135
339.5833333333335         685.4735431586242
340.6250000000001         685.162697250635
341.6666666666668         684.8673379235179
342.7083333333334         684.5719785964006
343.7500000000001         684.2766192692835
344.79166666666686        683.9985148793555
345.8333333333334         683.7204104894274
346.8750000000001         683.4423060994994
347.91666666666674        683.1797307771643
348.95833333333337        682.9171554548292
350.00000000000006        682.6545801324941
351.0416666666667         682.4085716011889
352.08333333333337        682.1625630698836
353.125                   681.9165545385783
354.16666666666674        681.6860541620146
355.20833333333337        681.4555537854508
356.25                    681.225053408887
357.2916666666667         681.0106474415041
358.3333333333333         680.7962414741212
359.375                   680.5818355067383
360.41666666666674        680.3828148934974
361.4583333333333         680.1837942802564
362.5                     679.9847736670155
363.5416666666667         679.8015568040721
364.58333333333337        679.6183399411285
365.6250000000001         679.435123078185
366.66666666666674        679.2677767967213
367.7083333333334         679.1004305152572
368.75                    678.9330842337934
369.79166666666674        678.7820094811666
370.83333333333337        678.6309347285397
371.875                   678.479859975913
372.9166666666667         678.344904454571
373.9583333333333         678.2099489332288
375                       678.0749934118868
376.0416666666667         677.9567148857913
377.0833333333333         677.8384363596957
378.125                   677.7201578336002
379.1666666666667         677.617804458935
380.20833333333337        677.5154510842697
381.25000000000006        677.4130977096045
382.2916666666667         677.3266597147523
383.3333333333333         677.2402217199
384.375                   677.1537837250478
385.4166666666667         677.0828375049553
386.45833333333337        677.0118912848627
387.5                     676.9409450647702
388.5416666666667         676.8866425618487
389.58333333333326        676.8323400589272
390.625                   676.7780375560058
391.6666666666667         676.738738469973
392.7083333333333         676.6994393839401
393.75                    676.6601402979073
394.79166666666663        676.6367028328084
395.83333333333337        676.6132653677095
396.87500000000006        676.5898279026105
397.9166666666667         676.5798187611537
398.95833333333337        676.5698096196967
400                       676.5598004782397
0                         1326.910899213026
0.9324009324009318        1325.157327115183
1.8648018648018636        1323.4037550173402
2.7972027972027953        1321.6501829194974
3.729603729603727         1320.6881133983686
4.662004662004659         1319.7260438772396
5.594405594405589         1318.7639743561106
6.526806526806521         1318.3075404399212
7.459207459207452         1317.8511065237317
8.391608391608383         1317.3946726075424
9.324009324009316         1317.0364443287704
10.256410256410248        1316.6782160499984
11.188811188811178        1316.3199877712264
12.121212121212109        1315.9662840911892
13.05361305361304         1315.6125804111518
13.986013986013972        1315.2588767311147
14.918414918414904        1314.3620085271239
15.850815850815831        1313.465140323133
16.783216783216762        1312.5682721191422
17.715617715617697        1311.183274619057
18.648018648018628        1309.798277118972
19.58041958041956         1308.413279618887
20.512820512820493        1306.5642452325712
21.445221445221428        1304.7152108462553
22.37762237762236         1302.8661764599394
23.31002331002329         1300.5370283050681
24.242424242424217        1298.2078801501968
25.174825174825152        1295.8787319953256
26.107226107226086        1293.1326824260914
27.039627039627014        1290.3866328568572
27.97202797202795         1287.640583287623
28.904428904428883        1284.63989097728
29.83682983682981         1281.6391986669366
30.769230769230738        1278.6385063565936
31.70163170163167         1275.3659312409259
32.6340326340326          1272.093356125258
33.56643356643353         1268.82078100959
34.49883449883447         1265.333526419988
35.4312354312354          1261.8462718303858
36.36363636363633         1258.3590172407837
37.29603729603726         1254.7430424707964
38.228438228438186        1251.1270677008088
39.16083916083912         1247.5110929308212
40.09324009324005         1243.7802238600113
41.02564102564099         1240.0493547892013
41.95804195804192         1236.3184857183915
42.890442890442856        1232.4953968180932
43.82284382284378         1228.672307917795
44.75524475524471         1224.8492190174968
45.68764568764565         1220.9638275496548
46.620046620046566        1217.0784360818125
47.552447552447504        1213.1930446139702
48.484848484848435        1209.241868180655
49.41724941724937         1205.29069174734
50.349650349650304        1201.3395153140248
51.28205128205124         1197.4224458646686
52.21445221445216         1193.5053764153126
53.14685314685309         1189.5883069659565
54.07925407925403         1185.68400576174
55.01165501165495         1181.7797045575235
55.94405594405589         1177.875403353307
56.876456876456814        1173.951166472056
57.80885780885775         1170.0269295908051
58.741258741258676        1166.102692709554
59.67365967365962         1162.2499136415042
60.606060606060545        1158.3971345734542
61.538461538461476        1154.5443555054044
62.47086247086241         1150.7210452102997
63.403263403263324        1146.8977349151949
64.33566433566425         1143.0744246200902
65.2680652680652          1139.296239782063
66.20046620046612         1135.5180549440356
67.13286713286706         1131.7398701060083
68.065268065268           1128.0040320496607
68.99766899766894         1124.268193993313
69.93006993006986         1120.5323559369654
70.8624708624708          1116.8293330649374
71.79487179487174         1113.1263101929092
72.72727272727266         1109.423287320881
73.6596736596736          1105.7656316365562
74.59207459207451         1102.1079759522313
75.52447552447545         1098.4503202679066
76.45687645687637         1094.8399594480977
77.3892773892773          1091.2295986282888
78.32167832167823         1087.61923780848
79.25407925407916         1084.0618959718952
80.18648018648008         1080.5045541353102
81.11888111888102         1076.9472122987252
82.05128205128197         1073.4283458560571
82.9836829836829          1069.909479413389
83.91608391608383         1066.3906129707207
84.84848484848477         1062.9277379798518
85.78088578088571         1059.4648629889828
86.71328671328664         1056.001987998114
87.64568764568756         1052.61392360022
88.5780885780885          1049.2258592023259
89.5104895104894          1045.8377948044317
90.44289044289035         1042.50705870576
91.37529137529127         1039.1763226070884
92.3076923076922          1035.8455865084168
93.24009324009313         1032.56672875721
94.17249417249405         1029.2878710060033
95.10489510489501         1026.0090132547966
96.03729603729593         1022.7989944697088
96.96969696969687         1019.5889756846208
97.90209790209781         1016.3789568995328
98.83449883449875         1013.2369679064767
99.76689976689967         1010.0949789134205
100.69930069930061        1006.9529899203644
101.63170163170155        1003.875133455842
102.56410256410248        1000.7972769913197
103.49650349650341        997.7194205267973
104.42890442890435        994.7084272055844
105.36130536130528        991.6974338843713
106.2937062937062         988.6864405631583
107.22610722610715        985.7508987705486
108.15850815850808        982.8153569779387
109.09090909090901        979.8798151853289
110.02331002330993        977.0044820691819
110.95571095571086        974.1291489530348
111.88811188811178        971.2538158368877
112.82051282051272        968.4458504630543
113.75291375291363        965.6378850892206
114.68531468531458        962.8299197153871
115.6177156177155         960.077946767622
116.55011655011643        957.3259738198569
117.48251748251735        954.5740008720918
118.4149184149183         951.8921105515818
119.34731934731923        949.2102202310718
120.27972027972015        946.5283299105619
121.2121212121211         943.9146191388689
122.14452214452204        941.3009083671759
123.07692307692297        938.6871975954829
124.0093240093239         936.1320231882206
124.94172494172481        933.5768487809582
125.87412587412575        931.021674373696
126.80652680652668        928.5282452120475
127.73892773892759        926.0348160503991
128.67132867132852        923.5413868887506
129.60372960372945        921.1087407899524
130.5361305361304         918.6760946911542
131.46853146853132        916.243448592356
132.40093240093225        913.8643150000424
133.3333333333332         911.4851814077286
134.26573426573412        909.106047815415
135.19813519813505        906.7787188684403
136.130536130536          904.4513899214653
137.0629370629369         902.1240609744905
137.99533799533788        899.845033438326
138.9277389277388         897.5660059021614
139.86013986013972        895.2869783659968
140.79254079254068        893.0686523968004
141.7249417249416         890.8503264276038
142.6573426573425         888.6320004584072
143.58974358974348        886.4693420644402
144.52214452214437        884.306683670473
145.4545454545453         882.144025276506
146.38694638694628        880.0355450863362
147.31934731934717        877.9270648961664
148.2517482517481         875.8185847059966
149.18414918414908        873.7628413261268
150.11655011654997        871.7070979462569
151.04895104895093        869.651354566387
151.98135198135185        867.6496797429984
152.91375291375275        865.6480049196097
153.8461538461537         863.646330096221
154.77855477855462        861.6924707808115
155.71095571095555        859.7386114654017
156.6433566433565         857.7847521499921
157.57575757575742        855.8849623290556
158.50815850815835        853.9851725081189
159.4405594405593         852.0853826871823
160.37296037296022        850.2326739107561
161.30536130536117        848.3799651343298
162.23776223776207        846.5272563579035
163.170163170163          844.7266815785779
164.10256410256395        842.9261067992522
165.03496503496487        841.1255320199266
165.9673659673658         839.3733012523857
166.89976689976675        837.6210704848446
167.83216783216767        835.8688397173036
168.76456876456862        834.1641055146324
169.69696969696957        832.4593713119611
170.6293706293705         830.75463710929
171.56177156177142        829.098880000287
172.49417249417237        827.4431228912838
173.42657342657327        825.7873657822807
174.35897435897422        824.1778883544229
175.29137529137512        822.5684109265648
176.22377622377604        820.9589334987066
177.156177156177          819.3942214611477
178.0885780885779         817.8295094235885
179.0209790209788         816.2647973860295
179.9533799533798         814.7443139235712
180.8857808857807         813.2238304611127
181.81818181818164        811.7033469986543
182.7505827505826         810.2180551614474
183.68298368298352        808.7327633242404
184.61538461538447        807.2474714870334
185.5477855477854         805.7982981470612
186.4801864801863         804.3491248070889
187.41258741258721        802.8999514671165
188.34498834498814        801.4909378074811
189.27738927738906        800.0819241478456
190.20979020979004        798.6729104882102
191.142191142191          797.3037224613997
192.07459207459192        795.9345344345892
193.00699300699287        794.5653464077787
193.9393939393938         793.2292946806479
194.8717948717947         791.8932429535168
195.80419580419561        790.557191226386
196.73659673659654        789.2552039735373
197.6689976689975         787.9532167206885
198.60139860139844        786.6512294678397
199.53379953379937        785.379972452351
200.4662004662003         784.1087154368622
201.39860139860122        782.8374584213735
202.33100233100214        781.6037905843348
203.2634032634031         780.3701227472958
204.19580419580404        779.1364549102569
205.128205128205          777.9350908844616
206.06060606060592        776.7337268586662
206.99300699300684        775.5323628328707
207.9254079254078         774.3641580137579
208.8578088578087         773.1959531946451
209.79020979020962        772.0277483755323
210.72261072261057        770.8868536973533
211.6550116550115         769.7459590191744
212.58741258741242        768.6050643409955
213.5198135198134         767.4945433587642
214.45221445221435        766.3840223765329
215.38461538461527        765.2735013943017
216.31701631701625        764.1931603395269
217.24941724941715        763.112819284752
218.1818181818181         762.0324782299772
219.11421911421905        760.9797833827641
220.04662004661995        759.927088535551
220.9790209790209         758.8743936883378
221.91142191142183        757.8517270890194
222.8438228438227         756.829060489701
223.77622377622365        755.8063938903825
224.70862470862457        754.8109049725787
225.6410256410255         753.8154160547747
226.57342657342645        752.8199271369707
227.50582750582737        751.8543888229576
228.43822843822826        750.8888505089444
229.3706293706292         749.9233121949312
230.30303030303014        748.9831409178094
231.2354312354311         748.0429696406874
232.16783216783205        747.1027983635655
233.10023310023297        746.1851368719197
234.03263403263392        745.2674753802738
234.96503496503482        744.349813888628
235.89743589743577        743.458172729444
236.82983682983672        742.5665315702599
237.76223776223765        741.6748904110759
238.69463869463857        740.8082322428348
239.62703962703952        739.9415740745937
240.55944055944047        739.0749159063527
241.49184149184143        738.230538139443
242.42424242424232        737.3861603725331
243.35664335664325        736.5417826056233
244.2890442890442         735.7219234003018
245.22144522144512        734.9020641949801
246.15384615384602        734.0822049896585
247.086247086247          733.2860597050092
248.01864801864787        732.4899144203597
248.9510489510488         731.6937691357103
249.88344988344977        730.923011854892
250.81585081585067        730.1522545740736
251.74825174825168        729.3814972932552
252.6806526806526         728.6299658131801
253.61305361305352        727.8784343331049
254.54545454545448        727.1269028530297
255.4778554778554         726.3944106091402
256.41025641025635        725.6619183652506
257.3426573426573         724.929426121361
258.27505827505826        724.2169154990664
259.2074592074592         723.5044048767718
260.1398601398601         722.7918942544773
261.0722610722611         722.1008012950656
262.00466200466195        721.4097083356538
262.9370629370628         720.7186153762422
263.86946386946374        720.0481242214418
264.8018648018647         719.3776330666412
265.73426573426565        718.7071419118408
266.66666666666663        718.056633593563
267.5990675990675         717.406125275285
268.5314685314684         716.7556169570072
269.46386946386934        716.1242625691134
270.3962703962703         715.4929081812195
271.3286713286713         714.8615537933257
272.26107226107223        714.2525443485042
273.1934731934731         713.6435349036826
274.125874125874          713.034525458861
275.058275058275          712.4463776691633
275.9906759906759         711.8582298794654
276.92307692307696        711.2700820897676
277.85547785547783        710.6977833365759
278.7878787878787         710.125484583384
279.72027972027956        709.5531858301923
280.65268065268054        708.9975453133683
281.58508158508147        708.4419047965441
282.5174825174824         707.88626427972
283.4498834498834         707.3482262503514
284.3822843822843         706.8101882209827
285.3146853146853         706.2721501916141
286.24708624708614        705.7476466972768
287.1794871794871         705.2231432029394
288.111888111888          704.698639708602
289.044289044289          704.1919897796819
289.9766899766899         703.6853398507618
290.9090909090909         703.1786899218417
291.8414918414918         702.688349208682
292.7738927738927         702.1980084955222
293.70629370629365        701.7076677823625
294.63869463869463        701.2349837212506
295.5710955710955         700.7622996601388
296.5034965034965         700.2896155990269
297.4358974358974         699.834077605717
298.3682983682983         699.378539612407
299.3006993006992         698.9230016190971
300.2331002331002         698.4826129450314
301.1655011655011         698.0422242709657
302.0979020979021         697.6018355969
303.03030303030306        697.1773264137098
303.9627039627039         696.7528172305196
304.89510489510485        696.3283080473294
305.82750582750583        695.9204162639825
306.7599067599068         695.5125244806353
307.6923076923078         695.1046326972883
308.6247086247087         694.7116107449823
309.5571095571096         694.3185887926762
310.4895104895105         693.9255668403703
311.42191142191143        693.5479040338951
312.3543123543123         693.1702412274198
313.2867132867133         692.7925784209446
314.2191142191142         692.4288958850667
315.1515151515151         692.0652133491888
316.08391608391605        691.7015308133109
317.0163170163169         691.35256800706
317.94871794871784        691.0036052008089
318.88111888111877        690.654642394558
319.8135198135198         690.3200518763628
320.7459207459208         689.9854613581674
321.67832167832177        689.6508708399722
322.6107226107227         689.3291210921469
323.5431235431236         689.0073713443215
324.4755244755245         688.6856215964963
325.4079254079254         688.3777201855188
326.3403263403264         688.0698187745412
327.2727272727273         687.7619173635636
328.20512820512823        687.4673938695684
329.13752913752916        687.1728703755731
330.0699300699301         686.8783468815778
331.002331002331          686.5967646335957
331.93473193473193        686.3151823856135
332.86713286713285        686.0336001376313
333.79953379953383        685.7653691537201
334.73193473193476        685.4971381698089
335.6643356643357         685.2289071858976
336.5967365967366         684.9723954241721
337.5291375291375         684.7158836624465
338.46153846153845        684.4593719007208
339.3939393939394         684.2152752775366
340.32634032634024        683.9711786543525
341.25874125874117        683.7270820311683
342.19114219114215        683.4959467139573
343.1235431235431         683.2648113967463
344.0559440559441         683.0336760795353
344.988344988345          682.813829398649
345.92074592074584        682.5939827177625
346.85314685314677        682.374136036876
347.78554778554775        682.166802984437
348.7179487179487         681.959469931998
349.6503496503497         681.752136879559
350.5827505827506         681.5555244621229
351.51515151515144        681.3589120446868
352.4475524475523         681.1622996272507
353.3799533799533         680.978121146042
354.3123543123542         680.7939426648331
355.2447552447552         680.6097641836244
356.1771561771562         680.4369931308572
357.10955710955704        680.2642220780898
358.04195804195797        680.0914510253225
358.97435897435895        679.9295921713225
359.90675990675993        679.7677333173224
360.83916083916085        679.6058744633223
361.7715617715618         679.4559266158534
362.7039627039627         679.3059787683844
363.6363636363636         679.1560309209154
364.56876456876466        679.0170384386688
365.50116550116553        678.878045956422
366.43356643356645        678.7390534741753
367.3659673659674         678.6114804671358
368.2983682983683         678.4839074600962
369.2307692307692         678.3563344530568
370.1631701631702         678.2405749138065
371.0955710955711         678.1248153745563
372.027972027972          678.0090558353061
372.960372960373          677.9037610205395
373.8927738927739         677.7984662057728
374.8251748251749         677.6931713910061
375.7575757575758         677.598912802563
376.6899766899767         677.5046542141197
377.6223776223776         677.4103956256765
378.5547785547786         677.3276963919446
379.48717948717945        677.2449971582128
380.4195804195804         677.1622979244809
381.35198135198135        677.0898587792161
382.2843822843823         677.0174196339514
383.2167832167832         676.9449804886866
384.1491841491842         676.883979452543
385.0815850815851         676.8229784163993
386.013986013986          676.7619773802558
386.94638694638695        676.7115814910451
387.8787878787879         676.6611856018343
388.8111888111888         676.6107897126235
389.7435897435898         676.5716766159319
390.67599067599076        676.5325635192403
391.6083916083917         676.4934504225487
392.54079254079267        676.4655938241677
393.47319347319353        676.4377372257868
394.4055944055944         676.4098806274059
395.3379953379954         676.3925921250875
396.2703962703963         676.375303622769
397.2027972027972         676.3580151204505
398.13519813519815        676.3524129919039
399.0675990675991         676.3468108633571
400                       676.3412087348104
0                         1265.688996249314
0.8547008547008556        1267.8195184735005
1.709401709401711         1269.950040697687
2.5641025641025665        1272.0805629218735
3.418803418803422         1276.5849123846713
4.273504273504278         1281.0892618474688
5.128205128205133         1285.5936113102666
5.982905982905989         1290.7257991583372
6.837606837606845         1295.8579870064075
7.692307692307701         1300.9901748544778
8.547008547008557         1306.1944295587732
9.401709401709413         1311.3986842630684
10.256410256410268        1316.6029389673638
11.111111111111125        1320.5899787190715
11.965811965811982        1324.5770184707787
12.820512820512837        1328.5640582224862
13.675213675213692        1331.5064812926962
14.529914529914548        1334.4489043629058
15.384615384615401        1337.3913274331155
16.239316239316256        1339.5796202873057
17.09401709401711         1341.7679131414957
17.948717948717967        1343.9562059956859
18.803418803418825        1345.1995918769296
19.65811965811968         1346.4429777581731
20.51282051282054         1347.6863636394166
21.367521367521395        1347.3974717762526
22.222222222222246        1347.108579913088
23.0769230769231          1346.8196880499238
23.93162393162396         1345.9838767147148
24.786324786324816        1345.1480653795054
25.641025641025678        1344.3122540442962
26.495726495726533        1343.0186420874013
27.350427350427385        1341.7250301305062
28.205128205128236        1340.4314181736113
29.05982905982909         1338.5875078169252
29.914529914529943        1336.743597460239
30.7692307692308          1334.8996871035529
31.623931623931657        1332.3805834097984
32.47863247863251         1329.8614797160437
33.33333333333337         1327.3423760222893
34.18803418803423         1324.5657889550996
35.04273504273508         1321.78920188791
35.89743589743594         1319.0126148207203
36.7521367521368          1316.038720234901
37.60683760683765         1313.0648256490815
38.4615384615385          1310.0909310632621
39.31623931623936         1306.9605105474861
40.17094017094022         1303.8300900317101
41.02564102564108         1300.6996695159341
41.88034188034194         1297.3304123322025
42.73504273504279         1293.9611551484707
43.58974358974364         1290.591897964739
44.4444444444445          1287.0785446352586
45.29914529914535         1283.565191305778
46.1538461538462          1280.0518379762975
47.00854700854706         1276.4201161373594
47.86324786324791         1272.788394298421
48.71794871794877         1269.156672459483
49.57264957264963         1265.4842654078811
50.42735042735048         1261.8118583562793
51.28205128205134         1258.1394513046776
52.1367521367522          1254.4254698448692
52.991452991453045        1250.7114883850609
53.846153846153896        1246.9975069252525
54.700854700854755        1243.2231932701138
55.55555555555561         1239.4488796149749
56.410256410256466        1235.674565959836
57.264957264957324        1231.8655989564436
58.119658119658176        1228.0566319530512
58.97435897435903         1224.2476649496589
59.82905982905989         1220.4611387107182
60.68376068376074         1216.6746124717774
61.5384615384616          1212.8880862328367
62.393162393162456        1209.1252494629045
63.247863247863314        1205.3624126929724
64.10256410256417         1201.5995759230402
64.95726495726502         1197.8854193076536
65.81196581196588         1194.1712626922667
66.66666666666673         1190.45710607688
67.52136752136758         1186.7246052890257
68.37606837606843         1182.9921045011713
69.2307692307693          1179.259603713317
70.08547008547016         1175.5256353272516
70.94017094017101         1171.7916669411861
71.79487179487188         1168.0576985551209
72.64957264957273         1164.3296226340294
73.50427350427357         1160.6015467129382
74.35897435897442         1156.8734707918468
75.21367521367529         1153.1400686945226
76.06837606837614         1149.4066665971984
76.92307692307699         1145.6732644998742
77.77777777777786         1141.976970344942
78.63247863247871         1138.2806761900094
79.48717948717956         1134.5843820350772
80.34188034188041         1130.9053646469565
81.19658119658126         1127.2263472588356
82.0512820512821          1123.547329870715
82.90598290598297         1119.8825607723854
83.76068376068382         1116.217791674056
84.61538461538467         1112.5530225757263
85.47008547008552         1108.9281278858034
86.32478632478637         1105.3032331958802
87.17948717948723         1101.6783385059573
88.0341880341881          1098.127484168012
88.88888888888897         1094.5766298300664
89.74358974358984         1091.025775492121
90.59829059829069         1087.525030494357
91.45299145299153         1084.0242854965927
92.30769230769238         1080.5235404988287
93.16239316239324         1077.0574643234609
94.0170940170941          1073.5913881480928
94.87179487179495         1070.125311972725
95.72649572649583         1066.6922769295188
96.58119658119668         1063.2592418863123
97.43589743589753         1059.8262068431059
98.29059829059838         1056.4111083671885
99.14529914529923         1052.996009891271
100.00000000000009        1049.5809114153533
100.85470085470094        1046.2217679218807
101.70940170940179        1042.862624428408
102.56410256410264        1039.5034809349354
103.41880341880349        1036.1950323516078
104.27350427350433        1032.8865837682804
105.12820512820518        1029.5781351849528
105.98290598290605        1026.3284900430306
106.8376068376069         1023.0788449011084
107.69230769230775        1019.829199759186
108.5470085470086         1016.6758529489013
109.40170940170945        1013.5225061386163
110.2564102564103         1010.3691593283314
111.11111111111119        1007.2687612039582
111.96581196581204        1004.1683630795848
112.8205128205129         1001.0679649552114
113.67521367521377        998.0225969006639
114.5299145299146         994.9772288461162
115.38461538461546        991.9318607915685
116.23931623931632        988.9444008505518
117.09401709401718        985.956940909535
117.94871794871804        982.9694809685182
118.8034188034189         980.0775680003051
119.65811965811973        977.1856550320917
120.51282051282058        974.2937420638785
121.36752136752145        971.4787147817631
122.22222222222229        968.6636874996474
123.07692307692315        965.8486602175318
123.93162393162402        963.0927916995129
124.78632478632487        960.3369231814937
125.64102564102572        957.5810546634747
126.49572649572657        954.8947425083622
127.35042735042742        952.2084303532497
128.2051282051283         949.5221181981373
129.05982905982913        946.9237907354062
129.91452991453           944.325463272675
130.76923076923083        941.7271358099439
131.62393162393172        939.1800045876222
132.47863247863256        936.6328733653003
133.33333333333346        934.0857421429785
134.1880341880343         931.5745391630828
135.04273504273513        929.0633361831871
135.89743589743597        926.5521332032913
136.75213675213686        924.0920464348604
137.6068376068377         921.6319596664293
138.46153846153857        919.1718728979982
139.31623931623943        916.7967517070763
140.17094017094027        914.4216305161542
141.0256410256411         912.0465093252323
141.88034188034197        909.7487347744849
142.73504273504284        907.4509602237374
143.58974358974368        905.15318567299
144.44444444444454        902.909436313166
145.29914529914538        900.6656869533418
146.15384615384625        898.4219375935177
147.00854700854708        896.2260053021964
147.86324786324795        894.0300730108751
148.71794871794881        891.8341407195538
149.57264957264968        889.7125093983135
150.42735042735052        887.5908780770731
151.28205128205138        885.4692467558326
152.13675213675225        883.4039705940464
152.99145299145312        881.3386944322602
153.84615384615395        879.273418270474
154.70085470085482        877.259634708827
155.55555555555566        875.2458511471798
156.41025641025652        873.2320675855326
157.26495726495742        871.2653492996751
158.11965811965828        869.2986310138175
158.97435897435915        867.3319127279599
159.82905982906001        865.4127354190033
160.68376068376082        863.4935581100465
161.5384615384617         861.5743808010897
162.39316239316253        859.7207367114605
163.2478632478634         857.8670926218313
164.10256410256423        856.013448532202
164.9572649572651         854.2220219864761
165.81196581196593        852.4305954407499
166.66666666666677        850.6391688950239
167.5213675213676         848.8896726327965
168.37606837606847        847.140176370569
169.2307692307693         845.3906801083415
170.0854700854702         843.6798362457233
170.94017094017104        841.9689923831049
171.79487179487194        840.2581485204865
172.6495726495728         838.5936627089484
173.50427350427364        836.9291768974101
174.35897435897448        835.2646910858718
175.21367521367534        833.6655961230891
176.06837606837615        832.0665011603062
176.92307692307702        830.4674061975232
177.77777777777789        828.9225227286055
178.63247863247875        827.3776392596876
179.4871794871796         825.8327557907697
180.34188034188048        824.3217849215756
181.19658119658135        822.8108140523813
182.05128205128224        821.2998431831869
182.90598290598308        819.8177271810432
183.76068376068395        818.3356111788994
184.61538461538478        816.8534951767556
185.47008547008565        815.4045560455842
186.32478632478646        813.9556169144125
187.17948717948732        812.5066777832409
188.0341880341882         811.1058067558575
188.88888888888903        809.7049357284741
189.74358974358987        808.3040647010906
190.59829059829076        806.9514251042091
191.4529914529916         805.5987855073274
192.3076923076925         804.2461459104458
193.16239316239336        802.9212669228706
194.01709401709422        801.5963879352953
194.87179487179506        800.27150894772
195.72649572649593        798.9734805314183
196.58119658119674        797.6754521151165
197.43589743589757        796.3774236988147
198.29059829059844        795.1153715530916
199.14529914529928        793.8533194073682
200.00000000000014        792.5912672616449
200.85470085470104        791.3726833577574
201.70940170940187        790.1540994538697
202.56410256410274        788.9355155499819
203.4188034188036         787.7572840563261
204.27350427350447        786.57905256267
205.1282051282053         785.400821069014
205.9829059829062         784.2541003655573
206.83760683760698        783.1073796621005
207.69230769230785        781.9606589586436
208.54700854700872        780.842072099327
209.40170940170958        779.7234852400101
210.25641025641045        778.6048983806933
211.1111111111113         777.5165630712667
211.96581196581215        776.4282277618398
212.820512820513          775.339892452413
213.67521367521385        774.2842085384934
214.52991452991472        773.2285246245738
215.38461538461556        772.1728407106541
216.23931623931645        771.1457178928141
217.09401709401732        770.118595074974
217.9487179487182         769.0914722571339
218.80341880341905        768.0858209347028
219.6581196581199         767.0801696122717
220.51282051282072        766.0745182898405
221.3675213675216         765.086833891078
222.22222222222243        764.0991494923153
223.07692307692326        763.1114650935527
223.93162393162416        762.143645384746
224.78632478632505        761.1758256759392
225.64102564102592        760.2080059671325
226.49572649572679        759.2784952505274
227.3504273504276         758.3489845339222
228.20512820512843        757.4194738173171
229.05982905982927        756.5123773892617
229.9145299145301         755.6052809612062
230.76923076923094        754.6981845331507
231.62393162393187        753.8023251876506
232.4786324786327         752.9064658421505
233.33333333333357        752.0106064966504
234.1880341880344         751.1260490297216
235.04273504273525        750.2414915627926
235.89743589743608        749.3569340958636
236.75213675213698        748.4948340551549
237.60683760683781        747.6327340144461
238.4615384615387         746.7706339737374
239.31623931623957        745.9382570230042
240.17094017094044        745.1058800722709
241.02564102564125        744.2735031215377
241.88034188034214        743.4622276138344
242.73504273504298        742.6509521061311
243.58974358974385        741.8396765984278
244.44444444444468        741.0466714853657
245.29914529914555        740.2536663723033
246.1538461538464         739.4606612592411
247.00854700854725        738.6920545517046
247.8632478632481         737.9234478441679
248.71794871794899        737.1548411366313
249.57264957264985        736.4222577644213
250.42735042735072        735.6896743922111
251.28205128205155        734.9570910200011
252.13675213675245        734.2360799915995
252.99145299145326        733.5150689631977
253.84615384615412        732.7940579347959
254.70085470085502        732.0832644188481
255.55555555555586        731.3724709029002
256.4102564102567         730.6616773869523
257.26495726495756        729.964744607109
258.1196581196584         729.2678118272656
258.97435897435923        728.5708790474223
259.8290598290601         727.8875738076083
260.68376068376085        727.2042685677943
261.5384615384617         726.5209633279803
262.3931623931626         725.8640519125397
263.2478632478635         725.2071404970991
264.1025641025643         724.5502290816585
264.95726495726524        723.9115894134898
265.8119658119661         723.272949745321
266.6666666666669         722.6343100771522
267.5213675213678         722.0103916180041
268.37606837606864        721.3864731588558
269.2307692307695         720.7625546997076
270.0854700854703         720.1569731138304
270.9401709401712         719.5513915279531
271.79487179487205        718.9458099420759
272.649572649573          718.3725716155272
273.50427350427384        717.7993332889785
274.3589743589747         717.2260949624298
275.2136752136756         716.6686598449145
276.06837606837644        716.111224727399
276.92307692307725        715.5537896098836
277.7777777777781         715.0056576741566
278.6324786324789         714.4575257384296
279.4871794871798         713.9093938027025
280.34188034188065        713.371652108528
281.1965811965815         712.8339104143533
282.0512820512824         712.2961687201787
282.90598290598325        711.7819082464141
283.76068376068406        711.2676477726494
284.6153846153849         710.7533872988847
285.47008547008585        710.2494966274426
286.3247863247867         709.7456059560003
287.1794871794876         709.2417152845582
288.0341880341884         708.7476142587936
288.8888888888892         708.253513233029
289.74358974359           707.7594122072644
290.5982905982909         707.2786609607284
291.45299145299174        706.7979097141922
292.3076923076926         706.3171584676561
293.16239316239347        705.8654677670403
294.0170940170943         705.4137770664244
294.87179487179515        704.9620863658085
295.72649572649607        704.5267460440826
296.58119658119693        704.0914057223566
297.4358974358978         703.6560654006306
298.29059829059867        703.2334772689105
299.1452991452995         702.8108891371903
300.00000000000034        702.3883010054701
300.8547008547012         701.9794822410463
301.7094017094021         701.5706634766224
302.56410256410294        701.1618447121986
303.4188034188038         700.777666315506
304.2735042735046         700.3934879188133
305.1282051282055         700.0093095221207
305.98290598290635        699.639230142783
306.8376068376072         699.2691507634453
307.692307692308          698.8990713841076
308.5470085470089         698.5406353661149
309.40170940170975        698.1821993481221
310.2564102564106         697.8237633301294
311.1111111111114         697.478525326492
311.96581196581235        697.1332873228545
312.8205128205132         696.788049319217
313.6752136752141         696.4641508361186
314.52991452991483        696.1402523530202
315.3846153846157         695.8163538699217
316.2393162393166         695.5065031516112
317.09401709401754        695.1966524333008
317.94871794871835        694.8868017149903
318.80341880341916        694.5871126162739
319.65811965812           694.2874235175574
320.5128205128208         693.987734418841
321.36752136752165        693.6984701611674
322.2222222222225         693.4092059034937
323.07692307692344        693.1199416458201
323.93162393162436        692.8458758699222
324.7863247863251         692.5718100940243
325.641025641026          692.2977443181263
326.4957264957269         692.0387397980141
327.35042735042776        691.7797352779018
328.2051282051286         691.5207307577895
329.05982905982944        691.2712244731832
329.9145299145303         691.0217181885769
330.7692307692312         690.7722119039705
331.623931623932          690.5314766537547
332.4786324786328         690.2907414035387
333.3333333333336         690.0500061533229
334.18803418803446        689.8197010588492
335.0427350427353         689.5893959643753
335.89743589743614        689.3590908699015
336.75213675213706        689.1433988831998
337.6068376068379         688.927706896498
338.46153846153874        688.7120149097963
339.31623931623966        688.506966654641
340.1709401709405         688.3019183994857
341.0256410256414         688.0968701443304
341.8803418803422         687.9000087401463
342.73504273504295        687.7031473359621
343.5897435897438         687.5062859317778
344.44444444444474        687.3173662126513
345.29914529914555        687.1284464935247
346.1538461538464         686.9395267743982
347.0085470085473         686.7606812636418
347.8632478632481         686.5818357528852
348.7179487179489         686.4029902421288
349.57264957264977        686.2371428062269
350.42735042735063        686.0712953703248
351.2820512820515         685.9054479344229
352.1367521367523         685.7478688052174
352.9914529914532         685.5902896760118
353.84615384615404        685.4327105468063
354.7008547008549         685.2819609647962
355.5555555555557         685.131211382786
356.4102564102566         684.9804618007759
357.26495726495745        684.8371962799821
358.1196581196583         684.6939307591882
358.9743589743591         684.5506652383943
359.82905982906004        684.4198843118586
360.6837606837609         684.2891033853227
361.5384615384618         684.1583224587869
362.3931623931626         684.0365857859169
363.2478632478634         683.9148491130469
364.1025641025642         683.7931124401769
364.95726495726507        683.6776856303878
365.8119658119659         683.5622588205987
366.66666666666674        683.4468320108097
367.52136752136767        683.3379924341809
368.37606837606853        683.2291528575522
369.23076923076934        683.1203132809235
370.08547008547026        683.0235890352405
370.94017094017113        682.9268647895575
371.794871794872          682.8301405438746
372.64957264957286        682.7424332195029
373.50427350427367        682.6547258951312
374.35897435897454        682.5670185707595
375.2136752136754         682.485167758518
376.06837606837615        682.4033169462763
376.923076923077          682.3214661340347
377.7777777777779         682.2458250388696
378.63247863247875        682.1701839437044
379.48717948717956        682.0945428485393
380.3418803418805         682.032224383119
381.19658119658135        681.9699059176987
382.0512820512822         681.9075874522784
382.905982905983          681.8524728255139
383.76068376068383        681.7973581987493
384.61538461538464        681.7422435719847
385.4700854700855         681.6928247162613
386.32478632478626        681.6434058605378
387.1794871794872         681.5939870048143
388.0341880341881         681.5525084568429
388.88888888888897        681.5110299088715
389.74358974358984        681.4695513609001
390.59829059829076        681.441349836091
391.4529914529916         681.4131483112818
392.30769230769243        681.3849467864727
393.16239316239324        681.3630158957308
394.01709401709405        681.3410850049887
394.87179487179486        681.3191541142468
395.7264957264958         681.3037899188723
396.5811965811966         681.2884257234977
397.43589743589746        681.2730615281231
398.2905982905983         681.2671585985771
399.1452991452992         681.2612556690309
400                       681.2553527394848
