%z[mm]	ϕ=0.1	ϕ=0.3	ϕ=0.5	ϕ=0.7	ϕ=0.9
0.0	316.84246931796423	318.1864476907785	317.9173915517504	318.06614334566467	318.00946997505696
1.0	317.3972828368466	318.30799652528754	317.83524810415213	318.02128240700006	317.71152771613015
2.0	317.95209635572905	318.4295453597966	317.7531046565539	317.97642146833545	317.4135854572034
3.0	318.5069098746115	318.5510941943056	317.6709612089556	317.67850347491725	316.8220202104836
4.0	318.98381319449066	318.4074122569395	316.93577049532615	316.7703448732868	315.9242529220428
5.0	319.02669920554877	318.19805984759466	316.15656077914485	315.8621862716562	315.026485633602
6.0	319.06958521660687	317.9887074382497	315.3773510629635	315.0951185235094	313.9203851570562
7.0	319.112471227665	317.584123632573	314.41336615541604	314.43783880058953	312.80384384511285
8.0	319.0147272192261	316.9935707516829	313.42267109299394	313.78055907766964	312.4210520098082
9.0	318.59695333620283	316.40301787079295	312.43197603057183	313.91924836405065	313.0724240256502
10.0	318.17917945317964	315.81246498990294	312.4626622144187	314.248773837941	313.72379604149216
11.0	317.76140557015634	315.2010086599449	312.78107489805143	314.6250957785692	316.59682154922785
12.0	317.27772438484914	314.5881911590899	313.09948758168406	316.2090286753357	319.8693252702393
13.0	316.7166465363505	313.975373658235	314.16089452910035	317.79296157210223	323.3594048506909
14.0	316.1555686878518	313.7476787603738	315.5612514534426	319.7838776675729	327.4075271628712
15.0	315.5944908393532	314.18832052467457	316.96160837778484	322.8864092649093	331.45564947505136
16.0	315.22191855036374	314.62896228897534	318.84781647699475	325.9889408622456	336.3030944426641
17.0	314.9675803718377	315.0696040532761	321.11182751119713	329.2586949296658	341.47158707499955
18.0	314.7132421933116	316.0721371498016	323.3758385453995	332.7059010685371	346.6642919385476
19.0	314.45890401478556	317.32658579891677	325.83730620639074	336.15310720740837	351.9982014823801
20.0	314.21976966637624	318.58103444803197	328.551736037129	339.4248723059656	357.3321110262126
21.0	313.9851582142512	319.85732014177086	331.26616586786724	342.6222769462508	363.03114143368236
22.0	313.7505467621262	322.53744500919646	334.0906099265882	345.81968158653603	368.99533380404137
23.0	313.51593531000117	325.21756987662206	337.1662756584451	349.3554359449642	374.95731849834596
24.0	313.52343562562703	327.89769474404767	340.2419413903021	352.9208187554751	380.7408909194879
25.0	313.5487671574225	330.18976760493786	343.39796448595234	356.52869222733057	386.5244633406299
26.0	313.5740986892179	331.7291869111029	346.94434203875693	360.4050328823636	392.0633970941267
27.0	313.60391649082646	333.268606217268	350.4907195915616	364.2813735373967	397.29740331403525
28.0	313.6793482271417	334.80802552343306	354.03767937307225	368.4171421182122	402.5314095339438
29.0	313.75477996345694	336.7524152389629	357.59966613727283	373.0267323565814	408.06079400544934
30.0	313.83021169977224	338.9007623066098	361.16165290147336	377.6363225949505	413.63119334799705
31.0	313.9440460467752	341.04910937425666	364.72363966567394	382.45008670589493	418.82616772412916
32.0	314.17452175020463	343.1974564419036	369.6979244652966	387.4172700192017	423.1894147466017
33.0	314.40499745363405	344.92984499527086	374.82004127157603	392.3844533325084	427.5526617690741
34.0	314.63547315706353	346.6579996509391	379.9421580778554	397.95121473169957	432.88631918728055
35.0	314.96092654839066	348.38615430660735	385.019996392414	403.67915998541093	438.5540102987497
36.0	315.4270125321609	350.6598010554304	390.08484571093663	409.3978755565954	444.2584533953882
37.0	315.8930985159311	354.1208160096371	395.1496950294592	413.38098378575904	450.13395624285465
38.0	316.3591844997013	357.5818309638438	399.40781399890767	417.3640920149227	456.00945909032106
39.0	316.7747053320894	361.04284591805043	403.21437023643733	421.6213893105807	461.38400785157575
40.0	317.1498578918739	364.20548486656406	407.02092647396694	426.83707924454984	466.4379757979573
41.0	317.5250104516584	367.20004086357585	410.6196267855367	432.052769178519	471.5524436257174
42.0	317.9001630114428	370.1945968605877	414.01788118324384	437.3232309883339	478.02313380961857
43.0	318.1999451150724	373.1891528575995	417.416135580951	442.6635122277121	484.49382399351975
44.0	318.4692190208232	376.36597840613	420.8284133121489	448.00379346709036	490.6441803019529
45.0	318.7384929265739	379.54950664096447	424.2638631397327	453.2766752063042	496.44137668924606
46.0	319.00776683232465	382.7330348757989	427.6993129673166	458.51433433376525	502.2385730765393
47.0	319.34736575993	385.9399701498648	431.4594671932602	463.75199346122616	508.933245717017
48.0	319.6976923244875	389.2043797041621	436.2204514929551	469.11455762438726	515.7182472738343
49.0	320.048018889045	392.46878925845925	440.98143579264996	474.49513932483586	522.0474989064116
50.0	320.4152966679913	395.7331988127565	445.57105755014607	479.9230660196149	527.4978762982942
51.0	321.3524259432505	398.7666161670572	448.81427748468695	485.82337241674037	532.9482536901766
52.0	322.2895552185098	401.6549815513672	452.05749741922773	491.7236788138659	538.658482234352
53.0	323.2266844937691	404.5433469356772	455.3007173537686	497.1904287967556	544.4444078576265
54.0	324.1035923308145	407.43171231998724	459.96994962782026	501.6842608771866	550.2715380980451
55.0	324.7241011588922	410.95341026662345	464.66702610413097	506.1780929576176	556.2561995019669
56.0	325.34460998697006	414.5161522749532	469.36410258044174	510.1886504614408	562.2408609058884
57.0	325.9651188150478	418.078894283283	473.83344433771254	513.7626934936127	568.3283208791394
58.0	326.83932660743733	421.6959770944275	478.2622161503291	517.3367365257848	574.4735399290856
59.0	328.1814317127031	425.46455021184875	482.69098796294577	521.5808581650953	580.4831660108315
60.0	329.52353681796893	429.23312332927003	486.47900979082596	526.0572664444388	584.7756545277275
61.0	330.86564192323476	433.00169644669126	490.0137970578237	530.5336747237824	589.0681430446236
62.0	331.96344634687694	436.5763395706944	493.5485843248213	534.5911071905144	592.8764867646564
63.0	332.82980266688793	440.0155902468011	497.04682533714305	538.6309648099378	596.2123779566871
64.0	333.6961589868989	443.45484092290775	500.5191060147521	542.6760238421901	599.5482691487176
65.0	334.5625153069099	446.8940915990144	503.9913866923611	546.7452841080566	604.198221816436
66.0	335.4091510304562	449.2633624449724	507.64189255323146	550.814544373923	608.9334839238735
67.0	336.246313117144	451.5316297824778	511.507934966235	554.6872835282036	612.9040482686052
68.0	337.08347520383177	453.7998971199831	515.3739773792385	558.2578405035388	615.5834678565983
69.0	337.92063729051955	456.2319101029777	518.9780477765025	561.828397478874	618.2628874445916
70.0	339.0519123303715	459.18641487915016	522.0268714615949	565.1498347462262	622.1103679892751
71.0	340.2406425272779	462.1409196553227	525.0756951466873	568.3128175898952	626.2409948867178
72.0	341.42937272418425	465.0954244314952	528.1862511302676	571.4758004335641	629.8126409234865
73.0	342.61810292109055	467.62051688885055	531.5625517852337	574.3464895526548	631.5927818379132
74.0	343.5497363900633	469.81295329025323	534.9388524401996	577.1566254970483	633.3729227523401
75.0	344.48076501169544	472.005389691656	538.3539116851022	580.051405382206	635.8337048978062
76.0	345.4117936333276	474.19782609305867	542.4167848651309	584.7198812445323	638.6286060683029
77.0	346.31248580381606	477.36277806632563	546.4796580451599	589.3883571068587	641.3943245686503
78.0	347.0493688052894	480.6499561496014	550.5425312251887	593.7152772425464	643.9077213284542
79.0	347.78625180676283	483.9371342328772	554.1440322515167	597.0836258813897	646.4211180882581
80.0	348.52313480823625	487.12583949266894	557.707798687826	600.4519745202329	649.3028566838788
81.0	349.4261620455037	489.95118221038575	561.2715651241352	603.4799337242082	652.502699251307
82.0	350.6907225509834	492.77652492810256	565.0287093620784	606.1389467501186	655.7025418187353
83.0	351.9552830564631	495.60186764581937	568.83653515797	608.7979597760291	658.7207775248744
84.0	353.21984356194275	498.52927109773964	572.6443609538618	611.81703714802	661.7333035698342
85.0	354.5033412656833	501.5442861941453	575.8292919381599	614.992617986126	664.5611409351303
86.0	355.80804389020426	504.559301290551	578.6937417672953	618.168198824232	667.1147498998381
87.0	357.1127465147252	507.5743163869567	581.5581915964306	621.1308487716487	669.6683588645459
88.0	358.4174491392462	510.0257921469868	584.2980040673992	624.0735129346557	671.8655619015254
89.0	359.53694165919137	512.3877755088928	586.9264993539979	627.0359488041673	673.9925267076238
90.0	360.54449071786763	514.7497588707988	589.5549946405966	630.1291344304469	676.4135251189181
91.0	361.5520397765439	517.0726672470282	592.0094952226779	633.2223200567264	679.6364183043694
92.0	362.55958883522015	519.2266141167996	594.1987980497856	635.9964254624205	682.8593114898208
93.0	363.74162215449894	521.380560986571	596.3881008768934	638.1740715566295	685.4162177568568
94.0	364.97436806610665	523.5345078563424	598.3824051425447	640.3517176508387	687.6893594294403
95.0	366.20711397771436	525.2631725675287	599.8333932774833	642.616314928426	689.9634321874186
96.0	367.4398598893221	526.5876186874567	601.2843814124218	644.9476726409287	692.2435145830333
97.0	368.5522367754527	527.9120648073846	602.7512551262839	647.2790303534314	694.5235969786481
98.0	369.654785182133	529.2365109273126	604.3225370339072	649.3985722117454	696.45194399576
99.0	370.7573335888134	530.8567267323326	605.8938189415305	651.4593558471465	698.111762860977
100.0	371.852255076134	532.5343030626203	607.4651008491538	653.5201394825475	699.7715817261941
101.0	372.8593639395299	534.2118793929078	609.5420374358674	655.5573502946536	701.6065305656796
102.0	373.8664728029259	536.0138837299486	611.6189740225813	657.5945611067596	703.4414794051651
103.0	374.87358166632185	538.457479687751	613.6959106092951	659.5893460404152	705.3527874755565
104.0	375.8297675701169	540.9010756455533	615.3700610015243	661.4311911260259	707.3641157590816
105.0	376.6212043214431	543.3446716033557	616.9829279671247	663.2730362116367	709.3754440426067
106.0	377.41264107276925	545.844824797588	618.5957949327252	665.2278445663302	710.955672028745
107.0	378.2040778240954	548.4044823889776	620.5885185549265	667.3297803317057	712.4691087680766
108.0	378.9643316505828	550.9641399803672	622.7175744106281	669.4317160970811	713.9996234823114
109.0	379.67628340892463	553.5237975717567	624.84663026633	671.4357417299736	715.5702196869815
110.0	380.38823516726643	555.6858493488992	626.9922750365882	673.3873896296855	717.1408158916516
111.0	381.1001869256083	557.7559485752962	629.1488036971978	675.3390375293973	718.6585552955958
112.0	381.94497276363325	559.8260478016931	631.3053323578074	677.3601866684429	720.1569135086687
113.0	382.89926996136523	561.8680683698464	633.41979574267	679.3918456404687	721.6413288782077
114.0	383.8535671590972	563.7332758369471	635.4871603361885	681.3533077685397	723.0549948563889
115.0	384.8078643568292	565.5984833040477	637.5545249297071	682.5668844896412	724.4686608345701
116.0	386.12958026780694	567.4636907711483	639.454822468686	683.7804612107425	725.6931538574373
117.0	387.60583435719604	569.4267613690189	641.0304044985479	685.1394911374375	726.7902417564371
118.0	389.08208844658515	571.5038348832425	642.6059865284097	686.83316230025	727.8868358840164
119.0	390.5583425359743	573.5809083974661	644.320011551885	688.5268334630625	728.9677246527172
120.0	391.7569953076129	575.6579819116897	646.5622721474369	690.1024180937893	730.048613421418
121.0	392.91007179033284	577.4838131452369	648.804532742989	691.5690561889181	731.2308579606895
122.0	394.0631482730527	579.2415566319969	651.01620256714	693.035694284047	732.5304652929822
123.0	395.2127473635507	580.9993001187568	652.8538460648432	694.5829618371555	733.8300726252749
124.0	396.0920004437815	582.739138760263	654.6914895625463	696.1589590710438	734.8218557958536
125.0	396.97125352401235	584.3365140539656	656.5291330602495	697.7349563049319	735.7780370759415
126.0	397.85050660424326	585.9338893476682	658.3047584681098	698.9274695037057	736.7722861390257
127.0	398.6706893378205	587.5312646413709	660.0766733449324	700.1016821592239	737.8440839219979
128.0	399.1940581606614	589.1626098242859	661.848588221755	701.3503309952487	738.9158817049704
129.0	399.7174269835024	590.8378053704685	663.4541047563115	702.9582876388755	739.923335740418
130.0	400.24079580634333	592.5130009166511	665.0209670741	704.5662442825023	740.910713403813
131.0	401.0146449937179	594.1881964628337	666.5878293918884	705.9683533465128	741.8590211343567
132.0	402.32168567113496	595.6537823119774	667.8490188541784	707.04683188175	742.6461540424123
133.0	403.628726348552	597.0536777989171	668.9659882205068	708.1253104169871	743.4332869504678
134.0	404.935767025969	598.4535732858568	670.082957586835	709.1354939938996	744.2319736251446
135.0	406.1586473263387	599.8612323811562	671.1304288176228	710.1012626381627	745.0375031727374
136.0	407.2886121298259	601.3511351973078	672.1204326823397	711.0670312824258	745.8469070195065
137.0	408.4185769333131	602.8410380134595	673.1104365470567	712.196375900566	746.7159885210555
138.0	409.5485417368003	604.3309408296111	674.331811738711	713.3608768327441	747.5850700226043
139.0	410.7022119714705	605.7050060804502	675.8789052052869	714.5278286693864	748.3702175197449
140.0	411.86974878920216	606.9131508635844	677.4259986718627	715.7532088764995	749.0693538113024
141.0	413.03728560693384	608.1212956467187	678.8721039153268	716.9785890836124	749.76849010286
142.0	414.20482242466556	609.3294404298531	680.0626824163437	718.1131316449296	750.4565363279376
143.0	415.35518223750154	611.0099458232247	681.2532609173608	718.9856343267171	751.1437068310798
144.0	416.50092764768846	612.8598908025953	682.4668026028987	719.8581370085045	751.7906341402422
145.0	417.6466730578754	614.7098357819659	683.8092454841311	720.7680196458699	752.3659373341478
146.0	418.7924184680624	616.5548877145615	685.1516883653635	721.7192864374356	752.9412405280534
147.0	420.00500995505035	618.324437230392	686.4948847981314	722.6705532290014	753.4165150103776
148.0	421.2219546990258	620.0939867462226	687.8766736020482	723.5106106098749	753.8656254964962
149.0	422.43889944300116	621.8635362620532	689.2584624059649	724.3011103115165	754.3468575235112
150.0	423.6476855559522	623.4295055961079	690.6402512098816	725.0916100131581	754.9383556204286
151.0	424.76871955804165	624.6712777884948	691.6893685830819	725.823125024442	755.529853717346
152.0	425.8897535601311	625.9130499808817	692.696145385204	726.5487282029003	756.0928060668347
153.0	427.0107875622205	627.1548221732687	693.7029221873261	727.2603688150384	756.6409557043703
154.0	428.0994534168827	628.288274932289	694.7709829746224	727.8752151307721	757.1846268347819
155.0	429.08081545779856	629.377613398514	695.8589264373668	728.4900614465057	757.6838010980065
156.0	430.06217749871445	630.4669518647388	696.9468699001111	729.1369127212731	758.182975361231
157.0	431.04353953963033	631.5573479753892	698.0935690119711	729.8450064233992	758.6534013019601
158.0	431.9619575289786	632.6765051478532	699.2758259796373	730.5531001255252	759.0977510630129
159.0	432.7769871765915	633.7956623203172	700.4580829473034	731.3536188391045	759.5421008240658
160.0	433.59201682420434	634.9148194927811	701.5186433452728	732.226643032663	759.9653640104032
161.0	434.4070464718171	636.287787499824	702.4530083387409	733.0996672262215	760.3876865432679
162.0	435.2934827676007	638.1113131770336	703.387373332209	733.8340696302205	760.7969225372033
163.0	436.2437844525371	639.9348388542431	704.218757749724	734.5288133624438	761.1857089132982
164.0	437.1940861374735	641.7583645314527	704.8661642830729	735.223557094667	761.5744952893931
165.0	438.14438782240984	642.9111624367757	705.5135708164216	735.7401187953429	761.9460641568414
166.0	439.06081811396007	643.7558194515433	706.2131414190377	736.2557329524453	762.3139338629187
167.0	439.96123057683434	644.6004764663109	707.0905353347703	736.7792653703494	762.6821875338031
168.0	440.8616430397085	645.4480362902136	707.9679292505028	737.3322524483939	763.0515566713245
169.0	441.76205550258265	646.5807820730075	708.8468141037637	737.8852395264385	763.420925808846
170.0	442.5310773169333	647.7135278558014	709.7399424770136	738.5165892680011	763.7380959152191
171.0	443.27291686826885	648.8462736385952	710.6330708502636	739.252225879978	764.0317044308501
172.0	444.0147564196045	650.0360710415829	711.5261992235137	739.9878624919551	764.3298434104762
173.0	444.7565959709401	651.3391480971302	712.3582458923111	740.578954649989	764.6606095933516
174.0	445.3698766142226	652.6422251526775	713.1879259168869	741.090905495523	764.9913757762271
175.0	445.9802964838088	653.9453022082247	714.0176059414626	741.6028563410568	765.2685680242936
176.0	446.59071635339495	654.8233784414637	714.7048560866164	742.1075489924817	765.5027787289167
177.0	447.2045098279388	655.4823333793327	715.363066712044	742.6110928797849	765.7369894335396
178.0	447.84183714192324	656.1412883172017	716.0212773374717	743.1098419808164	766.0480961945801
179.0	448.4791644559077	656.8002432550707	716.664212215024	743.5538357885557	766.3601544685373
180.0	449.11649176989215	657.8346934401408	717.3005561915963	743.9978295962949	766.6352952083339
181.0	449.8958283976499	658.874984541053	717.9369001681686	744.451273278943	766.8596015003491
182.0	451.0542439941954	659.9152756419652	718.5879357074185	744.9270123578725	767.0839077923644
183.0	452.21265959074094	660.9388684709617	719.2502122224624	745.4027514368021	767.3065932235851
184.0	453.37107518728646	661.9252162225661	719.9124887375064	745.8987490238075	767.5290007273587
185.0	454.31924768298614	662.9115639741703	720.6204442195052	746.4138372741845	767.7467514645318
186.0	454.9724378583794	663.8979117257746	721.387857098495	746.9289255245616	767.9529081007238
187.0	455.6256280337726	664.8025182200414	722.155269977485	747.3824433800561	768.1590647369156
188.0	456.2788182091659	665.6600220973486	722.9470878323442	747.8134191639324	768.3399803363925
189.0	457.0389341995854	666.5175259746558	723.7952004620845	748.2443949478087	768.5110712077164
190.0	457.8829225701067	667.3750298519631	724.6433130918248	748.574482305164	768.6753397564627
191.0	458.726910940628	668.3371070380068	725.4396107191669	748.8991660004193	768.8018650206703
192.0	459.5708993111492	669.3035515640169	725.9835741135444	749.2380200736936	768.928390284878
193.0	460.2911086703395	670.2699960900269	726.5275375079218	749.6478991033005	769.0724386184334
194.0	460.95979966628556	671.0679847424823	727.0713899519742	750.0577781329073	769.2281283570672
195.0	461.6284906622316	671.6487784966484	727.6133684523452	750.426637378829	769.3838125642748
196.0	462.2971816581777	672.2295722508147	728.1553469527161	750.7424318162739	769.539388457792
197.0	462.85307396721504	672.7952760274115	728.6925737123523	751.0582262537189	769.6949643513093
198.0	463.38953577622146	673.2703238702838	729.0645355553082	751.2767479505794	769.8234340676562
199.0	463.9259975852279	673.745371713156	729.4364973982641	751.4546936804178	769.9259111528511
200.0	464.4624593942343	674.2204195560283	729.80845924122	751.6326394102562	770.0283882380461
