%z[mm]	ϕ=0.1	ϕ=0.3	ϕ=0.5	ϕ=0.7	ϕ=0.9
0.0	745.4217483889955	1090.465049716921	1272.2462311857416	1326.910899213026	1265.688996249314
1.0	746.558235593884	1090.3197364380583	1270.9549859861547	1325.0301931380895	1268.1817072516121
2.0	747.6947227987724	1090.1744231591954	1269.663740786568	1323.149487063153	1270.6744182539103
3.0	748.8312100036609	1090.0291098803327	1268.3724955869811	1321.4409327986518	1274.3777811479004
4.0	749.9676972085493	1089.6138781921088	1266.813241726193	1320.4091132372412	1279.6478700193736
5.0	751.1041844134378	1088.557590281653	1265.2157009138048	1319.3772936758303	1284.9179588908469
6.0	751.3322579163589	1087.5013023711967	1263.6181601014166	1318.5654256025682	1290.8284429152986
7.0	751.1061245682964	1086.4450144607408	1262.039357128886	1318.0759002274551	1296.8331026975409
8.0	750.8799912202338	1085.336588121591	1260.4668001029745	1317.5863748523418	1302.863706548024
9.0	750.6538578721712	1084.192316612714	1258.894243077063	1317.1609286556436	1308.9526845520495
10.0	750.4277245241087	1083.048045103837	1257.2768676966443	1316.7767288266607	1315.0416625560752
11.0	750.234367194729	1081.9037735949603	1255.6326013035216	1316.3925289976776	1320.0716635513495
12.0	750.1065619027148	1080.5366762993035	1253.9883349103989	1316.012265569594	1324.736500060847
13.0	749.9787566107007	1079.1417257802993	1252.2394953747541	1315.632918372754	1329.1819670672303
14.0	749.8509513186865	1077.746775261295	1250.386082696588	1315.245423708055	1332.6246020593758
15.0	749.7231460266723	1076.3303483879397	1248.5326700184214	1314.2835325592746	1336.067237051521
16.0	749.5953407346582	1074.8194255554392	1246.5740465471158	1313.3216414104945	1338.9668982881324
17.0	749.2310426488062	1073.3085027229388	1244.4400717539115	1312.2462602003725	1341.5272009275348
18.0	748.8667445629544	1071.7975798904383	1242.3060969607075	1310.760850381531	1344.0308091485604
19.0	748.5024464771026	1070.2057410139766	1240.0972106068075	1309.27544056269	1345.4855706296155
20.0	748.1381483912508	1068.5267617824795	1237.663589570821	1307.581214145045	1346.9403321106704
21.0	747.7738503053989	1066.8477825509822	1235.229968534834	1305.5981247657212	1347.521695277413
22.0	747.3714829202976	1065.168803319485	1232.759475367574	1303.6150353863973	1347.1836917975108
23.0	746.9500808855714	1063.3558027887284	1230.0308772814024	1301.3114700665628	1346.8456883176086
24.0	746.5286788508452	1061.5045104581834	1227.3022791952305	1298.8134586704632	1345.917011807898
25.0	746.1072768161191	1059.6532181276382	1224.573681109059	1296.3154472743638	1344.9391125457032
26.0	745.685874781393	1057.792799090181	1221.607179836418	1293.4484781265533	1343.7689370224005
27.0	745.25160634514	1055.8182962163246	1218.640678563777	1290.5033399635495	1342.2554110328333
28.0	744.7916051058334	1053.8437933424682	1215.6741772911362	1287.5505625183127	1340.7418850432662
29.0	744.3316038665268	1051.8692904686118	1212.530545920646	1284.3323200154696	1338.7165815418932
30.0	743.8716026272203	1049.8556792633058	1209.361610250463	1281.1140775126264	1336.5592064245704
31.0	743.4116013879138	1047.7755838945352	1206.19267458028	1277.8285440154657	1334.2195291062392
32.0	742.9516001486073	1045.6954885257646	1202.8950348951262	1274.318707203912	1331.2721777845466
33.0	742.4469943132206	1043.6153931569938	1199.5544938716484	1270.8088703923581	1328.3248264628537
34.0	741.9423884778338	1041.4823518393819	1196.213952848171	1267.199207625425	1325.1766381098814
35.0	741.437782642447	1039.322837547349	1192.795363175683	1263.4591270780768	1321.9280312412695
36.0	740.9331768070601	1037.1633232553163	1189.329944313789	1259.7190465307285	1318.655747470422
37.0	740.4285709716734	1035.0038089632835	1185.8645254518947	1255.8911144602673	1315.1762908050134
38.0	739.9245690140044	1032.7811612819771	1182.3660573953284	1252.0129815194555	1311.6968341396048
39.0	739.4208689951944	1030.5560853933907	1178.8345401440902	1248.1348485786439	1308.1187661383235
40.0	738.9171689763843	1028.3310095048043	1175.3030228928517	1244.153310767092	1304.4561741348655
41.0	738.4134689575743	1026.0980105213484	1171.7542078736624	1240.1519536886485	1300.7935821314077
42.0	737.9097689387643	1023.842374123979	1168.1765632412219	1236.1464467178778	1296.8587163264804
43.0	737.400754316226	1021.5867377266094	1164.598918608781	1232.0461838723081	1292.916685421514
44.0	736.8811104862311	1019.3311013292398	1161.0134721885158	1227.9459210267382	1288.9054883665885
45.0	736.3614666562364	1017.0481460048649	1157.4046204047759	1223.8293037571882	1284.7948649710963
46.0	735.8418228262417	1014.7433355388856	1153.795768621036	1219.6622214079273	1280.6842415756041
47.0	735.3221789962469	1012.4385250729064	1150.186556724224	1215.4951390586666	1276.456433355749
48.0	734.802535166252	1010.1337146069271	1146.5748240359064	1211.2964799259787	1272.2073188041911
49.0	734.2843059664339	1007.8318554364633	1142.9630913475887	1207.0588432012482	1267.9447781324545
50.0	733.7660767666155	1005.5305095347848	1139.3513586592715	1202.8212064765178	1263.6480618820806
51.0	733.2478475667972	1003.2291636331062	1135.7600472999095	1198.6073593730987	1259.3513456317064
52.0	732.7296183669789	1000.9289678983424	1132.1687359405475	1194.4063023886642	1255.019706878439
53.0	732.2113891671606	998.6353856233396	1128.5774245811854	1190.2052454042298	1250.674348570463
54.0	731.6936150861468	996.3418033483368	1125.0098881177346	1186.0158713640983	1246.3181304673278
55.0	731.1760685645352	994.0482210733339	1121.4457480679855	1181.828508322576	1241.9021834908153
56.0	730.6585220429236	991.7493194980501	1117.8816080182362	1177.6399491404318	1237.4862365143028
57.0	730.140975521312	989.4437687974148	1114.3421283497223	1173.43120508529	1233.0463787274955
58.0	729.6234289997004	987.1382180967794	1110.810868808287	1169.2224610301485	1228.5898873335263
59.0	729.1084980851906	984.8326673961441	1107.2796092668518	1165.03354651817	1224.134069162491
60.0	728.5987983848846	982.5571912350828	1103.7783638427966	1160.9014409676865	1219.7038334629303
61.0	728.0890986845786	980.2922411628724	1100.2951268891698	1156.769335417203	1215.2735977633697
62.0	727.5793989842725	978.027291090662	1096.8118899355427	1152.6518169093274	1210.8561543770736
63.0	727.0696992839665	975.7631731561701	1093.3569759926359	1148.5513166178275	1206.453635356253
64.0	726.5599995836606	973.5206908023595	1089.9303850604492	1144.4508163263276	1202.0511163354324
65.0	726.0548534371466	971.2782084485488	1086.5037941282626	1140.3824679229954	1197.6997114768844
66.0	725.5497072906326	969.0357260947382	1083.0876739875623	1136.3303646842112	1193.3541482368819
67.0	725.0445611441186	966.7971700124372	1079.6890051660055	1132.278261445427	1189.0014307696172
68.0	724.5394149976046	964.5664664731553	1076.2903363444486	1128.2655407136049	1184.6344048478275
69.0	724.0342688510906	962.3357629338733	1072.904432275856	1124.258854398172	1180.267378926038
70.0	723.5354869800176	960.1050593945914	1069.5568224661558	1120.254629221563	1175.8990321658584
71.0	723.0398872466651	957.9013220655266	1066.2092126564557	1116.283137191313	1171.530289154162
72.0	722.5442875133126	955.7134472130602	1062.868432654665	1112.3116451610626	1167.1629603340593
73.0	722.0486877799602	953.5255723605937	1059.575461308239	1108.3534230332157	1162.8011115063823
74.0	721.5530880466077	951.3376975081271	1056.2824899618129	1104.4305873117773	1158.4392626787055
75.0	721.061078315639	949.1755484801986	1052.9895186153867	1100.507751590339	1154.073419218854
76.0	720.5762485894372	947.015457518233	1049.74866471099	1096.6090362498037	1149.7053387649846
77.0	720.0914188632355	944.8553665562674	1046.5078108065932	1092.7369242705588	1145.3405980259306
78.0	719.6065891370338	942.7019951842256	1043.2669569021964	1088.8648122913137	1141.01593386466
79.0	719.121759410832	940.572142376917	1040.0852872320063	1085.031271622364	1136.6912697033888
80.0	718.6369296846303	938.4422895696083	1036.9120724524173	1081.2160225026269	1132.376971602205
81.0	718.1541949305849	936.3124367622996	1033.7388576728283	1077.4007733828894	1128.0725212581037
82.0	717.6714601765394	934.1986791683066	1030.6074094056935	1073.6218835104037	1123.7680709140025
83.0	717.188725422494	932.0998671295356	1027.489883309377	1069.8478992506418	1119.4794361715694
84.0	716.7059906684485	930.0010550907643	1024.3723572130605	1066.078954221542	1115.1916563265238
85.0	716.2232559144031	927.9022430519932	1021.2938206510752	1062.3650207938354	1110.9218199652612
86.0	715.7514561417031	925.8350128459261	1018.2386778096887	1058.6510873661284	1106.6806931780513
87.0	715.2851238596759	923.7749603291101	1015.1835349683022	1054.9601581957613	1102.4395663908413
88.0	714.8187915776485	921.7149078122939	1012.1608311862565	1051.32645912902	1098.26951834153
89.0	714.3524592956213	919.6588654408823	1009.1705664635516	1047.6927600622785	1094.1150187661337
90.0	713.886127013594	917.6349042327073	1006.1803017408465	1044.0891583526288	1089.9755519927921
91.0	713.4231519886159	915.6109430245323	1003.2144454337938	1040.5169438868033	1085.8796803454081
92.0	712.9668914777362	913.5869818163571	1000.2892698194948	1036.944729420978	1081.783808698024
93.0	712.5106309668568	911.5798061181154	997.364094205196	1033.4110346281454	1077.716018796781
94.0	712.0543704559772	909.5970457070493	994.4552932486724	1029.8944596899762	1073.6607096716004
95.0	711.5981099450976	907.6142852959832	991.5956162654752	1026.377884751807	1069.6103567162445
96.0	711.141849434218	905.631524884917	988.7359392822777	1022.927395221112	1065.5937057156932
97.0	710.6931226571786	903.6715814205199	985.8834968883526	1019.484650074105	1061.5770547151415
98.0	710.2443958801391	901.7212450915625	983.0816966193341	1016.0490480552616	1057.5722418490009
99.0	709.7956691030996	899.770908762605	980.2798963503155	1012.679264860209	1053.5765766321772
100.0	709.3469423260601	897.8205724336474	977.4780960812969	1009.3094816651561	1049.5809114153535
101.0	708.8982155490207	895.9100187839308	974.7367672810515	1005.9603812105556	1045.6507135279905
102.0	708.4574333584028	893.9994651342141	971.9954384808059	1002.6593801523554	1041.7205156406276
103.0	708.0206234609957	892.0889114844974	969.2541096805602	999.3583790941552	1037.8161721574386
104.0	707.5838135635886	890.18938534688	966.5678228915169	996.093484133342	1033.9452873149453
105.0	707.1470036661815	888.3160495504982	963.8893992469308	992.8641937963412	1030.0744024724522
106.0	706.7101937687744	886.4427137541162	961.2109756023448	989.6349034593401	1026.2634971401924
107.0	706.2769004457336	884.5693779577342	958.5823641690256	986.4627676552561	1022.4614123241433
108.0	705.8506402714254	882.7163632134618	955.9703568061283	983.3143990826821	1018.6939949074838
109.0	705.4243800971171	880.8773191925146	953.3583494432312	980.166030510108	1015.0045791394505
110.0	704.9981199228089	879.0382751715673	950.7813376468722	977.0763653970853	1011.315163371417
111.0	704.5718597485006	877.19923115062	948.2253231904361	973.9925706300176	1007.671812960127
112.0	704.1455995741924	875.3972420915741	945.669308734	970.9168599920274	1004.0443471546101
113.0	703.736111183307	873.5998849027656	943.1438254066964	967.905317128591	1000.4284376637568
114.0	703.3266227924217	871.8025277139571	940.6488732085253	964.8937742651543	996.865357039936
115.0	702.9171344015364	870.0129427403788	938.1539210103542	961.901128845516	993.3022764161152
116.0	702.5076460106511	868.2575555138122	935.6787361129816	958.949637859038	989.7808896340367
117.0	702.0981576197659	866.5021682872457	933.2364967169397	955.9981468725599	986.2855615030471
118.0	701.6902206156072	864.7467810606792	930.7942573208976	953.0855517442084	982.7959661904257
119.0	701.2830593048122	863.0062178805155	928.3668820736879	950.2092243754615	979.4124280176163
120.0	700.8758979940171	861.2816190580162	925.9840992729747	947.3328970067145	976.0288898448067
121.0	700.468736683222	859.5570202355168	923.6013164722615	944.5092383394287	972.689176513073
122.0	700.0615753724269	857.8324214130175	921.2259516414778	941.706033536788	969.3955945929977
123.0	699.6575684183796	856.1452131759494	918.9025126002005	938.9028287341472	966.1020126729225
124.0	699.2598701778279	854.4686879632901	916.579073558923	936.157574932293	962.8723222180716
125.0	698.8621719372762	852.7921627506307	914.2556345176455	933.417150380504	959.6479560519892
126.0	698.4644736967244	851.1178352254651	911.9901381925656	930.6850614368731	956.4528035583277
127.0	698.0667754561726	849.4709787939709	909.7246418674856	928.0108586610052	953.3098183368461
128.0	697.669077215621	847.8241223624765	907.4591455424056	925.3366558851371	950.1668331153645
129.0	697.2857515290991	846.1772659309821	905.2422325701164	922.6838791389239	947.1056736577976
130.0	696.902425842577	844.5437031902375	903.0322600767969	920.0748661979628	944.0656305264022
131.0	696.5191001560551	842.9327397237671	900.8222875834775	917.4658532570018	941.0394103799173
132.0	696.1357744695331	841.3217762572966	898.6510589028426	914.8873424447369	938.0592668498008
133.0	695.7524487830111	839.7108127908261	896.4927448264359	912.3357216669805	935.0791233196843
134.0	695.3774786738933	838.1244104124925	894.334430750029	909.784100889224	932.1270038186602
135.0	695.0066863534777	836.5502885782271	892.2079632789965	907.273276269672	929.1888963321821
136.0	694.6358940330618	834.9761667439617	890.1006037711887	904.7772159740415	926.2569227910798
137.0	694.2651017126461	833.4020449096964	887.9932442633808	902.2811556784109	923.3786212720157
138.0	693.8943093922304	831.8553689815586	885.9100978436883	899.8336383006449	920.5003197529513
139.0	693.525770947477	830.309748665195	883.8511645121112	897.3893812681083	917.6755465477178
140.0	693.1617402540478	828.7641283488313	881.7922311805338	894.9542294706171	914.8966547543389
141.0	692.7977095606185	827.2312668730842	879.7538249913924	892.5750748686539	912.1177629609601
142.0	692.4336788671893	825.7348592276703	877.7496307063105	890.1959202666905	909.4270463373805
143.0	692.0696481737602	824.2384515822562	875.7454364212288	887.837223498624	906.738650113006
144.0	691.705617480331	822.742043936842	873.7533932035178	885.5177723710943	904.0761859802748
145.0	691.3537083846403	821.2589990931052	871.7978031879193	883.1983212435646	901.4509992292806
146.0	691.0017992889498	819.78664449071	869.8422131723207	880.9105643652564	898.8258124782863
147.0	690.6498901932591	818.3142898883148	867.8938955896366	878.6492193612993	896.2479646251098
148.0	690.2979810975685	816.8419352859196	865.9964850373541	876.3878743573421	893.6787238442639
149.0	689.946072001878	815.4016000013323	864.0990744850714	874.1688506436509	891.1340023835447
150.0	689.5975875121757	813.9668332937553	862.2016639327888	871.9640658687404	888.6516937376936
151.0	689.2508153254674	812.532066586178	860.3393016525345	869.7592810938299	886.1693850918422
152.0	688.9040431387591	811.1009306378961	858.4769393722798	867.6096462465304	883.7344147799325
153.0	688.5572709520509	809.6906715555629	856.6145770920252	865.4628499984459	881.3180416706426
154.0	688.2104987653427	808.2804124732293	854.7948070539983	863.3239433091782	878.9109372293779
155.0	687.8666782836335	806.8701533908959	852.9811216220036	861.2284291934013	876.5548104622508
156.0	687.5287612119226	805.4788607367879	851.167436190009	859.1329150776244	874.1986836951235
157.0	687.1908441402119	804.1112761179614	849.3914317488858	857.0580825434836	871.8750319682913
158.0	686.852927068501	802.743691499135	847.6279876380529	855.0205579605291	869.573971573838
159.0	686.5150099967902	801.3761068803086	845.8645435272199	852.9830333775745	867.2743374086916
160.0	686.1770929250794	800.0294351616717	844.1288589499038	850.9737574213264	865.0288999572123
161.0	685.8543610751001	798.6900829581011	842.4098300926976	848.9867272586092	862.7834625057328
162.0	685.5316292251207	797.3507307545306	840.6908012354912	846.999697095892	860.5734129926902
163.0	685.2088973751413	796.0127474952635	838.9934986536384	845.0552864758045	858.4046494078241
164.0	684.8861655251619	794.7103567878862	837.3179223471393	843.1241700249777	856.2358858229578
165.0	684.5634336751825	793.4079660805088	835.6423460406401	841.193053574151	854.1324506591901
166.0	684.2471901489761	792.1055753731313	833.9826576571904	839.3119731755214	852.0364816006904
167.0	683.9341907846562	790.8109535394481	832.3494491454904	837.4327056773336	849.9568653527555
168.0	683.6211914203363	789.5318694531531	830.7162406337902	835.5619875608224	847.9099547259493
169.0	683.3081920560165	788.252785366858	829.0939067004148	833.7336601284577	845.863044099143
170.0	682.9951926916966	786.973701280563	827.5041965020137	831.9053326960928	843.8509206319853
171.0	682.6858645083926	785.7178638076476	825.9144863036124	830.096473658461	841.8492333127218
172.0	682.3838786871202	784.4757008131909	824.3299015201505	828.3206741590552	839.8586719257177
173.0	682.0818928658477	783.233537818734	822.7811946412639	826.5448746596494	837.911223526218
174.0	681.7799070445753	781.9913748242772	821.2324877623772	824.7975371641479	835.9637751267181
175.0	681.4779212233029	780.7800753975041	819.6837808834905	823.0713726227701	834.065369863785
176.0	681.1759354020305	779.5712450561455	818.1746430959872	821.3452080813922	832.194428757329
177.0	680.8786392131865	778.3624147147868	816.6655053084837	819.6563107274386	830.3283666853208
178.0	680.5813430243425	777.1603980471189	815.1563675209803	817.9781570671563	828.5208530266871
179.0	680.2840468354984	775.9822292373681	813.681989529659	816.3000034068742	826.7133393680531
180.0	679.9867506466544	774.8040604276172	812.2125772235065	814.668289750448	824.9261732692535
181.0	679.6894544578104	773.6258916178663	810.7431649173541	813.0375712369612	823.1583373522963
182.0	679.4015559670768	772.4623898592928	809.3003757044539	811.4137150903987	821.3905014353389
183.0	679.1183563253984	771.3125075053839	807.866460855971	809.8207395949943	819.6546944208077
184.0	678.83515668372	770.162625151475	806.4325460074882	808.2277640995898	817.9206186982994
185.0	678.5519570420417	769.0127427975661	805.0204883813693	806.6496874842946	816.2014725677287
186.0	678.2687574003635	767.8865660246603	803.6215450886687	805.0954490771744	814.506213784258
187.0	677.9876977246417	766.7657768838005	802.2226017959679	803.5412106700539	812.8109550007872
188.0	677.7109179808333	765.6449877429407	800.8408886564789	802.0122728615459	811.1618415969531
189.0	677.4341382370249	764.5276305853897	799.4764056702015	800.5011057115869	809.5228224949144
190.0	677.1573584932165	763.4377292943099	798.1119226839243	798.9899385616279	807.8982728220263
191.0	676.8805787494081	762.3478280032298	796.7612411447499	797.5125236354882	806.3156844936749
192.0	676.6037990055996	761.2579267121498	795.4335620174139	796.0440694767339	804.7330961653234
193.0	676.3320884045667	760.1785454815839	794.1058828900777	794.5756153179797	803.1729939305102
194.0	676.0603778035337	759.1144661572202	792.7860643967402	793.1424513183841	801.6228855150471
195.0	675.7886672025008	758.0503868328565	791.4898278053987	791.7095358410361	800.0768046852751
196.0	675.5169566014679	756.9863075084927	790.193591214057	790.2837739032875	798.558111438202
197.0	675.245246000435	755.9455691129336	788.9013557568953	788.8873925746072	797.0394181911289
198.0	674.9820696288909	754.9146584768712	787.6371282389923	787.491011245927	795.5444692826377
199.0	674.7231603720913	753.8837478408087	786.3729007210891	786.107767093718	794.0678682721414
200.0	674.4642511152917	752.8528372047464	785.1086732031861	784.7443439446064	792.5912672616452
201.0	674.2053418584923	751.8496316812437	783.8743137809275	783.3809207954947	791.1655240940968
202.0	673.9464326016927	750.8464261577411	782.6399543586688	782.0417426664833	789.7397809265481
203.0	673.688782936147	749.8432206342385	781.4055949364102	780.7186339112591	788.3346174882176
204.0	673.4336524531092	748.8462980686528	780.199566905805	779.3955251560349	786.9560866406401
205.0	673.1785219700714	747.8642975281197	778.9975862168643	778.1002784380083	785.5775557930626
206.0	672.9233914870337	746.8822969875863	777.7956055279236	776.8118155203426	784.2311659514885
207.0	672.6682610039959	745.900296447053	776.6168034150783	775.5236012967272	782.8895027284439
208.0	672.4131305209581	744.9399657378725	775.4457274942646	774.2707016282287	781.5579676892899
209.0	672.1697152468101	743.9945330377469	774.274651573451	773.0178019597301	780.2492210638892
210.0	671.9262999726623	743.0491003376212	773.1220319779229	771.7710470729418	778.9404744384885
211.0	671.6828846985144	742.1036676374956	771.980486177566	770.547437530595	777.6580466614923
212.0	671.4394694243664	741.1774734595066	770.838940377209	769.323827988248	776.384694349463
213.0	671.1960541502184	740.2536840967846	769.7114761654927	768.113658806358	775.1181988304901
214.0	670.9559777664296	739.3298947340627	768.598093542417	766.922625052915	773.8830486512041
215.0	670.7175708278202	738.4087660522856	767.4847109193413	765.7315912994719	772.6478984719182
216.0	670.4791638892108	737.499344366666	766.3823082814223	764.5604762981502	771.4333122818095
217.0	670.2407569506014	736.5899226810463	765.2982056187643	763.4018105169042	770.2315785849366
218.0	670.002350011992	735.6805009954267	764.2141029561062	762.2431447356582	769.0311331777883
219.0	669.766054957281	734.7883109262476	763.1366704818377	761.1087385015477	767.854521130544
220.0	669.5339836703662	733.9146779824661	762.0792485727368	759.9797232779115	766.6779090832995
221.0	669.3019123834515	733.0410450386844	761.0218266636359	758.851383689853	765.5115381825461
222.0	669.0698410965367	732.1674120949029	759.9676798039446	757.7545737620841	764.3559474359938
223.0	668.837769809622	731.3089949089913	758.9364582901211	756.657763834315	763.2003566894416
224.0	668.6056985227073	730.454925082471	757.9052367762974	755.5674765501095	762.0662198080418
225.0	668.3818132088993	729.6008552559508	756.8740152624738	754.4998146857648	760.9338707487378
226.0	668.1579278950913	728.7486215492322	755.8697483301377	753.43215282142	759.8176114661587
227.0	667.9340425812834	727.9193393400337	754.8654813978014	752.3781933583095	758.7300839277307
228.0	667.7101572674754	727.0900571308352	753.8612144654652	751.3426535165305	757.6425563893026
229.0	667.4862719536675	726.2607749216368	752.8791434941545	750.3071136747512	756.5758741392258
230.0	667.2702658213557	725.4410442956183	751.9002433744189	749.2886965828737	755.5145713184008
231.0	667.0581992797919	724.6375513610062	750.9213432546833	748.2803628881605	754.4563025098658
232.0	666.8461327382281	723.8340584263941	749.9609252638232	747.2720291934473	753.4081470756308
233.0	666.6340661966644	723.030565491782	749.0066679825883	746.2837854822715	752.3599916413957
234.0	666.4219996551006	722.2411114876513	748.0524107013532	745.2995935324814	751.3206516724462
235.0	666.212266106823	721.4586769487612	747.1130947048232	744.3163773451585	750.2857194361393
236.0	666.007198545118	720.6762424098711	746.1827434791162	743.3600922019336	749.2534820909788
237.0	665.802130983413	719.8938078709809	745.2523922534091	742.4038070587087	748.2448250433496
238.0	665.597063421708	719.137364205809	744.3344963469773	741.4538925781743	747.2361679957203
239.0	665.3919958600028	718.3819201896262	743.4290557598208	740.5244016927358	746.2462364947758
240.0	665.1869282982977	717.6264761734433	742.5236151726643	739.5949108072972	745.2723554624179
241.0	664.9882061311098	716.8755631215614	741.626792452185	738.6759474114878	744.29847443006
242.0	664.7894839639217	716.1375956819682	740.7443328428341	737.770352256477	743.3486490427562
243.0	664.5907617967338	715.3996282423748	739.8618732334832	736.8647571014662	742.3994566987433
244.0	664.3920396295457	714.6616608027815	738.9859895185322	735.9760797539514	741.4590341441582
245.0	664.1933174623578	713.9385091697325	738.1298334867813	735.0967807562439	740.5312181618754
246.0	663.9990813177827	713.2272101819187	737.2736774550302	734.2174817585365	739.6034021795925
247.0	663.8070881845143	712.5159111941049	736.4206837127389	733.3597031438392	738.6997406187802
248.0	663.6150950512458	711.8046122062912	735.5898259966652	732.5058373260525	737.8004707709622
249.0	663.4231019179774	711.1104606567163	734.7589682805914	731.6533043784673	736.9130886238022
250.0	663.2311087847089	710.4192912703136	733.9281105645177	730.8266671947896	736.0559660783165
251.0	663.0423435248904	709.7281218839108	733.113771996094	730.0000300111118	735.1988435328307
252.0	662.8600340119717	709.0400938220264	732.29943342767	729.1785837936349	734.351441756144
253.0	662.677724499053	708.3701283761225	731.4850948592461	728.3725662812543	733.5078588529138
254.0	662.4954149861344	707.7001629302184	730.6924897293197	727.5665487688736	732.6661151019255
255.0	662.3131054732156	707.0301974843145	729.9029893763212	726.7698128841336	731.8344866882666
256.0	662.130795960297	706.3688321134885	729.1134890233229	725.984214952562	731.0028582746075
257.0	661.9492365117749	705.7182168365099	728.3399307331725	725.1986170209904	730.1807937688607
258.0	661.7676770632527	705.0676015595312	727.5716864639714	724.4271061326433	729.3653824164439
259.0	661.5861176147305	704.4169862825526	726.8034421947704	723.6629384902324	728.5503798902281
260.0	661.4045581662083	703.7821414043865	726.0488821616423	722.8987708478214	727.7509127596458
261.0	661.2229987176861	703.1528161658049	725.3025326701578	722.15436099942	726.9514456290633
262.0	661.0489746816934	702.5234909272233	724.5561831786735	721.4131638004509	726.1662311636426
263.0	660.8787183519654	701.8949315718066	723.8203938512798	720.673357223293	725.3976448075771
264.0	660.7084620222374	701.2862851786778	723.0951646879771	719.9542554597696	724.6290584515115
265.0	660.5382056925093	700.677638785549	722.3699355246744	719.2351536962461	723.8796574300816
266.0	660.3679493627814	700.0689923924201	721.6528012599372	718.5217470411316	723.132449018324
267.0	660.1996218981219	699.4672694754399	720.9491584928095	717.8240768697785	722.3909818780846
268.0	660.0351521635994	698.8793935107572	720.2455157256817	717.1264066984255	721.6609972808812
269.0	659.8706824290769	698.2915175460741	719.5470053884485	716.4383613770905	720.9310126836779
270.0	659.7062126945542	697.7036415813914	718.863892340899	715.7612337960743	720.2175312724183
271.0	659.5417429600317	697.1302105915156	718.1807792933495	715.0841062150582	719.5090008169419
272.0	659.3772732255092	696.5652766456438	717.5003478873996	714.4230669930542	718.8082327437045
273.0	659.2206461292823	696.0003426997721	716.8386879726467	713.7699043634831	718.1375439016425
274.0	659.0640190330554	695.4354087539004	716.1770280578936	713.1167417339119	717.4668550595804
275.0	658.9073919368285	694.8851566185659	715.5153681431407	712.4831369060194	716.8080186242936
276.0	658.7507648406016	694.3360790280744	714.8733165274217	711.8523484015684	716.1558195368004
277.0	658.5941377443747	693.7870014375828	714.2312649117027	711.2228674426293	715.5044577356683
278.0	658.4432826090917	693.2423948839189	713.5892132959837	710.6090770298312	714.8631433708678
279.0	658.2953134542807	692.7134369591513	712.9637538428229	709.9952866170329	714.2218290060672
280.0	658.1473442994696	692.1844790343836	712.3406646985989	709.3864936751451	713.586748786198
281.0	657.9993751446585	691.6555211096158	711.7175755543748	708.7905692208512	712.9575910040137
282.0	657.8514059898475	691.1377342543682	711.109599790846	708.1946447665573	712.3284332218294
283.0	657.7049121712797	690.6303205351035	710.5066618208821	707.6078295995217	711.7253395943002
284.0	657.561369025198	690.1229068158386	709.9037238509181	707.0307838130238	711.1236548399954
285.0	657.4178258791164	689.6154930965739	709.3119089220659	706.4537380265259	710.5266364967359
286.0	657.2742827330349	689.123278049475	708.7267678178804	705.8866401232762	709.9370844111486
287.0	657.1307395869533	688.6345172460501	708.141626713695	705.3241101255993	709.3475323255612
288.0	656.9871964408716	688.1457564426253	707.5655260171404	704.7615801279223	708.7673782998245
289.0	656.8482479197389	687.6584933292563	706.9984657282166	704.2160556513055	708.1892800996798
290.0	656.7092993986063	687.1832117363347	706.4314054392927	703.6726736025388	707.6151868333037
291.0	656.5703508774736	686.7079301434129	705.8712873610665	703.1308817023087	707.0527078748565
292.0	656.431402356341	686.2326485504911	705.3227396340031	702.6049912874448	706.4902289164093
293.0	656.2924538352083	685.76594754215	704.7741919069398	702.079100872581	705.9512890001574
294.0	656.1576228797019	685.3117273841079	704.2303381347464	701.5587723031122	705.4228108804368
295.0	656.0248507070086	684.8575072260658	703.7005662271627	701.0518186475698	704.8967853175498
296.0	655.8920785343153	684.4032870680236	703.1707943195789	700.5448649920272	704.3874371411305
297.0	655.759306361622	683.9626326636204	702.6432902598119	700.0470416175893	703.8780889647111
298.0	655.6265341889286	683.5276901554862	702.131661134762	699.5584771197645	703.3771572336956
299.0	655.4973135919108	683.092747647352	701.620032009712	699.0699126219396	702.8827291195829
300.0	655.3751961462439	682.6578051392178	701.1084028846622	698.5927101135478	702.3883010054702
301.0	655.2530787005769	682.2417073911274	700.6151344800998	698.1203932606123	701.9099830510944
302.0	655.1309612549101	681.8256096430368	700.1218660755374	697.6480764076769	701.4316650967185
303.0	655.0088438092432	681.4095118949463	699.6285976709748	697.1911229621635	700.9659137298855
304.0	654.8867263635763	680.9984927246575	699.1512623415553	696.7358368631919	700.5164250057552
305.0	654.773106824664	680.5995351766476	698.6762031657272	696.2824202217029	700.0669362816247
306.0	654.6594872857517	680.2005776286377	698.2011439898992	695.8449562840633	699.6318285551964
307.0	654.5458677468392	679.8016200806279	697.739382309917	695.4074923464235	699.1988356813713
308.0	654.4322482079269	679.4130525218685	697.28205312855	694.9749354530273	698.7700344176304
309.0	654.3186286690146	679.0316280807186	696.8247239471832	694.5534194091791	698.3506642765789
310.0	654.2055485047504	678.6502036395688	696.3784884628433	694.1319033653309	697.9312941355274
311.0	654.0927380278101	678.2687791984189	695.9389091967197	693.7187964538251	697.523406266965
312.0	653.9799275508699	677.902998586437	695.4993299305959	693.3137530938803	697.1194778027091
313.0	653.8671170739298	677.5391734531008	695.0680525316459	692.9087097339357	696.7200306377664
314.0	653.7543065969895	677.1753483197648	694.6450769998694	692.514361280998	696.3410694125414
315.0	653.6445007446149	676.8150664934329	694.2221014680928	692.1243117612689	695.9621081873162
316.0	653.5407041413713	676.4703752179195	693.805519570811	691.7342622415399	695.5932613527383
317.0	653.4369075381277	676.1256839424059	693.3995937310203	691.3586748561693	695.2307360123151
318.0	653.3331109348842	675.7809926668924	692.9936678912296	690.9844122464651	694.8688203690674
319.0	653.2293143316406	675.443133476575	692.5916475170283	690.611982103488	694.5181841235692
320.0	653.125517728397	675.1126319164689	692.2013435395952	690.2531337727237	694.167547878071
321.0	653.0279579682551	674.7821303563628	691.811039562162	689.8942854419593	693.8228537919672
322.0	652.9303982081133	674.4516287962566	691.422787311173	689.5398671769725	693.4844146104889
323.0	652.8328384479713	674.135749978574	691.0488971452935	689.1947905724298	693.1459754290108
324.0	652.7352786878294	673.8240490872981	690.6750069794138	688.8497139678872	692.8239506078505
325.0	652.6377189276875	673.5123481960221	690.3011168135341	688.5124270528214	692.5032936500498
326.0	652.5458760965298	673.2019400765015	689.9418063573622	688.182202789548	692.1889624196793
327.0	652.4568917298643	672.9076916039224	689.5824959011901	687.8519785262746	691.8859271311479
328.0	652.3679073631988	672.6134431313434	689.2231854450182	687.5321890382473	691.5828918426165
329.0	652.2789229965333	672.3191946587642	688.8780361139965	687.2163125909374	691.2886899131058
330.0	652.1899386298677	672.0307584706791	688.5349098008533	686.9004361436275	690.9967675601164
331.0	652.1023015357695	671.7522031662336	688.19178348771	686.5974685892157	690.7072133864124
332.0	652.0173589868059	671.4736478617881	687.8603778330266	686.2954716282547	690.4255531436597
333.0	651.9324164378423	671.1950925573426	687.5328790644963	685.9953772224239	690.1438929009072
334.0	651.8474738888788	670.9271029713593	687.205380295966	685.7076994921792	689.8703681796335
335.0	651.7625313399152	670.6643962446071	686.8851016011344	685.4200217619343	689.6009112190991
336.0	651.6775887909516	670.4016895178548	686.5691549505217	685.1365629516764	689.3332078314974
337.0	651.6021197426365	670.1389827911025	686.2532082999089	684.8614540872258	689.0808482070563
338.0	651.5266506943215	669.8923656513432	685.9460289387679	684.586345222775	688.8284885826153
339.0	651.4511816460064	669.6463673418526	685.6476168670982	684.318406100832	688.5828345090486
340.0	651.3757125976913	669.4003690323622	685.3492047954286	684.0566124724669	688.3429280505168
341.0	651.3002435493762	669.1587582151226	685.0563678928729	683.7948188441019	688.1030215919851
342.0	651.2276028897647	668.9296830900287	684.7728229388404	683.5433294539855	687.8724481435605
343.0	651.156376424505	668.7006079649346	684.4892779848079	683.2954368262767	687.6421203006649
344.0	651.0851499592452	668.4715328398406	684.2098742157008	683.047544198568	687.4156044665972
345.0	651.0139234939855	668.2502957253383	683.94289400137	682.8110813151379	687.1945683952191
346.0	650.9426970287259	668.0353290193095	683.675913787039	682.5752957498871	686.973532323841
347.0	650.8744911511927	667.8203623132806	683.4107970608193	682.3414810811169	686.7624697187495
348.0	650.812326449113	667.6053956072517	683.1587247513775	682.1191163823761	686.5532204711643
349.0	650.7501617470332	667.4035420525814	682.9066524419358	681.8967516836352	686.3482605882812
350.0	650.6879970449535	667.2039690459736	682.6545801324941	681.6784072230205	686.1542190882759
351.0	650.6258323428737	667.0043960393657	682.4184119424411	681.4675404053203	685.9601775882705
352.0	650.5636676407939	666.8074820460721	682.1822437523881	681.2566735876201	685.7730814658903
353.0	650.5053627078884	666.6258573793361	681.946075562335	681.0531738771346	685.5887138847198
354.0	650.4470577749828	666.4442327126001	681.7229342222648	680.8556424560381	685.4055756220446
355.0	650.3887528420771	666.262608045864	681.5016538607636	680.6581110349417	685.2291986110927
356.0	650.3304479091715	666.0871909551291	681.2803734992623	680.469819630883	685.0528216001408
357.0	650.272142976266	665.9195333343955	681.0706811123714	680.28452267679	684.8816085914282
358.0	650.2208810431487	665.7518757136619	680.8648513836837	680.099225722697	684.7139879320994
359.0	650.1731406099256	665.5842180929284	680.6590216549962	679.9251410528375	684.5467418105983
360.0	650.1254001767023	665.4269276769687	680.4624231387938	679.7515474319224	684.3937281265514
361.0	650.0776597434791	665.27326578268	680.2713633500824	679.5800084596339	684.2407144425046
362.0	650.029919310256	665.1196038883913	680.0803035613711	679.4191893932235	684.0925846554371
363.0	649.9831044072523	664.9665796715108	679.8968295728026	679.2583703268131	683.9501527481792
364.0	649.9381405646875	664.8301350672425	679.7209413843769	679.1018238528393	683.8077208409213
365.0	649.8931767221228	664.6936904629741	679.5450531959511	678.9527544156297	683.6719142898984
366.0	649.8482128795581	664.5572458587059	679.3748784168581	678.80368497842	683.5368649224451
367.0	649.8032490369933	664.4256527032176	679.2142259866528	678.6615528723988	683.4043845759245
368.0	649.7582851944285	664.3037624452891	679.0535735564474	678.5247308223489	683.2770422712689
369.0	649.7184242027298	664.1818721873605	678.8968262931629	678.387908772299	683.1496999666133
370.0	649.678563211031	664.059981929432	678.7517945306412	678.2608328331753	683.0332614598088
371.0	649.6387022193323	663.9455762416495	678.6067627681194	678.1366807273295	682.9200940923597
372.0	649.5988412276337	663.8355732421882	678.463665313352	678.0125286214836	682.8090907860254
373.0	649.558980235935	663.7255702427267	678.3341080128636	677.899285990912	682.7064732165105
374.0	649.5252636430342	663.6155672432653	678.2045507123752	677.7863573020746	682.6038556469956
375.0	649.4946192495325	663.5248090394584	678.0749934118868	677.6754979056731	682.5056304615783
376.0	649.4639748560307	663.4355904193038	677.9614460268351	677.5744055695677	682.4098650112556
377.0	649.433330462529	663.3463717991491	677.8478986417833	677.4733132334624	682.3146584354698
378.0	649.4026860690274	663.2592016628673	677.7343512567317	677.3769024360151	682.2261583541267
379.0	649.3742633237804	663.1792012201407	677.6341809988814	677.2882075078377	682.1376582727834
380.0	649.3502838750433	663.0992007774139	677.5359217592028	677.1995125796602	682.0571517692871
381.0	649.3263044263061	663.0192003346872	677.4376625195241	677.1172045565536	681.9842391647454
382.0	649.302324977569	662.9465943766693	677.3508623533108	677.0395135732571	681.9113265602036
383.0	649.2783455288318	662.880854725881	677.2678818782528	676.9618225899607	681.8464102165698
384.0	649.2543660800947	662.8151150750929	677.1849014031945	676.893739618326	681.7819261032552
385.0	649.2348026978912	662.7493754243046	677.1112159929922	676.8283160070619	681.7200050869092
386.0	649.2152393156878	662.6961333916694	677.0431076217035	676.762892395798	681.6621850257127
387.0	649.1956759334843	662.645731726796	676.9749992504146	676.7086837274154	681.6043649645162
388.0	649.1761125512808	662.5953300619228	676.9148798633679	676.6546341362368	681.5541675987618
389.0	649.1565491690773	662.5466307498253	676.8627494605632	676.6028693105435	681.5056376976352
390.0	649.1401066963091	662.5115502599344	676.8106190577587	676.5609205143417	681.4610909034574
391.0	649.1252246782584	662.4764697700433	676.7638898850339	676.5189717181399	681.4280951194307
392.0	649.1103426602078	662.4413892801523	676.7261627624424	676.4817506512287	681.395099335404
393.0	649.0954606421571	662.4116029519845	676.6884356398509	676.4518744494651	681.3671827649717
394.0	649.0805786241065	662.3895172226869	676.6545153062835	676.4219982477016	681.3415236228036
395.0	649.0681469215219	662.3674314933891	676.6320153397886	676.3988592071779	681.3168494849406
396.0	649.0606158498696	662.3453457640915	676.6095153732937	676.3803172884413	681.2988733763524
397.0	649.0530847782172	662.3343550889566	676.5886268056357	676.3617753697048	681.2808972677641
398.0	649.0455537065649	662.3280360155745	676.5790180298371	676.3532253005432	681.2691655946228
399.0	649.0380226349125	662.3217169421924	676.5694092540384	676.3472170176767	681.2622591670538
400.0	649.0304915632602	662.3153978688104	676.5598004782397	676.3412087348104	681.2553527394848
