0.0	317.5491885040204
0.12028816670959011	316.9342498547759
0.24057633341918022	316.31931120553133
0.36086450012877036	315.7043725562868
0.48115266683836044	315.0894339070423
0.6013875394255431	314.24712159485836
0.7216224120127259	313.4048092826744
0.8418572845999087	312.5624969704905
0.9620921571870915	311.72018465830655
1.082234529787737	312.4593476200906
1.2023769023883824	313.19851058187464
1.322519274989028	313.9376735436587
1.4426616475896734	314.6768365054428
1.5628040201903186	315.58274963841654
1.6829463927909638	316.48866277139024
1.8030887653916092	317.39457590436393
1.9232311379922544	318.3004890373377
2.0432261320345453	321.51273631824535
2.163221126076836	324.724983599153
2.2832161201191266	327.93723088006067
2.4032111141614174	331.14947816096833
2.5232061082037083	333.68562901503003
2.643201102245999	336.22177986909173
2.7631960962882895	338.7579307231534
2.8831910903305804	341.2940815772151
3.003293061026676	344.8355013750888
3.123395031722772	348.3769211729625
3.2434970024188674	351.91834097083625
3.363598973114963	355.45976076871
3.483700943811058	358.0981190632931
3.6038029145071535	360.7364773578763
3.7239048852032486	363.37483565245947
3.844006855899344	366.0131939470426
3.964193821096364	368.95632442068575
4.0843807862933845	371.8994548943288
4.204567751490406	374.8425853679719
4.324754716687425	377.785715841615
4.445010004613495	382.06033838706827
4.565265292539564	386.33496093252154
4.685520580465633	390.60958347797487
4.805775868391703	394.88420602342813
4.925884896702252	397.9492714874582
5.0459939250128	401.01433695148825
5.166102953323349	404.0794024155183
5.2862119816338975	407.14446787954836
5.4063210099444445	409.96822152770227
5.526430038254993	412.7919751758561
5.646539066565542	415.61572882401003
5.766648094876091	418.4394824721639
5.886608140319628	421.85360836638256
6.006568185763167	425.2677342606013
6.126528231206706	428.68186015482
6.246488276650243	432.09598604903874
6.366445805059987	436.9584285706727
6.486403333469731	441.82087109230673
6.606360861879474	446.68331361394075
6.726318390289219	451.5457561355747
6.846273604542791	454.8990912854118
6.966228818796364	458.2524264352489
7.0861840330499355	461.60576158508593
7.206139247303508	464.95909673492304
7.326092326627153	469.7779783859094
7.446045405950797	474.59686003689586
7.565998485274443	479.41574168788225
7.685951564598088	484.2346233388687
7.805902697866611	487.76173338635823
7.925853831135135	491.2888434338478
8.04580496440366	494.81595348133726
8.165756097672183	498.3430635288268
8.285705489194292	501.16527791060133
8.405654880716401	503.9874922923759
8.525604272238512	506.80970667415045
8.645553663760621	509.63192105592503
8.765501513049944	512.612649624066
8.885449362339266	515.593378192207
9.00539721162859	518.5741067603478
9.125345060917914	521.5548353284888
9.245380997947688	524.3927802087334
9.365416934977462	527.230725088978
9.485452872007238	530.0686699692226
9.605488809037013	532.9066148494671
9.725524746066787	535.3258160073854
9.845560683096561	537.7450171653035
9.965596620126334	540.1642183232216
10.085632557156108	542.5834194811398
10.205742636846896	546.2718924019429
10.325852716537685	549.9603653227459
10.445962796228473	553.648838243549
10.566072875919263	557.3373111643521
10.686338172938328	560.8100649784529
10.806603469957395	564.2828187925538
10.92686876697646	567.7555726066548
11.047134063995525	571.2283264207557
11.16739936101459	573.8388241919878
11.287664658033655	576.44932196322
11.407929955052719	579.059819734452
11.528195252071784	581.6703175056842
11.648454572796044	584.8389885842051
11.768713893520307	588.0076596627259
11.888973214244567	591.1763307412468
12.009232534968827	594.3450018197676
12.12942951033585	596.9509027648392
12.249626485702873	599.5568037099108
12.369823461069897	602.1627046549823
12.49002043643692	604.7686056000539
12.610137232217212	607.1764624894754
12.730254027997503	609.5843193788969
12.850370823777796	611.9921762683185
12.970487619558089	614.40003315774
13.09060441533838	616.0713727541938
13.210721211118672	617.7427123506476
13.330838006898967	619.4140519471014
13.45095480267926	621.0853915435551
13.571074767620972	622.8143881654994
13.691194732562684	624.5433847874435
13.811314697504397	626.2723814093877
13.931434662446108	628.0013780313318
14.051554627387821	630.1585886619275
14.17167459232953	632.3157992925233
14.291794557271244	634.4730099231189
14.411914522212957	636.6302205537146
14.53209074822766	639.8991324304108
14.652266974242364	643.1680443071068
14.772443200257067	646.436956183803
14.892619426271771	649.705868060499
15.012795652286474	652.1234899448392
15.132971878301177	654.5411118291795
15.253148104315882	656.9587337135197
15.373324330330584	659.3763555978599
15.493542360043495	661.2840946419103
15.613760389756406	663.1918336859608
15.733978419469317	665.0995727300113
15.854196449182227	667.0073117740618
15.97436573611202	668.5035925859181
16.09453502304181	669.9998733977743
16.2147043099716	671.4961542096305
16.334873596901392	672.9924350214868
16.45500972900694	675.1486085482306
16.575145861112482	677.3047820749746
16.69528199321803	679.4609556017185
16.815418125323575	681.6171291284625
16.935554257429118	683.6432964835374
17.055690389534664	685.6694638386123
17.175826521640207	687.6956311936873
17.295962653745754	689.7217985487622
17.415997338437425	691.7516674345811
17.53603202312909	693.7815363204
17.656066707820756	695.811405206219
17.776101392512423	697.8412740920379
17.896391994758638	699.9268117071578
18.016682597004856	702.0123493222777
18.13697319925107	704.0978869373976
18.257263801497285	706.1834245525175
18.3777002739033	708.4216869771182
18.498136746309314	710.6599494017187
18.61857321871533	712.8982118263193
18.739009691121346	715.13647425092
18.85944616352736	717.0613450738272
18.979882635933375	718.9862158967344
19.10031910833939	720.9110867196416
19.220755580745404	722.8359575425488
19.341163263757895	724.6875349497944
19.461570946770383	726.53911235704
19.58197862978287	728.3906897642856
19.702386312795362	730.2422671715312
19.82264064112271	731.5544993161609
19.94289496945006	732.8667314607906
20.06314929777741	734.1789636054201
20.183403626104756	735.4911957500498
20.303686168011204	736.8598820736358
20.423968709917645	738.228568397222
20.54425125182409	739.5972547208081
20.66453379373053	740.9659410443942
20.784816335636975	742.4122874948534
20.905098877543416	743.8586339453127
21.02538141944986	745.304980395772
21.145663961356302	746.7513268462312
21.266105034144182	748.2394667223053
21.386546106932062	749.7276065983795
21.506987179719946	751.2157464744536
21.627428252507823	752.7038863505277
21.747869325295703	753.8923705560686
21.868310398083583	755.0808547616095
21.988751470871463	756.2693389671504
22.109192543659343	757.4578231726913
22.229626546500466	758.8462765295294
22.350060549341585	760.2347298863676
22.470494552182704	761.6231832432057
22.590928555023822	763.0116366000439
22.711423141209185	764.5533890564986
22.831917727394544	766.0951415129534
22.952412313579902	767.6368939694082
23.072906899765265	769.178646425863
23.193402286910317	770.4483925366413
23.313897674055365	771.7181386474197
23.43439306120041	772.987884758198
23.554888448345462	774.2576308689763
23.675383835490507	775.5597594782157
23.795879222635563	776.8618880874551
23.91637460978061	778.1640166966945
24.03686999692566	779.4661453059339
24.157261247309954	780.5699945875724
24.277652497694245	781.673843869211
24.39804374807854	782.7776931508497
24.518434998462833	783.8815424324882
24.638826248847128	784.7743764228453
24.759217499231415	785.6672104132024
24.87960874961571	786.5600444035595
25.0	787.4528783939165
