0.0	317.8632235833837
0.09497271772964037	316.7695429669026
0.18994543545928075	315.6758623504214
0.2849181531889211	314.5821817339403
0.3798908709185615	313.4885011174592
0.47612753137716657	314.90663165402225
0.5723641918357716	316.3247621905854
0.6686008522943767	317.74289272714844
0.7648375127529816	319.1610232637115
0.8612848303330808	324.255722255623
0.9577321479131797	329.35042124753454
1.0541794654932788	334.44512023944606
1.1506267830733778	339.53981923135757
1.248152559865694	342.92586491088946
1.3456783366580098	346.31191059042135
1.443204113450326	349.6979562699532
1.540729890242642	353.08400194948507
1.638255667034958	361.73528128219647
1.7357814438272743	370.38656061490786
1.8333072206195902	379.03783994761926
1.9308329974119065	387.68911928033066
2.0285890470461085	396.8862683835434
2.1263450966803115	406.08341748675616
2.2241011463145135	415.2805665899689
2.3218571959487155	424.47771569318166
2.419613245582918	433.961947746724
2.51736929521712	443.4461798002663
2.6151253448513216	452.9304118538086
2.712881394485524	462.4146439073509
2.8107525805406692	471.8694217639162
2.9086237665958143	481.3241996204814
3.0064949526509595	490.7789774770467
3.1043661387061046	500.23375533361195
3.2022373247612497	507.4491617974651
3.300108510816395	514.6645682613182
3.3979796968715394	521.8799747251712
3.4958508829266846	529.0953811890244
3.5937220689818297	535.8900698931086
3.6915932550369743	542.684758597193
3.7894644410921194	549.4794473012772
3.887335627147264	556.2741360053615
3.9852068132024097	562.9630702100936
4.083077999257554	569.6520044148258
4.1809491853126985	576.340938619558
4.2788203713678445	583.0298728242901
4.376691557422989	588.3472325620016
4.474562743478135	593.6645922997131
4.57243392953328	598.9819520374245
4.670305115588425	604.2993117751361
4.76817630164357	608.8687249843346
4.866047487698715	613.4381381935332
4.96391867375386	618.0075514027317
5.061789859809005	622.5769646119303
5.1596610458641505	627.3671852957565
5.257532231919296	632.1574059795827
5.355403417974442	636.9476266634089
5.453274604029586	641.7378473472351
5.551145790084731	646.2564032934745
5.649016976139875	650.7749592397138
5.74688816219502	655.2935151859531
5.8447593482501645	659.8120711321925
5.94263053430531	662.9417065231768
6.040501720360455	666.0713419141612
6.1383729064156	669.2009773051454
6.236244092470745	672.3306126961298
6.33411527852589	677.397770381802
6.431986464581036	682.4649280674741
6.52985765063618	687.5320857531464
6.627728836691326	692.5992434388186
6.7256000227464705	695.9263047477898
6.823471208801616	699.2533660567609
6.921342394856762	702.580427365732
7.019213580911906	705.9074886747032
7.117084766967051	708.8743747616102
7.214955953022194	711.8412608485171
7.312827139077339	714.808146935424
7.410698325132484	717.775033022331
7.50856951118763	721.7674015512498
7.606440697242775	725.7597700801684
7.704311883297919	729.7521386090872
7.802183069353065	733.7445071380059
7.90005425540821	736.9562179432369
7.997925441463357	740.167928748468
8.095796627518501	743.379639553699
8.193667813573647	746.59135035893
8.291538999628793	749.0685727410084
8.389410185683937	751.5457951230868
8.48728137173908	754.0230175051652
8.585152557794224	756.5002398872437
8.683023743849368	759.0843983728944
8.780894929904516	761.6685568585453
8.87876611595966	764.2527153441961
8.976637302014804	766.8368738298469
9.074508488069949	768.8556202145198
9.172379674125095	770.8743665991926
9.27025086018024	772.8931129838655
9.368122046235385	774.9118593685384
9.465993232290531	776.9745028618054
9.563864418345675	779.0371463550723
9.661735604400821	781.0997898483391
9.759606790455967	783.1624333416061
9.857477976511111	785.3123944050715
9.955349162566257	787.462355468537
10.053220348621402	789.6123165320024
10.151091534676548	791.7622775954678
10.248962720731692	794.209017903423
10.346833906786836	796.6557582113783
10.444705092841978	799.1024985193336
10.542576278897124	801.5492388272888
10.640447464952269	803.1356386290502
10.738318651007415	804.7220384308115
10.836189837062559	806.3084382325728
10.934061023117705	807.8948380343342
11.031932209172851	809.3074884434134
11.129803395227997	810.7201388524925
11.227674581283145	812.1327892615716
11.32554576733829	813.5454396706508
11.423416953393437	814.7050841969074
11.521288139448579	815.864728723164
11.619159325503722	817.0243732494206
11.717030511558866	818.1840177756771
11.814901697614012	819.1301943078364
11.912772883669158	820.0763708399957
12.010644069724304	821.0225473721549
12.10851525577945	821.9687239043142
12.206386441834592	822.9559164661978
12.304257627889738	823.9431090280814
12.402128813944882	824.9303015899649
12.500000000000025	825.9174941518485
12.59787118605517	826.8306224466676
12.695742372110315	827.7437507414868
12.793613558165461	828.656879036306
12.891484744220607	829.5700073311251
12.98935593027575	830.3536424859652
13.087227116330896	831.1372776408052
13.185098302386043	831.9209127956453
13.282969488441186	832.7045479504854
13.380840674496332	833.7043669524961
13.478711860551474	834.7041859545068
13.57658304660662	835.7040049565175
13.674454232661766	836.7038239585281
13.77232541871691	837.6489634954793
13.870196604772056	838.5941030324304
13.968067790827202	839.5392425693816
14.065938976882348	840.4843821063328
14.163810162937493	841.5798318138586
14.261681348992635	842.6752815213845
14.35955253504778	843.7707312289103
14.457423721102924	844.8661809364362
14.55529490715807	845.6719605234629
14.653166093213214	846.4777401104895
14.75103727926836	847.2835196975161
14.848908465323504	848.0892992845428
14.946779651378652	848.730211688785
15.044650837433796	849.3711240930271
15.142522023488942	850.0120364972693
15.240393209544088	850.6529489015114
15.33826439559923	851.1520561517123
15.436135581654375	851.651163401913
15.534006767709517	852.1502706521138
15.63187795376466	852.6493779023147
15.729749139819809	853.2358075980535
15.827620325874957	853.8222372937926
15.925491511930103	854.4086669895314
16.023362697985252	854.9950966852704
16.121233884040397	855.6124953818883
16.219105070095537	856.229894078506
16.316976256150685	856.847292775124
16.414847442205826	857.4646914717418
16.512718628260973	858.0123571485835
16.61058981431612	858.5600228254253
16.708461000371265	859.1076885022671
16.806332186426413	859.6553541791088
16.904203372481557	860.0935148864951
17.0020745585367	860.5316755938816
17.09994574459185	860.9698363012678
17.197816930646994	861.4079970086542
17.295688116702138	861.8651464127058
17.393559302757282	862.3222958167574
17.491430488812423	862.7794452208091
17.589301674867567	863.2365946248607
17.68717286092271	863.5815704687491
17.78504404697786	863.9265463126374
17.882915233033003	864.2715221565256
17.980786419088147	864.616498000414
18.07865760514329	864.9436714459863
18.176528791198436	865.2708448915586
18.27439997725358	865.5980183371308
18.372271163308724	865.9251917827031
18.47014234936387	866.2585952133662
18.568013535419016	866.5919986440294
18.66588472147416	866.9254020746926
18.76375590752931	867.2588055053558
18.861627093584456	867.6367765051948
18.9594982796396	868.0147475050337
19.057369465694745	868.3927185048727
19.155240651749892	868.7706895047118
19.253111837805033	869.0428863474799
19.35098302386018	869.3150831902481
19.448854209915325	869.5872800330161
19.54672539597047	869.8594768757843
19.644596582025617	870.0932771426461
19.742467768080758	870.327077409508
19.840338954135902	870.5608776763698
19.938210140191046	870.7946779432317
20.036081326246194	871.0098248141122
20.133952512301345	871.2249716849929
20.23182369835649	871.4401185558734
20.329694884411637	871.655265426754
20.427566070466778	871.8949934222018
20.525437256521922	872.1347214176494
20.623308442577063	872.3744494130972
20.721179628632203	872.614177408545
20.819050814687348	872.8195514163061
20.916922000742495	873.0249254240673
21.014793186797636	873.2302994318285
21.11266437285278	873.4356734395897
21.210535558907925	873.6556104413642
21.308406744963072	873.8755474431387
21.406277931018224	874.0954844449132
21.504149117073368	874.3154214466877
21.602020303128516	874.4922964388738
21.699891489183656	874.6691714310601
21.7977626752388	874.8460464232464
21.89563386129395	875.0229214154326
21.99348971056235	875.2062208532741
22.091345559830756	875.3895202911156
22.189201409099162	875.5728197289569
22.287057258367565	875.7561191667984
22.38491310763597	875.9001792314053
22.482768956904373	876.0442392960122
22.580624806172775	876.1882993606191
22.678480655441177	876.332359425226
22.77632116792284	876.4602704037488
22.8741616804045	876.5881813822718
22.972002192886162	876.7160923607948
23.069842705367826	876.8440033393177
23.167694530404432	876.99449367146
23.265546355441032	877.1449840036021
23.363398180477635	877.2954743357443
23.461250005514238	877.4459646678864
23.55906310851375	877.588632840719
23.65687621151327	877.7313010135516
23.75468931451279	877.8739691863842
23.85250241751231	878.0166373592168
23.94860081644293	878.1724223141607
24.044699215373548	878.3282072691046
24.14079761430417	878.4839922240485
24.23689601323479	878.6397771789924
24.33228401158044	878.7230246140089
24.42767200992609	878.8062720490254
24.523060008271745	878.889519484042
24.618448006617392	878.9727669190586
24.713836004963046	879.0315759175434
24.8092240033087	879.0903849160284
24.90461200165435	879.1491939145131
25.0	879.208002912998
