0.0	316.7703303182754
0.48112620905637654	317.3505043094251
0.9622524181127531	317.9306783005748
1.4433786271691298	318.5108522917245
1.9245048362255062	319.0910262828742
2.405481098046652	318.7436558731648
2.8864573598677983	318.39628546345534
3.367433621688944	318.04891505374593
3.8484098835100897	317.7015446440365
4.329021238773148	317.0713176013699
4.809632594036205	316.4410905587033
5.290243949299263	315.81086351603665
5.77085530456232	315.18063647337004
6.251466659825377	314.3338742577974
6.732078015088435	313.4871120422247
7.212689370351492	312.640349826652
7.693300725614549	311.7935876110794
8.173635242938891	311.82240747863085
8.653969760263234	311.8512273461823
9.134304277587578	311.88004721373375
9.614638794911919	311.9088670812852
10.094553676607616	312.0645516999371
10.574468558303314	312.22023631858906
11.054383439999011	312.37592093724095
11.53429832169471	312.53160555589284
12.01453049900774	313.55153587356284
12.494762676320772	314.57146619123284
12.974994853633802	315.5913965089029
13.455227030946833	316.6113268265729
13.935459208259864	317.4693759447024
14.415691385572897	318.3274250628318
14.89592356288593	319.18547418096125
15.37615574019896	320.0435232990907
15.856727615976139	321.3205306099324
16.337299491753313	322.59753792077413
16.81787136753049	323.8745452316158
17.29844324330767	325.1515525424575
17.77932395423676	327.0321170983454
18.260204665165844	328.9126816542332
18.74108537609493	330.7932462101211
19.22196608702402	332.6738107660089
19.70249244601699	333.9952409207724
20.183018805009958	335.31667107553596
20.663545164002926	336.6381012302995
21.144071522995898	337.9595313850631
21.624597881988866	339.2047598720104
22.105124240981837	340.44998835895774
22.585650599974805	341.6952168459051
23.066176958967773	342.94044533285245
23.54602179214599	344.63546323202434
24.025866625324202	346.3304811311963
24.50571145850241	348.02549903036817
24.985556291680627	349.72051692954005
25.465392128289384	352.75150670383414
25.94522796489814	355.7824964781283
26.4250638015069	358.8134862524224
26.90489963811566	361.8444760267165
27.384727203437986	364.0265211779531
27.864554768760318	366.2085663291897
28.344382334082646	368.3906114804263
28.824209899404977	370.5726566316629
29.30402983456394	374.30093864705066
29.783849769722913	378.0292206624385
30.263669704881874	381.7575026778263
30.743489640040842	385.4857846932141
31.22330261941513	387.6281502595507
31.70311559878941	389.77051582588734
32.1829285781637	391.912881392224
32.662741557537984	394.0552469585606
33.1425483116076	395.94264001932925
33.6223550656772	397.8300330800979
34.102161819746804	399.7174261408665
34.58196857381642	401.60481920163517
35.06176981590912	404.37305857405687
35.541571058001836	407.1412979464786
36.02137230009454	409.9095373189003
36.50117354218726	412.677776691322
36.98132887365275	414.78047945735847
37.461484205118246	416.8831822233949
37.941639536583736	418.9858849894314
38.421794868049226	421.08858775546787
38.901950199514715	422.8888283863693
39.382105530980205	424.68906901727075
39.8622608624457	426.48930964817225
40.34241619391119	428.2895502790737
40.82286895665883	431.23105019398986
41.303321719406455	434.172550108906
41.78377448215409	437.1140500238222
42.264227244901726	440.05554993873835
42.745302441230265	442.94239698739193
43.226377637558805	445.82924403604545
43.70745283388736	448.716091084699
44.1885280302159	451.60293813335255
44.66960322654445	453.81268409663164
45.150678422873	456.02243005991073
45.63175361920155	458.2321760231898
46.112828815530094	460.4419219864689
46.59387789599712	463.05443256479015
47.074926976464134	465.66694314311144
47.55597605693115	468.2794537214327
48.03702513739817	470.8919642997539
48.5176637427551	473.1344798839666
48.99830234811203	475.37699546817936
49.47894095346896	477.6195110523921
49.95957955882589	479.8620266366048
50.440218164182824	482.11788291797575
50.92085676953976	484.37373919934663
51.4014953748967	486.6295954807175
51.882133980253634	488.88545176208845
52.36261146546429	490.3327557874998
52.84308895067494	491.7800598129112
53.323566435885596	493.2273638383226
53.80404392109625	494.674667863734
54.284565124767866	495.8846690762284
54.76508632843948	497.0946702887229
55.2456075321111	498.30467150121734
55.726128735782716	499.5146727137118
56.20664993945433	501.4679114163207
56.68717114312595	503.4211501189296
57.167692346797566	505.37438882153845
57.64821355046918	507.3276275241474
58.12887647741756	510.199999198616
58.60953940436593	513.0723708730847
59.09020233131431	515.9447425475532
59.57086525826269	518.8171142220219
60.05167212087658	521.0666153381019
60.53247898349047	523.3161164541818
61.01328584610435	525.5656175702617
61.49409270871824	527.8151186863416
61.97498769632878	529.4489058560307
62.45588268393933	531.0826930257197
62.936777671549855	532.7164801954086
63.4176726591604	534.3502673650977
63.89847279459077	535.4506461739704
64.37927293002113	536.5510249828433
64.8600730654515	537.651403791716
65.34087320088184	538.7517826005887
65.82133072576289	540.9280418538436
66.30178825064394	543.1043011070985
66.78224577552498	545.2805603603534
67.26270330040603	547.4568196136083
67.74316082528709	549.4541086981953
68.22361835016812	551.4513977827824
68.70407587504917	553.4486868673694
69.18453339993023	555.4459759519564
69.66486921353591	557.6039769370508
70.14520502714161	559.7619779221452
70.62554084074729	561.9199789072397
71.10587665435297	564.0779798923342
71.58705021850503	566.1935024919767
72.0682237826571	568.3090250916192
72.54939734680919	570.4245476912618
73.03057091096125	572.5400702909043
73.51229507937877	574.8058180919894
73.9940192477963	577.0715658930744
74.47574341621385	579.3373136941595
74.95746758463137	581.6030614952447
75.43913268090479	583.5438243488436
75.92079777717822	585.4845872024424
76.40246287345165	587.4253500560412
76.88412796972507	589.3661129096402
77.3657930659985	591.1069871553905
77.84745816227192	592.8478614011409
78.32912325854535	594.5887356468913
78.81078835481878	596.3296098926417
79.29210696368209	597.7743282083434
79.7734255725454	599.219046524045
80.25474418140873	600.6637648397466
80.73606279027204	602.1084831554483
81.21718058249895	603.7258721867331
81.69829837472587	605.3432612180178
82.17941616695278	606.9606502493025
82.66053395917969	608.5780392805873
83.14182772857994	610.1493056790039
83.62312149798018	611.7205720774205
84.10441526738043	613.2918384758372
84.58570903678068	614.8631048742537
85.06700280618092	616.172781988141
85.54829657558116	617.4824591020281
86.0295903449814	618.7921362159152
86.51088411438165	620.1018133298023
86.99249082001987	621.2507756962458
87.47409752565808	622.3997380626893
87.95570423129631	623.5487004291326
88.43731093693452	624.6976627955761
88.91891764257274	625.8657633457672
89.40052434821094	627.0338638959583
89.88213105384915	628.2019644461494
90.36373775948736	629.3700649963405
90.84578616745839	631.4372970874158
91.32783457542939	633.504529178491
91.80988298340041	635.5717612695662
92.29193139137143	637.6389933606415
92.77389690142934	638.8336216127328
93.25586241148726	640.0282498648241
93.73782792154516	641.2228781169154
94.21979343160307	642.4175063690067
94.70158147903143	643.9251009168182
95.18336952645981	645.4326954646298
95.6651575738882	646.9402900124413
96.14694562131655	648.4478845602529
96.62857741865199	649.6407300198896
97.11020921598741	650.8335754795262
97.59184101332283	652.0264209391629
98.07347281065827	653.2192663987996
98.55510460799371	654.1616398895226
99.03673640532915	655.1040133802454
99.51836820266458	656.0463868709683
100.0	656.9887603616912
