0.0	317.7676669744048
0.16917947557304785	317.23676531710754
0.3383589511460957	316.70586365981035
0.5075384267191436	316.1749620025131
0.6767179022921914	315.6440603452159
0.8473892806927813	314.5907381596505
1.0180606590933714	313.53741597408515
1.1887320374939614	312.4840937885198
1.3594034158945512	311.4307716029544
1.5316710598940197	312.54078627343983
1.7039387038934881	313.6508009439252
1.8762063478929567	314.76081561441066
2.048473991892425	315.8708302848961
2.2207416358918937	318.7401613677451
2.3930092798913623	321.6094924505941
2.565276923890831	324.4788235334431
2.737544567890299	327.3481546162921
2.9114084774886466	331.9519750170707
3.0852723870869934	336.55579541784937
3.259136296685341	341.15961581862797
3.433000206283688	345.7634362194066
3.6069276239749493	352.5586775080017
3.7808550416662103	359.353918796597
3.954782459357471	366.14916008519214
4.128709877048733	372.94440137378734
4.302637294739993	381.36794173915064
4.476564712431254	389.7914821045139
4.650492130122515	398.2150224698771
4.824419547813776	406.6385628352404
4.998346965505036	412.19039325312514
5.172274383196297	417.7422236710099
5.346201800887558	423.29405408889465
5.520129218578819	428.8458845067794
5.694056636270079	434.94660040126513
5.86798405396134	441.0473162957509
6.041911471652601	447.1480321902367
6.215838889343862	453.2487480847224
6.389766307035122	458.6851154684129
6.563693724726384	464.1214828521033
6.737621142417645	469.5578502357938
6.911548560108905	474.99421761948423
7.085475977800165	480.70330009474253
7.259403395491425	486.4123825700009
7.433330813182686	492.1214650452592
7.607258230873947	497.8305475205175
7.781185648565208	502.5828725071609
7.955113066256469	507.3351974938043
8.12904048394773	512.0875224804477
8.302967901638992	516.8398474670911
8.476895319330252	522.5220323583529
8.650822737021512	528.2042172496148
8.824750154712772	533.8864021408766
8.998677572404034	539.5685870321385
9.172604990095294	543.4792519141827
9.346532407786556	547.389916796227
9.520459825477817	551.3005816782713
9.694387243169079	555.2112465603155
9.868314660860339	560.6700811022165
10.042242078551599	566.1289156441173
10.216169496242859	571.5877501860182
10.39009691393412	577.046584727919
10.564024331625381	582.4065438255027
10.737951749316645	587.7665029230863
10.911879167007907	593.1264620206698
11.085806584699169	598.4864211182535
11.25973400239043	602.5676188858871
11.433661420081691	606.6488166535207
11.607588837772951	610.7300144211544
11.781516255464213	614.811212188788
11.955443673155473	619.2679212323759
12.129371090846734	623.7246302759638
12.303298508537992	628.1813393195517
12.477225926229252	632.6380483631397
12.651153343920512	636.8322645905232
12.825080761611773	641.0264808179066
12.999008179303033	645.2206970452901
13.172935596994295	649.4149132726736
13.346863014685555	652.3288909000797
13.520790432376819	655.2428685274858
13.69471785006808	658.156846154892
13.86864526775934	661.0708237822981
14.042572685450603	663.6226520505595
14.216500103141863	666.174480318821
14.390427520833123	668.7263085870825
14.564354938524385	671.278136855344
14.738282356215645	675.1156444944106
14.912209773906909	678.9531521334771
15.086137191598171	682.7906597725437
15.260064609289431	686.6281674116103
15.433992026980695	689.7818050154099
15.607919444671955	692.9354426192094
15.781846862363217	696.0890802230091
15.955774280054479	699.2427178268086
16.12970169774574	702.0232922386471
16.303629115437	704.8038666504855
16.47755653312826	707.5844410623239
16.65148395081952	710.3650154741623
16.825411368510782	712.6658924643925
16.999338786202042	714.9667694546227
17.173266203893306	717.267646444853
17.347193621584562	719.5685234350832
17.521121039275823	721.7699430534301
17.695048456967083	723.971362671777
17.868975874658343	726.1727822901239
18.042903292349607	728.3742019084708
18.216830710040867	730.5373177500592
18.390758127732127	732.7004335916475
18.564685545423387	734.8635494332359
18.738612963114647	737.0266652748243
18.912540380805915	739.5082912606431
19.086467798497175	741.9899172464618
19.260395216188435	744.4715432322806
19.434322633879695	746.9531692180994
19.608250051570955	749.0202059741044
19.782177469262216	751.0872427301094
19.95610488695348	753.1542794861143
20.13003230464474	755.2213162421193
20.303959722336	756.6545794928412
20.477887140027264	758.0878427435631
20.651814557718527	759.521105994285
20.82574197540979	760.9543692450069
20.999669393101048	762.8300925546832
21.173596810792304	764.7058158643595
21.347524228483564	766.5815391740358
21.52145164617482	768.4572624837122
21.69537906386609	770.2139702874979
21.86930648155735	771.9706780912836
22.043233899248605	773.7273858950693
22.21716131693987	775.4840936988551
22.391088734631126	777.2528338669898
22.56501615232239	779.0215740351244
22.738943570013646	780.7903142032592
22.912870987704906	782.5590543713938
23.086798405396166	783.7793570803601
23.260725823087427	784.9996597893263
23.434653240778683	786.2199624982925
23.608580658469947	787.4402652072588
23.78250807616121	788.7234391824849
23.95643549385247	790.0066131577107
24.130362911543735	791.2897871329368
24.304290329235	792.5729611081628
24.478217746926262	793.7002183321099
24.652145164617522	794.8274755560572
24.826072582308782	795.9547327800044
25.000000000000043	797.0819900039517
25.1739274176913	798.1657455755367
25.347854835382563	799.2495011471215
25.521782253073827	800.3332567187065
25.695709670765083	801.4170122902914
25.869637088456347	802.4636334744491
26.043564506147607	803.510254658607
26.217491923838868	804.5568758427647
26.391419341530135	805.6034970269225
26.56534675922139	806.802177246192
26.73927417691265	808.0008574654614
26.913201594603912	809.1995376847309
27.087129012295172	810.3982179040004
27.261056429986436	811.5088594966967
27.434983847677696	812.619501089393
27.608911265368956	813.7301426820892
27.782838683060216	814.8407842747855
27.956766100751477	815.880683627076
28.130693518442737	816.9205829793666
28.304620936134	817.9604823316572
28.47854835382526	819.0003816839478
28.65247577151652	819.6164314006174
28.82640318920778	820.2324811172871
29.00033060689904	820.8485308339568
29.174258024590305	821.4645805506265
29.34818544228156	822.1981974543374
29.522112859972825	822.9318143580484
29.696040277664085	823.6654312617594
29.869967695355342	824.3990481654704
30.043895113046606	825.0396713645453
30.217822530737866	825.68029456362
30.391749948429126	826.3209177626949
30.565677366120386	826.9615409617697
30.73960478381165	827.6858830739831
30.91353220150291	828.4102251861964
31.08745961919417	829.1345672984098
31.261387036885434	829.8589094106231
31.435314454576687	830.431086853425
31.609241872267948	831.0032642962268
31.783169289959208	831.5754417390286
31.95709670765047	832.1476191818305
32.13102412534173	832.8900310162529
32.304951543033	833.6324428506755
32.478878960724266	834.374854685098
32.65280637841553	835.1172665195204
32.82673379610679	835.6062612321466
33.00066121379805	836.0952559447728
33.17458863148931	836.584250657399
33.348516049180574	837.0732453700252
33.522443466871835	837.5019135749116
33.69637088456309	837.9305817797979
33.87029830225434	838.3592499846842
34.0442257199456	838.7879181895705
34.21815313763686	839.2628399909023
34.39208055532813	839.7377617922341
34.566007973019396	840.212683593566
34.739935390710656	840.6876053948978
34.913862808401916	841.252048713942
35.087790226093176	841.8164920329862
35.261717643784436	842.3809353520303
35.4356450614757	842.9453786710744
35.60957247916696	843.3272372816325
35.78349989685822	843.7090958921906
35.95742731454948	844.0909545027487
36.13135473224074	844.4728131133068
36.305282149932	844.9461156414274
36.47920956762326	845.4194181695481
36.65313698531452	845.8927206976687
36.82706440300578	846.3660232257894
37.000991820697045	846.7273481708828
37.174919238388306	847.0886731159762
37.348846656079566	847.4499980610696
37.522774073770826	847.811323006163
37.696701491462086	848.1171873100382
37.87062890915335	848.4230516139135
38.044556326844614	848.7289159177886
38.218483744535874	849.0347802216638
38.392411162227134	849.3041140069299
38.566338579918394	849.573447792196
38.740265997609654	849.8427815774622
38.91419341530092	850.1121153627283
39.08812083299218	850.4148591840442
39.26204825068344	850.71760300536
39.4359756683747	851.0203468266759
39.60990308606596	851.3230906479918
39.78383050375722	851.6930241037253
39.95775792144848	852.0629575594587
40.13168533913974	852.4328910151922
40.305612756831	852.8028244709258
40.47954017452226	853.1041297034003
40.653467592213524	853.4054349358747
40.8273950099048	853.7067401683491
41.00132242759606	854.0080454008237
41.17524984528732	854.2120067448158
41.34917726297857	854.4159680888081
41.52310468066983	854.6199294328002
41.69703209836109	854.8238907767924
41.87095951605235	855.0561305232955
42.04488693374361	855.2883702697985
42.21881435143487	855.5206100163016
42.39274176912613	855.7528497628047
42.56666918681739	856.0154431178062
42.74059660450866	856.2780364728076
42.91452402219993	856.540629827809
43.08845143989119	856.8032231828105
43.262378857582455	856.9692564593984
43.436306275273715	857.1352897359864
43.61023369296497	857.3013230125742
43.784161110656235	857.4673562891621
43.95808852834749	857.6501708604859
44.132015946038756	857.8329854318097
44.305943363730016	858.0158000031333
44.479870781421276	858.1986145744571
44.653798199112536	858.3552433800189
44.82772561680379	858.5118721855808
45.00165303449504	858.6685009911428
45.1755804521863	858.8251297967047
45.34950786987756	859.003689155644
45.52343528756883	859.1822485145833
45.6973627052601	859.3608078735226
45.87129012295136	859.5393672324619
46.045217540642625	859.7222443665718
46.219144958333885	859.9051215006815
46.393072376025145	860.0879986347913
46.56699979371641	860.2708757689011
46.7402998151167	860.420845209948
46.913599836516994	860.5708146509949
47.086899857917295	860.7207840920418
47.26019987931759	860.8707535330886
47.43349990071788	860.9961132514279
47.60679992211818	861.1214729697672
47.78009994351847	861.2468326881065
47.953399964918766	861.3721924064457
48.12467345212945	861.4989705915295
48.29594693934015	861.6257487766134
48.46722042655084	861.7525269616971
48.63849391376153	861.8793051467809
48.80976740097223	861.9855269469329
48.9810408881829	862.0917487470848
49.152314375393594	862.1979705472368
49.32358786260429	862.3041923473887
49.492690896953214	862.3604069246471
49.66179393130214	862.4166215019056
49.83089696565107	862.4728360791642
49.99999999999999	862.5290506564227
