0.0	906.4636834412254
0.05341880341880345	905.6816020245496
0.1068376068376069	904.8995206078737
0.16025641025641035	904.1174391911977
0.2136752136752138	904.0594081147811
0.26709401709401726	904.0013770383645
0.32051282051282065	903.9433459619479
0.3739316239316241	904.1152330013703
0.42735042735042755	904.2871200407925
0.480769230769231	904.4590070802149
0.5341880341880345	904.7798260529903
0.5876068376068379	905.1006450257656
0.6410256410256413	905.421463998541
0.6944444444444448	905.9020805155875
0.7478632478632481	906.3826970326339
0.8012820512820515	906.8633135496804
0.8547008547008551	907.3020283284602
0.9081196581196586	907.74074310724
0.961538461538462	908.1794578860197
1.0149572649572658	908.5376744311569
1.0683760683760692	908.8958909762939
1.1217948717948725	909.254107521431
1.1752136752136757	909.4560391281718
1.228632478632479	909.6579707349125
1.2820512820512824	909.8599023416532
1.3354700854700858	909.8106633490272
1.3888888888888888	909.7614243564011
1.442307692307692	909.712185363775
1.495726495726496	909.6628330664399
1.5491452991452996	909.6134807691047
1.6025641025641035	909.5641284717697
1.655982905982907	909.5016705752372
1.7094017094017102	909.4392126787046
1.7628205128205137	909.3767547821722
1.8162393162393173	909.215865572918
1.8696581196581208	909.0549763636637
1.923076923076924	908.8940871544095
1.9764957264957277	908.5687078870848
2.029914529914531	908.2433286197601
2.083333333333335	907.9179493524354
2.136752136752138	907.5541092884107
2.1901709401709417	907.1902692243859
2.243589743589745	906.8264291603612
2.297008547008548	906.4029568860088
2.3504273504273514	905.9794846116564
2.4038461538461546	905.556012337304
2.457264957264958	905.1024660373423
2.510683760683761	904.6489197373804
2.5641025641025648	904.1953734374187
2.6175213675213684	903.7566798966761
2.6709401709401717	903.3179863559335
2.7243589743589753	902.8792928151909
2.777777777777779	902.4560574631037
2.8311965811965822	902.0328221110165
2.8846153846153855	901.6095867589293
2.938034188034189	901.2117641988017
2.9914529914529924	900.813941638674
3.044871794871796	900.4161190785463
3.0982905982905997	900.0461080956625
3.1517094017094034	899.6760971127784
3.2051282051282066	899.3060861298944
3.2585470085470103	898.989763154177
3.311965811965813	898.6734401784595
3.3653846153846168	898.3571172027421
3.4188034188034204	898.0763059027507
3.4722222222222237	897.7954946027594
3.5256410256410273	897.514683302768
3.5790598290598314	897.2527518379966
3.632478632478635	896.990820373225
3.6858974358974383	896.7288889084534
3.7393162393162416	896.4667813376356
3.792735042735045	896.2046737668175
3.8461538461538476	895.9425661959995
3.8995726495726513	895.6591764115834
3.9529914529914545	895.3757866271673
4.006410256410259	895.0923968427511
4.059829059829063	894.781159981977
4.113247863247866	894.4699231212028
4.16666666666667	894.1586862604286
4.220085470085473	893.8578518501723
4.273504273504277	893.557017439916
4.32692307692308	893.2561830296597
4.380341880341883	892.9826195229116
4.433760683760687	892.7090560161632
4.48717948717949	892.435492509415
4.540598290598293	892.1682038691501
4.594017094017096	891.9009152288852
4.6474358974359	891.6336265886202
4.700854700854703	891.3193054959962
4.754273504273506	891.0049844033721
4.80769230769231	890.6906633107479
4.861111111111114	890.4087114321597
4.9145299145299175	890.1267595535714
4.967948717948721	889.8448076749831
5.021367521367524	889.579537542084
5.074786324786327	889.3142674091848
5.12820512820513	889.0489972762856
5.1816239316239345	888.8034780587966
5.235042735042738	888.5579588413075
5.288461538461542	888.3124396238184
5.341880341880345	888.0886283504844
5.3952991452991474	887.8648170771504
5.44871794871795	887.6410058038164
5.502136752136754	887.4374817853263
5.555555555555557	887.2339577668362
5.60897435897436	887.030433748346
5.6623931623931645	886.8341906057441
5.715811965811968	886.6379474631422
5.769230769230772	886.4417043205402
5.822649572649576	886.2528569495654
5.876068376068379	886.0640095785906
5.929487179487183	885.8751622076157
5.982905982905987	885.6936682628059
6.036324786324791	885.5121743179959
6.089743589743594	885.3306803731859
6.143162393162398	885.1528342716721
6.1965811965812	884.974988170158
6.2500000000000036	884.797142068644
6.303418803418809	884.621060542627
6.356837606837612	884.4449790166099
6.410256410256415	884.2688974905927
6.463675213675218	884.0992470656622
6.517094017094021	883.9295966407316
6.570512820512824	883.7599462158009
6.623931623931628	883.6001118308368
6.677350427350431	883.4402774458725
6.730769230769234	883.2804430609084
6.784188034188038	883.111061009624
6.837606837606841	882.9416789583394
6.891025641025644	882.7722969070547
6.944444444444448	882.5951500694114
6.997863247863251	882.4180032317679
7.051282051282055	882.2408563941244
7.104700854700859	882.070887870791
7.15811965811966	881.9009193474574
7.2115384615384635	881.7309508241237
7.264957264957268	881.5765759209505
7.318376068376071	881.4222010177772
7.371794871794874	881.2678261146038
7.425213675213679	881.1356624925795
7.478632478632483	881.003498870555
7.532051282051286	880.8713352485305
7.58547008547009	880.7499221988649
7.638888888888891	880.628509149199
7.692307692307693	880.5070960995331
7.745726495726499	880.3956930390492
7.7991452991453025	880.2842899785652
7.8525641025641075	880.1728869180812
7.905982905982911	880.0745683428609
7.959401709401714	879.9762497676403
8.012820512820518	879.8779311924197
8.06623931623932	879.7994980391817
8.119658119658125	879.7210648859434
8.173076923076927	879.6426317327052
8.226495726495733	879.5751973245293
8.279914529914535	879.5077629163533
8.333333333333341	879.4403285081773
8.386752136752143	879.3827291556247
8.440170940170946	879.3251298030721
8.493589743589748	879.2675304505194
8.547008547008554	879.221518798885
8.600427350427356	879.1755071472504
8.65384615384616	879.129495495616
8.707264957264965	879.1008461308276
8.760683760683767	879.0721967660389
8.81410256410257	879.0435474012504
8.867521367521373	879.0240307402954
8.920940170940176	879.0045140793402
8.97435897435898	878.9849974183851
9.027777777777784	878.9641012478304
9.081196581196586	878.9432050772755
9.13461538461539	878.9223089067206
9.188034188034193	878.8797911582642
9.241452991452997	878.8372734098077
9.2948717948718	878.7947556613512
9.348290598290603	878.720108614445
9.401709401709406	878.6454615675387
9.455128205128212	878.5708145206324
9.508547008547016	878.486868839496
9.56196581196582	878.4029231583594
9.615384615384622	878.3189774772228
9.668803418803426	878.2434080396513
9.722222222222229	878.1678386020797
9.775641025641033	878.092269164508
9.829059829059837	878.0246450255222
9.882478632478641	877.9570208865362
9.935897435897443	877.8893967475502
9.989316239316247	877.8301860528076
10.042735042735048	877.7709753580647
10.096153846153852	877.7117646633219
10.149572649572656	877.662866174636
10.20299145299146	877.6139676859498
10.256410256410263	877.5650691972637
10.309829059829067	877.5231995769545
10.363247863247869	877.4813299566451
10.416666666666673	877.4394603363359
10.470085470085477	877.4018183444795
10.523504273504281	877.3641763526228
10.576923076923084	877.3265343607663
10.630341880341888	877.2926910999748
10.68376068376069	877.2588478391831
10.737179487179493	877.2250045783915
10.790598290598295	877.1954695080401
10.844017094017099	877.1659344376885
10.897435897435901	877.136399367337
10.950854700854707	877.1126415344125
11.00427350427351	877.0888837014879
11.057692307692314	877.0651258685633
11.111111111111118	877.0453996581173
11.164529914529922	877.0256734476712
11.217948717948724	877.0059472372252
11.27136752136753	876.9890130727053
11.32478632478633	876.9720789081854
11.378205128205135	876.9551447436654
11.431623931623937	876.9409147253491
11.48504273504274	876.9266847070327
11.538461538461542	876.9124546887163
11.591880341880346	876.9012715049523
11.645299145299148	876.8900883211883
11.698717948717952	876.8789051374242
11.752136752136757	876.8709179734035
11.80555555555556	876.8629308093826
11.858974358974365	876.8549436453619
11.912393162393169	876.8486230688663
11.965811965811971	876.8423024923705
12.019230769230775	876.8359819158748
12.072649572649578	876.8300177750599
12.126068376068382	876.8240536342448
12.179487179487184	876.8180894934299
12.232905982905988	876.8115535344128
12.286324786324787	876.8050175753957
12.339743589743591	876.7984816163786
12.393162393162395	876.7901012397637
12.4465811965812	876.7817208631486
12.500000000000004	876.7733404865336
12.553418803418808	876.7630554402326
12.60683760683761	876.7527703939315
12.660256410256414	876.7424853476306
12.713675213675216	876.7312564798792
12.76709401709402	876.7200276121276
12.820512820512823	876.7087987443762
12.873931623931627	876.6972812437327
12.92735042735043	876.6857637430891
12.980769230769234	876.6742462424454
13.034188034188036	876.662820655742
13.08760683760684	876.6513950690386
13.141025641025642	876.6399694823352
13.194444444444446	876.6292672039076
13.247863247863249	876.61856492548
13.301282051282051	876.6078626470523
13.354700854700855	876.5986978277126
13.40811965811966	876.5895330083728
13.461538461538463	876.580368189033
13.514957264957268	876.5724896216005
13.568376068376068	876.5646110541678
13.621794871794872	876.5567324867351
13.675213675213676	876.5498741643463
13.728632478632482	876.5430158419574
13.782051282051285	876.5361575195686
13.83547008547009	876.5300677617313
13.888888888888891	876.5239780038938
13.942307692307697	876.5178882460564
13.9957264957265	876.5110081130833
14.049145299145302	876.5041279801102
14.102564102564106	876.4972478471371
14.15598290598291	876.4889856224945
14.20940170940171	876.4807233978518
14.262820512820515	876.472461173209
14.31623931623932	876.4638585269689
14.369658119658125	876.4552558807287
14.423076923076927	876.4466532344886
14.476495726495731	876.4384703381681
14.529914529914532	876.4302874418476
14.583333333333336	876.4221045455271
14.63675213675214	876.4145777053376
14.690170940170944	876.4070508651479
14.743589743589746	876.3995240249583
14.797008547008552	876.3928732922495
14.850427350427355	876.3862225595407
14.90384615384616	876.3795718268318
14.957264957264963	876.373881175419
15.010683760683767	876.3681905240061
15.06410256410257	876.3624998725932
15.117521367521372	876.3573281444246
15.170940170940172	876.352156416256
15.224358974358973	876.3469846880874
15.277777777777779	876.3422457763401
15.331196581196583	876.3375068645926
15.384615384615385	876.3327679528451
15.438034188034191	876.3285002075385
15.491452991452993	876.3242324622317
15.5448717948718	876.3199647169251
15.598290598290601	876.3165295641072
15.651709401709402	876.3130944112893
15.705128205128204	876.3096592584714
15.758547008547012	876.3070012659064
15.811965811965818	876.3043432733413
15.865384615384622	876.3016852807762
15.918803418803424	876.2995677344085
15.972222222222225	876.2974501880406
16.025641025641026	876.2953326416728
16.079059829059826	876.2937723177827
16.13247863247863	876.2922119938925
16.185897435897438	876.2906516700023
16.239316239316242	876.2898963238059
16.292735042735043	876.2891409776095
16.346153846153847	876.288385631413
16.399572649572654	876.2889193350743
16.45299145299146	876.2894530387356
16.50641025641026	876.2899867423969
16.559829059829067	876.2913210471739
16.61324786324787	876.2926553519509
16.666666666666675	876.2939896567278
16.720085470085476	876.2960671445338
16.773504273504276	876.2981446323396
16.82692307692308	876.3002221201455
16.880341880341888	876.3032271547231
16.93376068376069	876.3062321893005
16.987179487179496	876.3092372238781
17.0405982905983	876.3141577033655
17.0940170940171	876.3190781828526
17.1474358974359	876.3239986623399
17.20085470085471	876.330369492462
17.254273504273513	876.3367403225838
17.307692307692317	876.3431111527057
17.361111111111118	876.3509178862215
17.414529914529925	876.3587246197372
17.46794871794873	876.3665313532531
17.521367521367534	876.3762576519704
17.57478632478633	876.3859839506877
17.628205128205135	876.3957102494049
17.68162393162394	876.405367629612
17.735042735042747	876.4150250098189
17.788461538461547	876.4246823900259
17.84188034188035	876.4231171561128
17.895299145299152	876.4215519221996
17.948717948717956	876.4199866882864
18.002136752136757	876.4176384228657
18.05555555555556	876.4152901574448
18.108974358974365	876.4129418920239
18.16239316239317	876.4112358506644
18.215811965811973	876.4095298093048
18.269230769230777	876.4078237679453
18.32264957264958	876.4066293676109
18.376068376068382	876.4054349672764
18.429487179487182	876.4042405669419
18.482905982905987	876.4026656534332
18.536324786324794	876.4010907399244
18.5897435897436	876.3995158264156
18.643162393162402	876.3971266992384
18.696581196581203	876.3947375720609
18.750000000000007	876.3923484448835
18.80341880341881	876.3888432076176
18.856837606837612	876.3853379703514
18.910256410256416	876.3818327330854
18.963675213675224	876.3768948446811
19.017094017094024	876.3719569562767
19.070512820512825	876.3670190678723
19.123931623931632	876.3612952938697
19.177350427350436	876.355571519867
19.230769230769237	876.3498477458644
19.28418803418804	876.3437593856022
19.337606837606845	876.33767102534
19.391025641025646	876.3315826650778
19.44444444444445	876.3253201518788
19.497863247863254	876.3190576386797
19.551282051282058	876.3127951254806
19.604700854700862	876.306610454806
19.658119658119663	876.3004257841312
19.711538461538467	876.2942411134566
19.764957264957275	876.2882278309503
19.818376068376082	876.2822145484439
19.871794871794886	876.2762012659375
19.925213675213687	876.2703760315358
19.978632478632484	876.2645507971339
20.032051282051285	876.258725562732
20.08547008547009	876.2531360071608
20.13888888888889	876.2475464515895
20.192307692307693	876.2419568960182
20.2457264957265	876.236737522248
20.299145299145305	876.2315181484776
20.352564102564113	876.2262987747073
20.405982905982917	876.2214694709905
20.45940170940172	876.2166401672737
20.51282051282052	876.2118108635568
20.566239316239326	876.2072213006802
20.619658119658126	876.2026317378035
20.67307692307693	876.1980421749267
20.726495726495735	876.1936764197766
20.779914529914535	876.1893106646263
20.83333333333334	876.1849449094761
20.886752136752147	876.1808388784843
20.940170940170947	876.1767328474924
20.993589743589755	876.1726268165005
21.04700854700856	876.1688889589044
21.10042735042736	876.1651511013082
21.15384615384616	876.161413243712
21.207264957264968	876.1579219162445
21.260683760683772	876.1544305887768
21.314102564102576	876.1509392613091
21.36752136752138	876.1476346745083
21.420940170940185	876.1443300877072
21.47435897435899	876.1410255009063
21.527777777777793	876.1378990430215
21.58119658119659	876.1347725851367
21.63461538461539	876.1316461272519
21.688034188034194	876.1287378097317
21.741452991452995	876.1258294922112
21.794871794871796	876.1229211746909
21.848290598290603	876.1202984066068
21.901709401709407	876.1176756385225
21.955128205128215	876.1150528704384
22.008547008547016	876.1125983005236
22.06196581196582	876.1101437306086
22.115384615384624	876.1076891606937
22.168803418803428	876.1053706696254
22.222222222222225	876.1030521785568
22.27564102564103	876.1007336874884
22.329059829059833	876.098560258765
22.382478632478637	876.0963868300415
22.435897435897438	876.094213401318
22.489316239316242	876.0922856626943
22.542735042735046	876.0903579240705
22.59615384615385	876.0884301854468
22.649572649572654	876.0866664686984
22.70299145299146	876.0849027519498
22.756410256410263	876.0831390352013
22.809829059829063	876.0814861828151
22.863247863247864	876.0798333304286
22.916666666666664	876.0781804780423
22.970085470085472	876.0766399791717
23.023504273504276	876.0750994803008
23.076923076923077	876.07355898143
23.130341880341888	876.0722285829128
23.183760683760692	876.0708981843953
23.2371794871795	876.069567785878
23.2905982905983	876.0683787017891
23.3440170940171	876.0671896177
23.3974358974359	876.066000533611
23.450854700854705	876.0649026034017
23.504273504273502	876.0638046731923
23.557692307692307	876.0627067429829
23.611111111111114	876.0617038909738
23.664529914529915	876.0607010389646
23.71794871794872	876.0596981869553
23.771367521367523	876.0589009621302
23.824786324786324	876.058103737305
23.87820512820513	876.05730651248
23.931623931623932	876.0566082285213
23.985042735042732	876.0559099445627
24.03846153846154	876.0552116606041
24.091880341880344	876.0545936906009
24.14529914529914	876.0539757205976
24.19871794871795	876.0533577505944
24.252136752136757	876.052848775176
24.30555555555556	876.0523397997575
24.358974358974365	876.051830824339
24.412393162393172	876.0514927153749
24.465811965811977	876.0511546064107
24.519230769230777	876.0508164974466
24.572649572649578	876.0505532124922
24.62606837606838	876.0502899275376
24.679487179487175	876.050026642583
24.732905982905987	876.0498439694486
24.786324786324787	876.0496612963141
24.83974358974359	876.0494786231797
24.893162393162395	876.0494096533785
24.9465811965812	876.0493406835772
25.0	876.0492717137759
