0.0	1265.688996249314
0.8547008547008556	1267.8195184735005
1.709401709401711	1269.950040697687
2.5641025641025665	1272.0805629218735
3.418803418803422	1276.5849123846713
4.273504273504278	1281.0892618474688
5.128205128205133	1285.5936113102666
5.982905982905989	1290.7257991583372
6.837606837606845	1295.8579870064075
7.692307692307701	1300.9901748544778
8.547008547008557	1306.1944295587732
9.401709401709413	1311.3986842630684
10.256410256410268	1316.6029389673638
11.111111111111125	1320.5899787190715
11.965811965811982	1324.5770184707787
12.820512820512837	1328.5640582224862
13.675213675213692	1331.5064812926962
14.529914529914548	1334.4489043629058
15.384615384615401	1337.3913274331155
16.239316239316256	1339.5796202873057
17.09401709401711	1341.7679131414957
17.948717948717967	1343.9562059956859
18.803418803418825	1345.1995918769296
19.65811965811968	1346.4429777581731
20.51282051282054	1347.6863636394166
21.367521367521395	1347.3974717762526
22.222222222222246	1347.108579913088
23.0769230769231	1346.8196880499238
23.93162393162396	1345.9838767147148
24.786324786324816	1345.1480653795054
25.641025641025678	1344.3122540442962
26.495726495726533	1343.0186420874013
27.350427350427385	1341.7250301305062
28.205128205128236	1340.4314181736113
29.05982905982909	1338.5875078169252
29.914529914529943	1336.743597460239
30.7692307692308	1334.8996871035529
31.623931623931657	1332.3805834097984
32.47863247863251	1329.8614797160437
33.33333333333337	1327.3423760222893
34.18803418803423	1324.5657889550996
35.04273504273508	1321.78920188791
35.89743589743594	1319.0126148207203
36.7521367521368	1316.038720234901
37.60683760683765	1313.0648256490815
38.4615384615385	1310.0909310632621
39.31623931623936	1306.9605105474861
40.17094017094022	1303.8300900317101
41.02564102564108	1300.6996695159341
41.88034188034194	1297.3304123322025
42.73504273504279	1293.9611551484707
43.58974358974364	1290.591897964739
44.4444444444445	1287.0785446352586
45.29914529914535	1283.565191305778
46.1538461538462	1280.0518379762975
47.00854700854706	1276.4201161373594
47.86324786324791	1272.788394298421
48.71794871794877	1269.156672459483
49.57264957264963	1265.4842654078811
50.42735042735048	1261.8118583562793
51.28205128205134	1258.1394513046776
52.1367521367522	1254.4254698448692
52.991452991453045	1250.7114883850609
53.846153846153896	1246.9975069252525
54.700854700854755	1243.2231932701138
55.55555555555561	1239.4488796149749
56.410256410256466	1235.674565959836
57.264957264957324	1231.8655989564436
58.119658119658176	1228.0566319530512
58.97435897435903	1224.2476649496589
59.82905982905989	1220.4611387107182
60.68376068376074	1216.6746124717774
61.5384615384616	1212.8880862328367
62.393162393162456	1209.1252494629045
63.247863247863314	1205.3624126929724
64.10256410256417	1201.5995759230402
64.95726495726502	1197.8854193076536
65.81196581196588	1194.1712626922667
66.66666666666673	1190.45710607688
67.52136752136758	1186.7246052890257
68.37606837606843	1182.9921045011713
69.2307692307693	1179.259603713317
70.08547008547016	1175.5256353272516
70.94017094017101	1171.7916669411861
71.79487179487188	1168.0576985551209
72.64957264957273	1164.3296226340294
73.50427350427357	1160.6015467129382
74.35897435897442	1156.8734707918468
75.21367521367529	1153.1400686945226
76.06837606837614	1149.4066665971984
76.92307692307699	1145.6732644998742
77.77777777777786	1141.976970344942
78.63247863247871	1138.2806761900094
79.48717948717956	1134.5843820350772
80.34188034188041	1130.9053646469565
81.19658119658126	1127.2263472588356
82.0512820512821	1123.547329870715
82.90598290598297	1119.8825607723854
83.76068376068382	1116.217791674056
84.61538461538467	1112.5530225757263
85.47008547008552	1108.9281278858034
86.32478632478637	1105.3032331958802
87.17948717948723	1101.6783385059573
88.0341880341881	1098.127484168012
88.88888888888897	1094.5766298300664
89.74358974358984	1091.025775492121
90.59829059829069	1087.525030494357
91.45299145299153	1084.0242854965927
92.30769230769238	1080.5235404988287
93.16239316239324	1077.0574643234609
94.0170940170941	1073.5913881480928
94.87179487179495	1070.125311972725
95.72649572649583	1066.6922769295188
96.58119658119668	1063.2592418863123
97.43589743589753	1059.8262068431059
98.29059829059838	1056.4111083671885
99.14529914529923	1052.996009891271
100.00000000000009	1049.5809114153533
100.85470085470094	1046.2217679218807
101.70940170940179	1042.862624428408
102.56410256410264	1039.5034809349354
103.41880341880349	1036.1950323516078
104.27350427350433	1032.8865837682804
105.12820512820518	1029.5781351849528
105.98290598290605	1026.3284900430306
106.8376068376069	1023.0788449011084
107.69230769230775	1019.829199759186
108.5470085470086	1016.6758529489013
109.40170940170945	1013.5225061386163
110.2564102564103	1010.3691593283314
111.11111111111119	1007.2687612039582
111.96581196581204	1004.1683630795848
112.8205128205129	1001.0679649552114
113.67521367521377	998.0225969006639
114.5299145299146	994.9772288461162
115.38461538461546	991.9318607915685
116.23931623931632	988.9444008505518
117.09401709401718	985.956940909535
117.94871794871804	982.9694809685182
118.8034188034189	980.0775680003051
119.65811965811973	977.1856550320917
120.51282051282058	974.2937420638785
121.36752136752145	971.4787147817631
122.22222222222229	968.6636874996474
123.07692307692315	965.8486602175318
123.93162393162402	963.0927916995129
124.78632478632487	960.3369231814937
125.64102564102572	957.5810546634747
126.49572649572657	954.8947425083622
127.35042735042742	952.2084303532497
128.2051282051283	949.5221181981373
129.05982905982913	946.9237907354062
129.91452991453	944.325463272675
130.76923076923083	941.7271358099439
131.62393162393172	939.1800045876222
132.47863247863256	936.6328733653003
133.33333333333346	934.0857421429785
134.1880341880343	931.5745391630828
135.04273504273513	929.0633361831871
135.89743589743597	926.5521332032913
136.75213675213686	924.0920464348604
137.6068376068377	921.6319596664293
138.46153846153857	919.1718728979982
139.31623931623943	916.7967517070763
140.17094017094027	914.4216305161542
141.0256410256411	912.0465093252323
141.88034188034197	909.7487347744849
142.73504273504284	907.4509602237374
143.58974358974368	905.15318567299
144.44444444444454	902.909436313166
145.29914529914538	900.6656869533418
146.15384615384625	898.4219375935177
147.00854700854708	896.2260053021964
147.86324786324795	894.0300730108751
148.71794871794881	891.8341407195538
149.57264957264968	889.7125093983135
150.42735042735052	887.5908780770731
151.28205128205138	885.4692467558326
152.13675213675225	883.4039705940464
152.99145299145312	881.3386944322602
153.84615384615395	879.273418270474
154.70085470085482	877.259634708827
155.55555555555566	875.2458511471798
156.41025641025652	873.2320675855326
157.26495726495742	871.2653492996751
158.11965811965828	869.2986310138175
158.97435897435915	867.3319127279599
159.82905982906001	865.4127354190033
160.68376068376082	863.4935581100465
161.5384615384617	861.5743808010897
162.39316239316253	859.7207367114605
163.2478632478634	857.8670926218313
164.10256410256423	856.013448532202
164.9572649572651	854.2220219864761
165.81196581196593	852.4305954407499
166.66666666666677	850.6391688950239
167.5213675213676	848.8896726327965
168.37606837606847	847.140176370569
169.2307692307693	845.3906801083415
170.0854700854702	843.6798362457233
170.94017094017104	841.9689923831049
171.79487179487194	840.2581485204865
172.6495726495728	838.5936627089484
173.50427350427364	836.9291768974101
174.35897435897448	835.2646910858718
175.21367521367534	833.6655961230891
176.06837606837615	832.0665011603062
176.92307692307702	830.4674061975232
177.77777777777789	828.9225227286055
178.63247863247875	827.3776392596876
179.4871794871796	825.8327557907697
180.34188034188048	824.3217849215756
181.19658119658135	822.8108140523813
182.05128205128224	821.2998431831869
182.90598290598308	819.8177271810432
183.76068376068395	818.3356111788994
184.61538461538478	816.8534951767556
185.47008547008565	815.4045560455842
186.32478632478646	813.9556169144125
187.17948717948732	812.5066777832409
188.0341880341882	811.1058067558575
188.88888888888903	809.7049357284741
189.74358974358987	808.3040647010906
190.59829059829076	806.9514251042091
191.4529914529916	805.5987855073274
192.3076923076925	804.2461459104458
193.16239316239336	802.9212669228706
194.01709401709422	801.5963879352953
194.87179487179506	800.27150894772
195.72649572649593	798.9734805314183
196.58119658119674	797.6754521151165
197.43589743589757	796.3774236988147
198.29059829059844	795.1153715530916
199.14529914529928	793.8533194073682
200.00000000000014	792.5912672616449
200.85470085470104	791.3726833577574
201.70940170940187	790.1540994538697
202.56410256410274	788.9355155499819
203.4188034188036	787.7572840563261
204.27350427350447	786.57905256267
205.1282051282053	785.400821069014
205.9829059829062	784.2541003655573
206.83760683760698	783.1073796621005
207.69230769230785	781.9606589586436
208.54700854700872	780.842072099327
209.40170940170958	779.7234852400101
210.25641025641045	778.6048983806933
211.1111111111113	777.5165630712667
211.96581196581215	776.4282277618398
212.820512820513	775.339892452413
213.67521367521385	774.2842085384934
214.52991452991472	773.2285246245738
215.38461538461556	772.1728407106541
216.23931623931645	771.1457178928141
217.09401709401732	770.118595074974
217.9487179487182	769.0914722571339
218.80341880341905	768.0858209347028
219.6581196581199	767.0801696122717
220.51282051282072	766.0745182898405
221.3675213675216	765.086833891078
222.22222222222243	764.0991494923153
223.07692307692326	763.1114650935527
223.93162393162416	762.143645384746
224.78632478632505	761.1758256759392
225.64102564102592	760.2080059671325
226.49572649572679	759.2784952505274
227.3504273504276	758.3489845339222
228.20512820512843	757.4194738173171
229.05982905982927	756.5123773892617
229.9145299145301	755.6052809612062
230.76923076923094	754.6981845331507
231.62393162393187	753.8023251876506
232.4786324786327	752.9064658421505
233.33333333333357	752.0106064966504
234.1880341880344	751.1260490297216
235.04273504273525	750.2414915627926
235.89743589743608	749.3569340958636
236.75213675213698	748.4948340551549
237.60683760683781	747.6327340144461
238.4615384615387	746.7706339737374
239.31623931623957	745.9382570230042
240.17094017094044	745.1058800722709
241.02564102564125	744.2735031215377
241.88034188034214	743.4622276138344
242.73504273504298	742.6509521061311
243.58974358974385	741.8396765984278
244.44444444444468	741.0466714853657
245.29914529914555	740.2536663723033
246.1538461538464	739.4606612592411
247.00854700854725	738.6920545517046
247.8632478632481	737.9234478441679
248.71794871794899	737.1548411366313
249.57264957264985	736.4222577644213
250.42735042735072	735.6896743922111
251.28205128205155	734.9570910200011
252.13675213675245	734.2360799915995
252.99145299145326	733.5150689631977
253.84615384615412	732.7940579347959
254.70085470085502	732.0832644188481
255.55555555555586	731.3724709029002
256.4102564102567	730.6616773869523
257.26495726495756	729.964744607109
258.1196581196584	729.2678118272656
258.97435897435923	728.5708790474223
259.8290598290601	727.8875738076083
260.68376068376085	727.2042685677943
261.5384615384617	726.5209633279803
262.3931623931626	725.8640519125397
263.2478632478635	725.2071404970991
264.1025641025643	724.5502290816585
264.95726495726524	723.9115894134898
265.8119658119661	723.272949745321
266.6666666666669	722.6343100771522
267.5213675213678	722.0103916180041
268.37606837606864	721.3864731588558
269.2307692307695	720.7625546997076
270.0854700854703	720.1569731138304
270.9401709401712	719.5513915279531
271.79487179487205	718.9458099420759
272.649572649573	718.3725716155272
273.50427350427384	717.7993332889785
274.3589743589747	717.2260949624298
275.2136752136756	716.6686598449145
276.06837606837644	716.111224727399
276.92307692307725	715.5537896098836
277.7777777777781	715.0056576741566
278.6324786324789	714.4575257384296
279.4871794871798	713.9093938027025
280.34188034188065	713.371652108528
281.1965811965815	712.8339104143533
282.0512820512824	712.2961687201787
282.90598290598325	711.7819082464141
283.76068376068406	711.2676477726494
284.6153846153849	710.7533872988847
285.47008547008585	710.2494966274426
286.3247863247867	709.7456059560003
287.1794871794876	709.2417152845582
288.0341880341884	708.7476142587936
288.8888888888892	708.253513233029
289.74358974359	707.7594122072644
290.5982905982909	707.2786609607284
291.45299145299174	706.7979097141922
292.3076923076926	706.3171584676561
293.16239316239347	705.8654677670403
294.0170940170943	705.4137770664244
294.87179487179515	704.9620863658085
295.72649572649607	704.5267460440826
296.58119658119693	704.0914057223566
297.4358974358978	703.6560654006306
298.29059829059867	703.2334772689105
299.1452991452995	702.8108891371903
300.00000000000034	702.3883010054701
300.8547008547012	701.9794822410463
301.7094017094021	701.5706634766224
302.56410256410294	701.1618447121986
303.4188034188038	700.777666315506
304.2735042735046	700.3934879188133
305.1282051282055	700.0093095221207
305.98290598290635	699.639230142783
306.8376068376072	699.2691507634453
307.692307692308	698.8990713841076
308.5470085470089	698.5406353661149
309.40170940170975	698.1821993481221
310.2564102564106	697.8237633301294
311.1111111111114	697.478525326492
311.96581196581235	697.1332873228545
312.8205128205132	696.788049319217
313.6752136752141	696.4641508361186
314.52991452991483	696.1402523530202
315.3846153846157	695.8163538699217
316.2393162393166	695.5065031516112
317.09401709401754	695.1966524333008
317.94871794871835	694.8868017149903
318.80341880341916	694.5871126162739
319.65811965812	694.2874235175574
320.5128205128208	693.987734418841
321.36752136752165	693.6984701611674
322.2222222222225	693.4092059034937
323.07692307692344	693.1199416458201
323.93162393162436	692.8458758699222
324.7863247863251	692.5718100940243
325.641025641026	692.2977443181263
326.4957264957269	692.0387397980141
327.35042735042776	691.7797352779018
328.2051282051286	691.5207307577895
329.05982905982944	691.2712244731832
329.9145299145303	691.0217181885769
330.7692307692312	690.7722119039705
331.623931623932	690.5314766537547
332.4786324786328	690.2907414035387
333.3333333333336	690.0500061533229
334.18803418803446	689.8197010588492
335.0427350427353	689.5893959643753
335.89743589743614	689.3590908699015
336.75213675213706	689.1433988831998
337.6068376068379	688.927706896498
338.46153846153874	688.7120149097963
339.31623931623966	688.506966654641
340.1709401709405	688.3019183994857
341.0256410256414	688.0968701443304
341.8803418803422	687.9000087401463
342.73504273504295	687.7031473359621
343.5897435897438	687.5062859317778
344.44444444444474	687.3173662126513
345.29914529914555	687.1284464935247
346.1538461538464	686.9395267743982
347.0085470085473	686.7606812636418
347.8632478632481	686.5818357528852
348.7179487179489	686.4029902421288
349.57264957264977	686.2371428062269
350.42735042735063	686.0712953703248
351.2820512820515	685.9054479344229
352.1367521367523	685.7478688052174
352.9914529914532	685.5902896760118
353.84615384615404	685.4327105468063
354.7008547008549	685.2819609647962
355.5555555555557	685.131211382786
356.4102564102566	684.9804618007759
357.26495726495745	684.8371962799821
358.1196581196583	684.6939307591882
358.9743589743591	684.5506652383943
359.82905982906004	684.4198843118586
360.6837606837609	684.2891033853227
361.5384615384618	684.1583224587869
362.3931623931626	684.0365857859169
363.2478632478634	683.9148491130469
364.1025641025642	683.7931124401769
364.95726495726507	683.6776856303878
365.8119658119659	683.5622588205987
366.66666666666674	683.4468320108097
367.52136752136767	683.3379924341809
368.37606837606853	683.2291528575522
369.23076923076934	683.1203132809235
370.08547008547026	683.0235890352405
370.94017094017113	682.9268647895575
371.794871794872	682.8301405438746
372.64957264957286	682.7424332195029
373.50427350427367	682.6547258951312
374.35897435897454	682.5670185707595
375.2136752136754	682.485167758518
376.06837606837615	682.4033169462763
376.923076923077	682.3214661340347
377.7777777777779	682.2458250388696
378.63247863247875	682.1701839437044
379.48717948717956	682.0945428485393
380.3418803418805	682.032224383119
381.19658119658135	681.9699059176987
382.0512820512822	681.9075874522784
382.905982905983	681.8524728255139
383.76068376068383	681.7973581987493
384.61538461538464	681.7422435719847
385.4700854700855	681.6928247162613
386.32478632478626	681.6434058605378
387.1794871794872	681.5939870048143
388.0341880341881	681.5525084568429
388.88888888888897	681.5110299088715
389.74358974358984	681.4695513609001
390.59829059829076	681.441349836091
391.4529914529916	681.4131483112818
392.30769230769243	681.3849467864727
393.16239316239324	681.3630158957308
394.01709401709405	681.3410850049887
394.87179487179486	681.3191541142468
395.7264957264958	681.3037899188723
396.5811965811966	681.2884257234977
397.43589743589746	681.2730615281231
398.2905982905983	681.2671585985771
399.1452991452992	681.2612556690309
400.0	681.2553527394848
