0.0	1179.3443980443208
0.23310023310023295	1177.3258977973921
0.4662004662004659	1175.3073975504633
0.6993006993006988	1173.2888973035347
0.9324009324009318	1171.9017485583024
1.1655011655011647	1170.51459981307
1.3986013986013972	1169.1274510678375
1.6317016317016302	1168.0259849800061
1.864801864801863	1166.9245188921748
2.0979020979020957	1165.8230528043434
2.331002331002329	1164.7772195130556
2.564102564102562	1163.7313862217677
2.7972027972027944	1162.6855529304798
3.030303030303027	1161.7338518070524
3.26340326340326	1160.7821506836249
3.496503496503493	1159.8304495601974
3.729603729603726	1158.7457574364669
3.9627039627039577	1157.6610653127364
4.1958041958041905	1156.5763731890058
4.428904428904424	1155.3284438551564
4.662004662004657	1154.080514521307
4.89510489510489	1152.8325851874574
5.128205128205123	1151.494300712809
5.361305361305357	1150.1560162381604
5.59440559440559	1148.817731763512
5.8275058275058225	1147.3007641650722
6.060606060606054	1145.7837965666322
6.293706293706288	1144.2668289681924
6.526806526806522	1142.5791606952919
6.7599067599067535	1140.8914924223911
6.993006993006987	1139.2038241494904
7.226107226107221	1137.409322843727
7.459207459207453	1135.6148215379635
7.6923076923076845	1133.8203202322
7.925407925407917	1131.9201345030656
8.15850815850815	1130.0199487739314
8.391608391608383	1128.119763044797
8.624708624708617	1126.0765756609383
8.85780885780885	1124.0333882770794
9.090909090909083	1121.9902008932206
9.324009324009316	1119.8628688429828
9.557109557109547	1117.7355367927448
9.79020979020978	1115.608204742507
10.023310023310012	1113.4033910923663
10.256410256410247	1111.1985774422258
10.48951048951048	1108.993763792085
10.722610722610714	1106.750083305695
10.955710955710945	1104.5064028193049
11.188811188811178	1102.2627223329148
11.421911421911412	1100.0190900464602
11.655011655011641	1097.7754577600053
11.888111888111876	1095.5318254735507
12.121212121212109	1093.311909543375
12.354312354312343	1091.0919936131993
12.587412587412576	1088.8720776830235
12.82051282051281	1086.6626543824473
13.05361305361304	1084.4532310818709
13.286713286713272	1082.2438077812944
13.519813519813507	1080.0676658854777
13.752913752913738	1077.891523989661
13.986013986013972	1075.7153820938443
14.219114219114203	1073.5191443127962
14.452214452214438	1071.322906531748
14.685314685314669	1069.1266687507
14.918414918414905	1066.9506881142872
15.151515151515136	1064.7747074778742
15.384615384615369	1062.5987268414615
15.617715617715602	1060.474719037344
15.850815850815831	1058.350711233226
16.083916083916062	1056.2267034291085
16.3170163170163	1054.1427861533225
16.55011655011653	1052.0588688775363
16.783216783216766	1049.9749516017503
17.016317016317	1047.9326705106062
17.249417249417235	1045.890389419462
17.482517482517466	1043.848108328318
17.7156177156177	1041.8493010207137
17.948717948717935	1039.8504937131092
18.181818181818166	1037.8516864055048
18.4149184149184	1035.91358662998
18.648018648018628	1033.9754868544553
18.881118881118862	1032.0373870789306
19.114219114219093	1030.1478810367369
19.347319347319324	1028.2583749945431
19.58041958041956	1026.3688689523494
19.81351981351979	1024.5173471884352
20.04662004662002	1022.6658254245211
20.279720279720255	1020.8143036606069
20.512820512820493	1018.9967913102123
20.745920745920724	1017.1792789598175
20.97902097902096	1015.3617666094227
21.212121212121193	1013.5811726443914
21.445221445221428	1011.8005786793598
21.67832167832166	1010.0199847143283
21.91142191142189	1008.269558124188
22.144522144522124	1006.5191315340476
22.37762237762235	1004.7687049439072
22.610722610722586	1003.0541250941336
22.843822843822817	1001.3395452443598
23.07692307692305	999.624965394586
23.310023310023283	997.9695050370083
23.543123543123514	996.3140446794304
23.776223776223752	994.6585843218526
24.009324009323983	993.0665077768499
24.242424242424217	991.4744312318471
24.475524475524452	989.8823546868443
24.708624708624686	988.3362556110166
24.941724941724917	986.7901565351887
25.174825174825152	985.2440574593608
25.407925407925386	983.724238358388
25.64102564102562	982.2044192574151
25.874125874125852	980.6846001564423
26.107226107226086	979.2092671811843
26.34032634032632	977.7339342059261
26.57342657342655	976.2586012306679
26.806526806526787	974.8286134935314
27.03962703962702	973.3986257563948
27.272727272727252	971.9686380192583
27.505827505827483	970.5748039224244
27.738927738927714	969.1809698255904
27.972027972027945	967.7871357287564
28.20512820512818	966.4259715828941
28.438228438228407	965.0648074370316
28.671328671328645	963.7036432911691
28.904428904428876	962.3841223846292
29.137529137529107	961.0646014780892
29.370629370629338	959.7450805715492
29.603729603729576	958.4725162088521
29.836829836829807	957.1999518461548
30.069930069930038	955.9273874834576
30.303030303030276	954.6718290030241
30.53613053613051	953.4162705225905
30.76923076923074	952.160712042157
31.002331002330976	950.9319766047219
31.235431235431204	949.7032411672865
31.468531468531438	948.4745057298511
31.70163170163167	947.2813551818857
31.934731934731897	946.0882046339202
32.16783216783213	944.8950540859547
32.40093240093236	943.7419208470125
32.6340326340326	942.58878760807
32.86713286713283	941.4356543691276
33.10023310023306	940.3112733720515
33.3333333333333	939.1868923749752
33.56643356643353	938.0625113778989
33.79953379953376	936.9641090155873
34.032634032634	935.8657066532755
34.265734265734224	934.7673042909638
34.49883449883447	933.686458363482
34.7319347319347	932.6056124359999
34.96503496503493	931.5247665085179
35.19813519813517	930.4794618771397
35.4312354312354	929.4341572457613
35.664335664335624	928.388852614383
35.89743589743587	927.3785807245314
36.13053613053609	926.3683088346796
36.363636363636324	925.3580369448279
36.59673659673657	924.375987958932
36.82983682983679	923.3939389730359
37.062937062937024	922.41188998714
37.29603729603727	921.4513787357575
37.52913752913749	920.490867484375
37.76223776223773	919.5303562329925
37.99533799533796	918.5982915415283
38.228438228438186	917.6662268500639
38.461538461538424	916.7341621585996
38.694638694638655	915.8285206098849
38.927738927738886	914.9228790611702
39.160839160839124	914.0172375124555
39.393939393939355	913.1376576116642
39.627039627039586	912.2580777108728
39.860139860139824	911.3784978100815
40.093240093240055	910.5228589680975
40.32634032634029	909.6672201261133
40.55944055944052	908.8115812841293
40.79254079254075	907.9866434879714
41.02564102564099	907.1617056918134
41.25874125874122	906.3367678956554
41.49184149184145	905.5411252532452
41.72494172494169	904.745482610835
41.95804195804192	903.9498399684248
42.191142191142156	903.1758222313363
42.424242424242394	902.4018044942475
42.657342657342625	901.6277867571587
42.890442890442856	900.8690460380384
43.123543123543094	900.110305318918
43.35664335664332	899.3515645997977
43.589743589743556	898.6153852657466
43.82284382284378	897.8792059316954
44.05594405594401	897.1430265976443
44.28904428904425	896.4313069566467
44.52214452214447	895.7195873156492
44.7552447552447	895.0078676746516
44.98834498834495	894.3079450149878
45.22144522144517	893.6080223553239
45.45454545454541	892.90809969566
45.68764568764565	892.2248190411807
45.92074592074588	891.5415383867013
46.15384615384612	890.858257732222
46.38694638694635	890.2014410250869
46.62004662004657	889.5446243179517
46.853146853146804	888.8878076108166
47.086247086247035	888.2519520649412
47.319347319347266	887.6160965190656
47.55244755244751	886.9802409731901
47.78554778554775	886.3613491047734
48.01864801864798	885.7424572363564
48.25174825174822	885.1235653679395
48.48484848484845	884.526962945169
48.71794871794867	883.9303605223982
48.951048951048904	883.3337580996276
49.184149184149135	882.7560869474062
49.41724941724937	882.1784157951846
49.65034965034961	881.6007446429631
49.88344988344984	881.0412812621912
50.11655011655007	880.4818178814193
50.349650349650304	879.9223545006473
50.582750582750535	879.3825880528627
50.81585081585077	878.842821605078
51.04895104895101	878.3030551572934
51.28205128205125	877.7786400615845
51.51515151515148	877.2542249658753
51.74825174825171	876.7298098701662
51.98135198135195	876.2223443319177
52.21445221445217	875.7148787936691
52.447552447552404	875.2074132554205
52.68065268065264	874.7142147190227
52.91375291375287	874.2210161826248
53.146853146853104	873.7278176462269
53.37995337995335	873.251860950758
53.61305361305359	872.775904255289
53.84615384615382	872.29994755982
54.07925407925406	871.8403924939142
54.31235431235429	871.3808374280084
54.545454545454525	870.9212823621026
54.77855477855476	870.4722075761591
55.01165501165499	870.0231327902154
55.244755244755225	869.5740580042717
55.47785547785546	869.1359651961551
55.71095571095567	868.6978723880384
55.94405594405591	868.2597795799217
56.17715617715614	867.8374412041582
56.41025641025637	867.4151028283944
56.64335664335661	866.9927644526307
56.87645687645684	866.5835582080615
57.109557109557066	866.1743519634922
57.3426573426573	865.765145718923
57.575757575757535	865.3693848048906
57.80885780885777	864.9736238908581
58.04195804195801	864.5778629768257
58.27505827505824	864.1936288144692
58.50815850815848	863.8093946521125
58.741258741258704	863.4251604897559
58.97435897435894	863.0533026080964
59.20745920745918	862.6814447264367
59.44055944055941	862.3095868447771
59.67365967365964	861.9498744824086
59.90675990675988	861.59016212004
60.13986013986012	861.2304497576714
60.37296037296036	860.8819330036021
60.60606060606058	860.5334162495326
60.83916083916081	860.1848994954631
61.07226107226105	859.8484891700485
61.30536130536128	859.5120788446338
61.538461538461505	859.1756685192191
61.77156177156175	858.850368126265
62.00466200466197	858.5250677333107
62.2377622377622	858.1997673403565
62.47086247086244	857.886845071912
62.70396270396267	857.5739228034674
62.93706293706292	857.2610005350228
63.17016317016315	856.9590384234091
63.40326340326338	856.6570763117952
63.63636363636362	856.3551142001813
63.86946386946385	856.0570746078166
64.10256410256409	855.7590350154518
64.33566433566432	855.460995423087
64.56876456876456	855.1727807715222
64.8018648018648	854.8845661199573
65.03496503496503	854.5963514683924
65.26806526806527	854.3190469242398
65.50116550116549	854.041742380087
65.7342657342657	853.7644378359342
65.96736596736594	853.4972611977753
66.20046620046618	853.2300845596161
66.43356643356641	852.962907921457
66.66666666666666	852.7060631599476
66.89976689976687	852.449218398438
67.1328671328671	852.1923736369286
67.36596736596734	851.944883362034
67.59906759906758	851.6973930871394
67.83216783216783	851.4499028122448
68.06526806526806	851.2112503148059
68.29836829836827	850.9725978173667
68.5314685314685	850.7339453199277
68.76456876456875	850.504275801718
68.99766899766898	850.2746062835081
69.23076923076924	850.0449367652983
69.46386946386946	849.818189596756
69.69696969696967	849.5914424282137
69.93006993006989	849.3646952596714
70.16317016317014	849.1461113685247
70.39627039627037	848.9275274773778
70.6293706293706	848.7089435862309
70.86247086247084	848.4992305865521
71.09557109557107	848.2895175868732
71.32867132867132	848.0798045871943
71.56177156177154	847.8775662259595
71.79487179487178	847.6753278647246
72.027972027972	847.4730895034897
72.26107226107224	847.2784375923044
72.49417249417247	847.0837856811189
72.72727272727272	846.8891337699334
72.96037296037295	846.7009391640993
73.19347319347318	846.5127445582649
73.42657342657341	846.3245499524306
73.65967365967366	846.1433215015525
73.89277389277387	845.9620930506742
74.12587412587412	845.780864599796
74.35897435897435	845.6062388506358
74.59207459207458	845.4316131014756
74.8251748251748	845.2569873523154
75.05827505827504	845.0879799505022
75.29137529137527	844.918972548689
75.52447552447552	844.7499651468759
75.75757575757576	844.5868266077938
75.99067599067598	844.4236880687115
76.22377622377621	844.2605495296292
76.45687645687646	844.1038864749243
76.6899766899767	843.9472234202192
76.92307692307695	843.7905603655141
77.15617715617718	843.6402633467475
77.3892773892774	843.4899663279807
77.62237762237763	843.339669309214
77.85547785547786	843.1961091714405
78.08857808857807	843.052549033667
78.32167832167832	842.9089888958935
78.55477855477855	842.7716365782545
78.78787878787878	842.6342842606155
79.02097902097901	842.4969319429764
79.25407925407923	842.3666693616098
79.48717948717946	842.236406780243
79.72027972027969	842.1061441988762
79.95337995337995	841.9830686448522
80.1864801864802	841.8599930908281
80.41958041958044	841.736917536804
80.65268065268067	841.6161119716172
80.8857808857809	841.4953064064302
81.11888111888112	841.3745008412434
81.35198135198135	841.2554035677543
81.5850815850816	841.1363062942652
81.81818181818183	841.017209020776
82.05128205128206	840.9053685478705
82.28438228438229	840.7935280749647
82.51748251748252	840.6816876020589
82.75058275058275	840.5756873367709
82.98368298368298	840.4696870714828
83.21678321678321	840.3636868061948
83.44988344988346	840.2634415409267
83.68298368298369	840.1631962756586
83.91608391608392	840.0629510103905
84.14918414918415	839.9676226198395
84.38228438228437	839.8722942292884
84.61538461538461	839.7769658387373
84.84848484848484	839.6868307893554
85.08158508158506	839.5966957399734
85.31468531468529	839.5065606905914
85.54778554778554	839.4218815428912
85.78088578088577	839.337202395191
86.01398601398603	839.2525232474907
86.24708624708624	839.1726138517099
86.48018648018646	839.0927044559289
86.71328671328669	839.012795060148
86.94638694638694	838.9381563291654
87.17948717948717	838.8635175981825
87.41258741258743	838.7888788671996
87.64568764568764	838.7186777129263
87.87878787878786	838.6484765586528
88.11188811188808	838.5782754043794
88.34498834498832	838.5131700879447
88.57808857808855	838.4480647715098
88.8111888111888	838.3829594550751
89.04428904428904	838.3224778650816
89.27738927738926	838.261996275088
89.51048951048949	838.2015146850944
89.74358974358974	838.145223089456
89.97668997668998	838.0889314938175
90.20979020979021	838.0326398981791
90.44289044289044	837.9806477156274
90.67599067599068	837.9286555330755
90.9090909090909	837.8766633505236
91.14219114219117	837.8283287348282
91.37529137529138	837.7799941191328
91.60839160839161	837.7316595034373
91.84149184149184	837.6873244608284
92.07459207459208	837.6429894182194
92.3076923076923	837.5986543756103
92.54079254079255	837.5583045273765
92.77389277389277	837.5179546791427
93.006993006993	837.4776048309088
93.24009324009324	837.4408722932156
93.47319347319348	837.4041397555224
93.70629370629372	837.367407217829
93.93939393939395	837.3346519738103
94.17249417249417	837.3018967297915
94.4055944055944	837.2691414857726
94.63869463869464	837.240469625702
94.87179487179486	837.2117977656312
95.1048951048951	837.1831259055605
95.33799533799534	837.1581725077101
95.57109557109557	837.1332191098595
95.8041958041958	837.108265712009
96.03729603729604	837.0873755512828
96.27039627039628	837.0664853905564
96.5034965034965	837.04559522983
96.73659673659674	837.0284440012982
96.96969696969697	837.0112927727663
97.2027972027972	836.9941415442345
97.43589743589745	836.9808750658513
97.66899766899769	836.9676085874679
97.90209790209792	836.9543421090846
98.13519813519817	836.9449121270413
98.36829836829838	836.9354821449981
98.6013986013986	836.9260521629549
98.83449883449885	836.9202304816893
99.06759906759908	836.9144088004235
99.3006993006993	836.9085871191579
99.53379953379954	836.9067367493031
99.76689976689977	836.9048863794482
100.0	836.9030360095932
