0.0	1272.2462311857416
1.0416666666666676	1270.9011841028387
2.0833333333333353	1269.5561370199357
3.1250000000000036	1268.2110899370327
4.1666666666666705	1266.5469849241283
5.208333333333338	1264.8828799112239
6.250000000000005	1263.2187748983195
7.291666666666673	1261.580694662995
8.33333333333334	1259.9426144276706
9.375000000000007	1258.3045341923462
10.416666666666675	1256.59175669951
11.458333333333345	1254.8789792066736
12.500000000000014	1253.1662017138374
13.541666666666682	1251.235563507414
14.583333333333352	1249.3049253009906
15.625000000000018	1247.3742870945673
16.666666666666682	1245.1513966849795
17.708333333333346	1242.928506275392
18.750000000000014	1240.7056158658042
19.791666666666682	1238.170593953318
20.83333333333335	1235.6355720408317
21.875000000000018	1233.1005501283453
22.916666666666686	1230.25826045525
23.958333333333353	1227.4159707821543
25.000000000000014	1224.573681109059
26.04166666666669	1221.4835756167247
27.083333333333353	1218.3934701243902
28.12500000000003	1215.303364632056
29.1666666666667	1212.0023899756154
30.208333333333364	1208.7014153191747
31.250000000000036	1205.4004406627341
32.29166666666671	1201.920710429945
33.333333333333364	1198.4409801971558
34.375000000000036	1194.9612499643667
35.4166666666667	1191.3514386498937
36.458333333333364	1187.7416273354206
37.50000000000003	1184.1318160209476
38.5416666666667	1180.4531522175744
39.58333333333337	1176.774488414201
40.62500000000004	1173.0958246108275
41.666666666666714	1169.3691114520352
42.70833333333338	1165.6423982932429
43.75000000000004	1161.9156851344505
44.791666666666714	1158.1564645263882
45.83333333333338	1154.3972439183258
46.87500000000004	1150.6380233102634
47.91666666666672	1146.8758017599328
48.95833333333338	1143.1135802096019
50.00000000000006	1139.3513586592712
51.04166666666672	1135.6104093266026
52.083333333333385	1131.8694599939338
53.12500000000006	1128.128510661265
54.16666666666673	1124.4158647761096
55.2083333333334	1120.703218890954
56.25000000000007	1116.9905730057985
57.29166666666674	1113.3121776501368
58.33333333333341	1109.633782294475
59.37500000000007	1105.9553869388133
60.41666666666674	1102.3270151121185
61.45833333333341	1098.6986432854237
62.50000000000007	1095.070271458729
63.54166666666675	1091.500905904368
64.5833333333334	1087.9315403500068
65.62500000000006	1084.3621747956458
66.66666666666673	1080.821894773191
67.7083333333334	1077.2816147507358
68.75000000000006	1073.741334728281
69.79166666666673	1070.2542411765098
70.83333333333339	1066.767147624739
71.87500000000006	1063.280054072968
72.91666666666673	1059.8498755871076
73.95833333333339	1056.419697101247
75.00000000000006	1052.9895186153865
76.04166666666673	1049.61362913164
77.0833333333334	1046.2377396478932
78.12500000000006	1042.8618501641465
79.16666666666673	1039.5564181020745
80.2083333333334	1036.2509860400028
81.25000000000007	1032.9455539779308
82.29166666666674	1029.6981309609343
83.33333333333343	1026.450707943938
84.37500000000009	1023.2032849269414
85.41666666666676	1020.0208444671639
86.45833333333341	1016.8384040073863
87.50000000000007	1013.6559635476087
88.54166666666674	1010.5411044614578
89.5833333333334	1007.4262453753067
90.62500000000007	1004.3113862891556
91.66666666666674	1001.2643283575943
92.70833333333341	998.2172704260329
93.75000000000009	995.1702124944716
94.79166666666676	992.191382303641
95.83333333333341	989.2125521128104
96.87500000000007	986.2337219219797
97.91666666666676	983.3151799750855
98.95833333333343	980.3966380281911
100.00000000000009	977.4780960812967
101.04166666666677	974.6225452477076
102.08333333333343	971.7669944141185
103.12500000000009	968.9114435805293
104.16666666666677	966.1214189507523
105.2083333333334	963.3313943209752
106.25000000000007	960.5413696911982
107.29166666666674	957.8205286881804
108.3333333333334	955.0996876851624
109.37500000000009	952.3788466821445
110.41666666666674	949.7163316233571
111.45833333333341	947.0538165645694
112.50000000000009	944.3913015057817
113.54166666666676	941.7923929660202
114.58333333333344	939.1934844262586
115.62500000000011	936.594575886497
116.66666666666679	934.05057651562
117.70833333333343	931.5065771447429
118.75000000000009	928.9625777738659
119.79166666666677	926.4805123564564
120.83333333333343	923.9984469390467
121.8750000000001	921.5163815216372
122.91666666666677	919.0961325203067
123.95833333333343	916.675883518976
125.00000000000011	914.2556345176453
126.04166666666677	911.8957425123538
127.08333333333344	909.535850507062
128.1250000000001	907.1759585017704
129.16666666666677	904.8739038212295
130.20833333333343	902.5718491406885
131.25000000000009	900.2697944601475
132.29166666666674	898.0215506305572
133.33333333333346	895.7733068009667
134.3750000000001	893.5250629713762
135.4166666666668	891.3298968174097
136.45833333333343	889.1347306634432
137.50000000000009	886.9395645094767
138.5416666666668	884.7948422890838
139.58333333333343	882.6501200686909
140.62500000000009	880.5053978482979
141.66666666666677	878.4176954680044
142.70833333333343	876.3299930877107
143.7500000000001	874.2422907074172
144.7916666666668	872.2052177745021
145.83333333333343	870.1681448415869
146.87500000000009	868.1310719086717
147.91666666666674	866.1546025833775
148.95833333333343	864.178133258083
150.0000000000001	862.2016639327886
151.0416666666668	860.2617032241902
152.08333333333346	858.3217425155917
153.1250000000001	856.3817818069932
154.1666666666668	854.4925261486657
155.20833333333343	852.6032704903379
156.25000000000009	850.7140148320102
157.29166666666677	848.877093883226
158.33333333333343	847.0401729344417
159.3750000000001	845.2032519856574
160.41666666666677	843.4125969260677
161.4583333333334	841.6219418664779
162.50000000000003	839.831286806888
163.5416666666667	838.0858948209514
164.58333333333343	836.3405028350146
165.62500000000009	834.5951108490779
166.66666666666677	832.8938519827236
167.70833333333343	831.1925931163693
168.7500000000001	829.4913342500149
169.7916666666668	827.8353861266804
170.83333333333346	826.1794380033458
171.8750000000001	824.5234898800112
172.91666666666677	822.9102535478377
173.95833333333343	821.297017215664
175.00000000000009	819.6837808834904
176.04166666666674	818.1117623548412
177.08333333333337	816.5397438261917
178.12500000000003	814.9677252975423
179.16666666666669	813.4370874786335
180.20833333333337	811.9064496597247
181.25000000000003	810.3758118408159
182.29166666666674	808.882150540313
183.33333333333343	807.3884892398099
184.3750000000001	805.894827939307
185.41666666666677	804.437595342744
186.4583333333334	802.9803627461807
187.5	801.5231301496175
188.5416666666667	800.1017937055786
189.5833333333334	798.6804572615397
190.6250000000001	797.2591208175007
191.6666666666668	795.8761217265258
192.70833333333343	794.4931226355507
193.75000000000009	793.1101235445756
194.79166666666674	791.7598770952615
195.83333333333337	790.4096306459472
196.87500000000003	789.0593841966331
197.9166666666667	787.7424805321508
198.95833333333337	786.4255768676684
200.00000000000006	785.108673203186
201.04166666666674	783.8228821383333
202.0833333333334	782.5370910734805
203.12500000000009	781.2513000086278
204.16666666666677	779.9992367909814
205.20833333333343	778.7471735733349
206.2500000000001	777.4951103556883
207.2916666666668	776.2752396048409
208.33333333333343	775.0553688539933
209.3750000000001	773.8354981031458
210.4166666666668	772.6463878944407
211.45833333333346	771.4572776857356
212.50000000000014	770.2681674770304
213.5416666666668	769.1083939113266
214.58333333333343	767.9486203456228
215.62500000000006	766.7888467799189
216.6666666666668	765.6595731729835
217.70833333333346	764.530299566048
218.75000000000014	763.4010259591126
219.79166666666683	762.2995448037993
220.83333333333343	761.1980636484859
221.8750000000001	760.0965824931725
222.9166666666668	759.022393416273
223.95833333333346	757.9482043393733
225.0000000000001	756.8740152624737
226.0416666666668	755.8279038746235
227.08333333333346	754.7817924867733
228.1250000000001	753.735681098923
229.1666666666668	752.7159934741985
230.20833333333346	751.6963058494739
231.25000000000009	750.6766182247493
232.2916666666668	749.6826002234629
233.33333333333346	748.6885822221765
234.3750000000001	747.69456422089
235.41666666666677	746.7254483607785
236.45833333333343	745.756332500667
237.5000000000001	744.7872166405555
238.54166666666677	743.8440493622675
239.58333333333343	742.9008820839795
240.62500000000009	741.9577148056915
241.66666666666674	741.038486045951
242.70833333333343	740.1192572862104
243.7500000000001	739.2000285264699
244.79166666666677	738.3081993267293
245.8333333333334	737.4163701269887
246.87500000000003	736.524540927248
247.91666666666677	735.6590641396713
248.95833333333346	734.7935873520944
250.0000000000001	733.9281105645176
251.04166666666677	733.0798412224095
252.08333333333337	732.2315718803013
253.125	731.3833025381932
254.1666666666667	730.5609063371533
255.20833333333337	729.7385101361132
256.2500000000001	728.9161139350732
257.2916666666668	728.1158594879888
258.3333333333334	727.3156050409043
259.37500000000006	726.5153505938199
260.41666666666674	725.737903206857
261.4583333333334	724.960455819894
262.50000000000006	724.1830084329312
263.5416666666668	723.4275613878242
264.58333333333337	722.6721143427171
265.62500000000006	721.91666729761
266.6666666666668	721.183706081852
267.7083333333334	720.4507448660939
268.7500000000001	719.7177836503358
269.79166666666674	719.0062075591385
270.8333333333334	718.294631467941
271.8750000000001	717.5830553767437
272.9166666666668	716.893826298876
273.9583333333334	716.2045972210083
275.0000000000001	715.5153681431406
276.04166666666674	714.8465643767667
277.0833333333334	714.1777606103927
278.125	713.5089568440188
279.16666666666674	712.8599056521189
280.20833333333337	712.2108544602188
281.2500000000001	711.5618032683187
282.2916666666668	710.9337428829398
283.33333333333337	710.3056824975607
284.37500000000006	709.6776221121817
285.41666666666674	709.0681001286553
286.45833333333337	708.4585781451287
287.5000000000001	707.8490561616023
288.54166666666674	707.25836836064
289.58333333333337	706.6676805596776
290.625	706.0769927587152
291.66666666666674	705.5055888763576
292.70833333333337	704.9341849939999
293.75000000000006	704.3627811116422
294.79166666666674	703.8109353745759
295.83333333333337	703.2590896375095
296.87500000000006	702.7072439004431
297.91666666666674	702.1742968951828
298.9583333333334	701.6413498899224
300.0000000000001	701.108402884662
301.04166666666674	700.5945816299096
302.0833333333334	700.0807603751571
303.1250000000001	699.5669391204045
304.1666666666668	699.0720858122505
305.2083333333334	698.5772325040963
306.25000000000006	698.0823791959422
307.29166666666674	697.6059946320183
308.33333333333337	697.1296100680944
309.375	696.6532255041706
310.41666666666674	696.1953304352918
311.45833333333337	695.7374353664129
312.5000000000001	695.279540297534
313.5416666666668	694.8389407852669
314.5833333333334	694.3983412729997
315.62500000000006	693.9577417607325
316.66666666666674	693.5349023442839
317.70833333333337	693.1120629278352
318.75000000000006	692.6892235113866
319.7916666666667	692.2826568682271
320.83333333333337	691.8760902250675
321.875	691.469523581908
322.91666666666674	691.0800546591167
323.95833333333337	690.6905857363254
325.0	690.3011168135341
326.04166666666674	689.926835088355
327.08333333333337	689.5525533631758
328.12500000000006	689.1782716379967
329.16666666666674	688.8208483951393
330.2083333333334	688.4634251522817
331.2500000000001	688.1060019094242
332.29166666666674	687.764857358872
333.33333333333337	687.4237128083196
334.37500000000006	687.0825682577672
335.41666666666674	686.753457163379
336.4583333333335	686.4243460689908
337.50000000000017	686.0952349746026
338.54166666666686	685.7843890666135
339.5833333333335	685.4735431586242
340.6250000000001	685.162697250635
341.6666666666668	684.8673379235179
342.7083333333334	684.5719785964006
343.7500000000001	684.2766192692835
344.79166666666686	683.9985148793555
345.8333333333334	683.7204104894274
346.8750000000001	683.4423060994994
347.91666666666674	683.1797307771643
348.95833333333337	682.9171554548292
350.00000000000006	682.6545801324941
351.0416666666667	682.4085716011889
352.08333333333337	682.1625630698836
353.125	681.9165545385783
354.16666666666674	681.6860541620146
355.20833333333337	681.4555537854508
356.25	681.225053408887
357.2916666666667	681.0106474415041
358.3333333333333	680.7962414741212
359.375	680.5818355067383
360.41666666666674	680.3828148934974
361.4583333333333	680.1837942802564
362.5	679.9847736670155
363.5416666666667	679.8015568040721
364.58333333333337	679.6183399411285
365.6250000000001	679.435123078185
366.66666666666674	679.2677767967213
367.7083333333334	679.1004305152572
368.75	678.9330842337934
369.79166666666674	678.7820094811666
370.83333333333337	678.6309347285397
371.875	678.479859975913
372.9166666666667	678.344904454571
373.9583333333333	678.2099489332288
375.0	678.0749934118868
376.0416666666667	677.9567148857913
377.0833333333333	677.8384363596957
378.125	677.7201578336002
379.1666666666667	677.617804458935
380.20833333333337	677.5154510842697
381.25000000000006	677.4130977096045
382.2916666666667	677.3266597147523
383.3333333333333	677.2402217199
384.375	677.1537837250478
385.4166666666667	677.0828375049553
386.45833333333337	677.0118912848627
387.5	676.9409450647702
388.5416666666667	676.8866425618487
389.58333333333326	676.8323400589272
390.625	676.7780375560058
391.6666666666667	676.738738469973
392.7083333333333	676.6994393839401
393.75	676.6601402979073
394.79166666666663	676.6367028328084
395.83333333333337	676.6132653677095
396.87500000000006	676.5898279026105
397.9166666666667	676.5798187611537
398.95833333333337	676.5698096196967
400.0	676.5598004782397
