0.0	1025.7727736886204
0.11655011655011648	1025.0636681319525
0.23310023310023295	1024.3545625752845
0.3496503496503494	1023.6454570186166
0.4662004662004659	1023.1215514024678
0.5827505827505823	1022.5976457863188
0.6993006993006986	1022.0737401701699
0.8158508158508151	1021.5759971833315
0.9324009324009315	1021.0782541964929
1.0489510489510478	1020.5805112096544
1.1655011655011644	1020.1208675897436
1.282051282051281	1019.6612239698326
1.3986013986013972	1019.2015803499216
1.5151515151515136	1018.7666186117441
1.63170163170163	1018.3316568735664
1.7482517482517466	1017.8966951353888
1.864801864801863	1017.3903859848444
1.9813519813519789	1016.8840768342999
2.0979020979020953	1016.3777676837555
2.214452214452212	1015.797157958175
2.3310023310023285	1015.2165482325945
2.447552447552445	1014.635938507014
2.5641025641025617	1013.9925373884428
2.6806526806526785	1013.3491362698715
2.797202797202795	1012.7057351513001
2.9137529137529112	1011.9514070268015
3.030303030303027	1011.1970789023027
3.146853146853144	1010.4427507778039
3.263403263403261	1009.5976397810633
3.3799533799533767	1008.7525287843226
3.4965034965034936	1007.907417787582
3.6130536130536104	1007.0160329067141
3.7296037296037263	1006.1246480258463
3.8461538461538423	1005.2332631449785
3.9627039627039586	1004.3179857394783
4.079254079254075	1003.402708333978
4.195804195804191	1002.4874309284778
4.312354312354309	1001.5771112022186
4.428904428904425	1000.6667914759591
4.545454545454541	999.7564717496997
4.662004662004658	998.8271584652076
4.778554778554773	997.8978451807153
4.89510489510489	996.9685318962231
5.011655011655006	996.0117279285735
5.128205128205123	995.0549239609237
5.24475524475524	994.0981199932739
5.361305361305357	993.083333463304
5.477855477855472	992.0685469333339
5.594405594405589	991.0537604033638
5.710955710955706	989.958400351845
5.827505827505821	988.8630403003259
5.944055944055938	987.767680248807
6.060606060606054	986.6590336799212
6.177156177156172	985.5503871110353
6.293706293706288	984.4417405421495
6.410256410256405	983.3238594737325
6.52680652680652	982.2059784053152
6.643356643356636	981.0880973368982
6.7599067599067535	979.9599579481722
6.876456876456869	978.8318185594462
6.993006993006986	977.7036791707202
7.109557109557102	976.5889542031448
7.226107226107219	975.4742292355693
7.3426573426573345	974.3595042679938
7.459207459207453	973.2885127855119
7.575757575757568	972.2175213030299
7.6923076923076845	971.146529820548
7.808857808857801	970.1082275106977
7.9254079254079155	969.0699252008473
8.041958041958031	968.0316228909968
8.15850815850815	967.0191996908962
8.275058275058266	966.0067764907955
8.391608391608383	964.9943532906948
8.5081585081585	964.0213537697924
8.624708624708617	963.04835424889
8.741258741258733	962.0753547279875
8.85780885780885	961.1299968327904
8.974358974358967	960.1846389375931
9.090909090909083	959.239281042396
9.2074592074592	958.3073978671443
9.324009324009314	957.3755146918926
9.440559440559431	956.4436315166408
9.557109557109547	955.5317415686355
9.673659673659662	954.6198516206302
9.79020979020978	953.707961672625
9.906759906759895	952.8104546255987
10.02331002331001	951.9129475785725
10.139860139860128	951.0154405315462
10.256410256410247	950.1356036492065
10.372960372960362	949.2557667668666
10.48951048951048	948.3759298845267
10.606060606060597	947.5300019878952
10.722610722610714	946.6840740912635
10.83916083916083	945.8381461946319
10.955710955710945	945.0167972158126
11.072261072261062	944.1954482369932
11.188811188811176	943.3740992581739
11.305361305361293	942.5810642995017
11.421911421911409	941.7880293408292
11.538461538461524	940.9949943821567
11.655011655011641	940.2211986671775
11.771561771561757	939.4474029521981
11.888111888111876	938.6736072372188
12.004662004661991	937.9248644520834
12.121212121212109	937.1761216669478
12.237762237762226	936.4273788818123
12.354312354312343	935.6980236335779
12.470862470862459	934.9686683853434
12.587412587412576	934.239313137109
12.703962703962693	933.5267260735834
12.82051282051281	932.8141390100576
12.937062937062926	932.1015519465319
13.053613053613043	931.4189690812684
13.17016317016316	930.7363862160047
13.286713286713274	930.0538033507411
13.403263403263393	929.3881322735415
13.51981351981351	928.7224611963417
13.636363636363626	928.056790119142
13.752913752913742	927.415219051543
13.869463869463857	926.7736479839438
13.986013986013972	926.1320769163445
14.10256410256409	925.5072480551642
14.219114219114203	924.8824191939837
14.335664335664323	924.2575903328031
14.452214452214438	923.638479065082
14.568764568764554	923.0193677973608
14.685314685314669	922.4002565296396
14.801864801864788	921.7968722726597
14.918414918414904	921.1934880156798
15.034965034965019	920.5901037586999
15.151515151515138	920.0105623468146
15.268065268065255	919.4310209349292
15.38461538461537	918.8514795230438
15.501165501165488	918.2912667464614
15.617715617715602	917.7310539698786
15.734265734265719	917.1708411932959
15.850815850815835	916.6324408258293
15.967365967365948	916.0940404583625
16.083916083916066	915.5556400908958
16.20046620046618	915.0391012030346
16.3170163170163	914.5225623151733
16.433566433566416	914.006023427312
16.55011655011653	913.5076635581939
16.66666666666665	913.0093036890756
16.783216783216766	912.5109438199573
16.89976689976688	912.0315341073216
17.016317016317	911.5521243946857
17.132867132867112	911.0727146820499
17.249417249417235	910.6099036198034
17.36596736596735	910.1470925575568
17.482517482517466	909.6842814953102
17.599067599067585	909.238476676093
17.7156177156177	908.7926718568757
17.832167832167812	908.3468670376584
17.948717948717935	907.9176326021905
18.065268065268047	907.4883981667224
18.181818181818162	907.0591637312543
18.298368298368285	906.6405613502242
18.414918414918397	906.2219589691938
18.531468531468512	905.8033565881635
18.648018648018635	905.3954996150223
18.764568764568747	904.9876426418809
18.881118881118866	904.5797856687395
18.99766899766898	904.1856568301263
19.114219114219093	903.7915279915129
19.230769230769212	903.3973991528995
19.347319347319328	903.0164135719847
19.463869463869443	902.6354279910696
19.580419580419562	902.2544424101545
19.696969696969678	901.8873034107927
19.813519813519793	901.5201644114306
19.930069930069912	901.1530254120687
20.046620046620028	900.7985535454136
20.163170163170147	900.4440816787584
20.27972027972026	900.0896098121032
20.396270396270374	899.7487504017183
20.512820512820493	899.4078909913334
20.62937062937061	899.0670315809484
20.745920745920724	898.738852086393
20.862470862470843	898.4106725918375
20.97902097902096	898.082493097282
21.095571095571078	897.7632814131699
21.212121212121197	897.4440697290578
21.328671328671312	897.1248580449457
21.445221445221428	896.815040860824
21.561771561771547	896.5052236767021
21.67832167832166	896.1954064925803
21.794871794871778	895.8970986982713
21.91142191142189	895.5987909039621
22.027972027972005	895.300483109653
22.144522144522124	895.0133561706323
22.261072261072236	894.7262292316115
22.37762237762235	894.4391022925906
22.494172494172474	894.1634200586541
22.610722610722586	893.8877378247175
22.727272727272705	893.612055590781
22.843822843822824	893.3460677947858
22.96037296037294	893.0800799987904
23.07692307692306	892.8140922027951
23.193473193473174	892.5573455614968
23.310023310023286	892.3005989201985
23.426573426573402	892.0438522789001
23.543123543123517	891.7962223074707
23.659673659673633	891.5485923360411
23.776223776223755	891.3009623646116
23.892773892773874	891.0606478045072
24.00932400932399	890.8203332444027
24.12587412587411	890.5800186842982
24.242424242424224	890.3475105600878
24.358974358974336	890.1150024358772
24.475524475524452	889.8824943116666
24.592074592074567	889.6569066813377
24.708624708624686	889.4313190510086
24.825174825174805	889.2057314206795
24.94172494172492	888.9868147999168
25.058275058275036	888.767898179154
25.174825174825152	888.5489815583912
25.291375291375267	888.3371458947018
25.407925407925386	888.1253102310123
25.524475524475505	887.9134745673229
25.641025641025625	887.7076171962951
25.75757575757574	887.5017598252673
25.874125874125856	887.2959024542395
25.990675990675975	887.0972200388084
26.107226107226086	886.8985376233771
26.223776223776202	886.6998552079459
26.34032634032632	886.507877793007
26.456876456876437	886.3159003780679
26.573426573426552	886.1239229631288
26.689976689976675	885.9383302361814
26.806526806526794	885.7527375092338
26.92307692307691	885.5671447822864
27.03962703962703	885.3873136232039
27.156177156177144	885.2074824641213
27.272727272727263	885.0276513050388
27.38927738927738	884.8553095224751
27.505827505827494	884.6829677399111
27.622377622377613	884.5106259573472
27.73892773892773	884.3485602009222
27.855477855477837	884.1864944444969
27.972027972027956	884.0244286880718
28.08857808857807	883.8589382325206
28.205128205128187	883.6934477769692
28.321678321678306	883.5279573214178
28.43822843822842	883.3588658900223
28.554778554778533	883.1897744586267
28.67132867132865	883.0206830272311
28.787878787878768	882.8610373249845
28.904428904428887	882.7013916227378
29.020979020979006	882.5417459204912
29.13752913752912	882.3883889672373
29.25407925407924	882.2350320139834
29.370629370629352	882.0816750607295
29.48717948717947	881.9345937347933
29.60372960372959	881.7875124088572
29.720279720279706	881.640431082921
29.83682983682982	881.4994777624337
29.95337995337994	881.3585244419463
30.06993006993006	881.217571121459
30.18648018648018	881.082043333801
30.30303030303029	880.946515546143
30.419580419580406	880.810987758485
30.536130536130525	880.6810833144149
30.65268065268064	880.5511788703445
30.769230769230752	880.4212744262743
30.885780885780875	880.296203772736
31.002331002330983	880.1711331191976
31.1188811188811	880.0460624656594
31.23543123543122	879.926318772215
31.351981351981333	879.8065750787706
31.46853146853146	879.6868313853263
31.585081585081575	879.5719192025379
31.70163170163169	879.4570070197492
31.81818181818181	879.3420948369607
31.934731934731925	879.2311380799251
32.051282051282044	879.1201813228895
32.16783216783216	879.0092245658539
32.28438228438228	878.9023001666563
32.4009324009324	878.7953757674587
32.51748251748251	878.6884513682611
32.634032634032636	878.5855108850909
32.750582750582744	878.4825704019206
32.86713286713285	878.3796299187504
32.98368298368297	878.2803483542629
33.10023310023309	878.1810667897752
33.216783216783206	878.0817852252875
33.33333333333333	877.9863477095934
33.44988344988344	877.8909101938991
33.56643356643355	877.795472678205
33.68298368298367	877.7034009211221
33.79953379953379	877.6113291640393
33.91608391608391	877.5192574069564
34.03263403263403	877.4310686479931
34.14918414918414	877.3428798890299
34.26573426573425	877.2546911300666
34.382284382284375	877.1701819568341
34.49883449883449	877.0856727836015
34.61538461538462	877.001163610369
34.73193473193473	876.9198916664752
34.84848484848484	876.8386197225813
34.965034965034945	876.7573477786874
35.08158508158507	876.6794844347713
35.19813519813518	876.601621090855
35.3146853146853	876.5237577469388
35.43123543123542	876.4494222167455
35.54778554778554	876.3750866865519
35.66433566433566	876.3007511563584
35.78088578088577	876.2293969456321
35.89743589743589	876.1580427349055
36.013986013986	876.086688524179
36.13053613053612	876.0183255309317
36.24708624708624	875.9499625376844
36.36363636363636	875.8815995444371
36.480186480186475	875.8156512015686
36.59673659673659	875.7497028587
36.713286713286706	875.6837545158313
36.82983682983683	875.620316223841
36.94638694638694	875.5568779318505
37.06293706293706	875.4934396398601
37.179487179487175	875.4323736946563
37.29603729603729	875.3713077494525
37.4125874125874	875.3102418042488
37.52913752913752	875.2512122524905
37.64568764568764	875.1921827007321
37.76223776223776	875.1331531489739
37.87878787878788	875.076449927202
37.99533799533799	875.01974670543
38.111888111888106	874.9630434836579
38.22843822843823	874.9087668709005
38.34498834498835	874.854490258143
38.461538461538474	874.8002136453855
38.57808857808859	874.7482015313724
38.6946386946387	874.6961894173592
38.81118881118881	874.644177303346
38.92773892773893	874.5945620908373
39.04428904428904	874.5449468783283
39.16083916083916	874.4953316658194
39.277389277389275	874.447809875359
39.39393939393939	874.4002880848984
39.510489510489506	874.352766294438
39.627039627039615	874.3075415253066
39.74358974358973	874.2623167561752
39.860139860139846	874.2170919870439
39.976689976689975	874.1741073706415
40.0932400932401	874.1311227542391
40.20979020979022	874.0881381378366
40.326340326340336	874.0472181059124
40.44289044289045	874.0062980739881
40.55944055944056	873.9653780420639
40.675990675990676	873.9266166052831
40.7925407925408	873.8878551685023
40.909090909090914	873.8490937317214
41.02564102564103	873.8124201638138
41.142191142191145	873.7757465959063
41.25874125874126	873.7390730279988
41.375291375291376	873.7043863590168
41.49184149184149	873.6696996900348
41.60839160839161	873.6350130210528
41.72494172494173	873.6023752080666
41.841491841491845	873.5697373950804
41.95804195804196	873.5370995820942
42.074592074592076	873.5062517143194
42.191142191142184	873.4754038465446
42.30769230769231	873.4445559787698
42.42424242424242	873.4156095710069
42.54079254079253	873.3866631632441
42.657342657342646	873.3577167554812
42.77389277389277	873.3307548018627
42.890442890442884	873.303792848244
43.006993006993014	873.2768308946254
43.12354312354312	873.2515787814925
43.24009324009323	873.2263266683594
43.356643356643346	873.2010745552265
43.47319347319347	873.1777002489174
43.589743589743584	873.1543259426081
43.706293706293714	873.130951636299
43.82284382284382	873.1091421285489
43.93939393939393	873.0873326207987
44.05594405594404	873.0655231130486
44.17249417249416	873.0454513259334
44.28904428904428	873.025379538818
44.4055944055944	873.0053077517026
44.52214452214452	872.9868380475829
44.63869463869463	872.9683683434629
44.755244755244746	872.949898639343
44.87179487179487	872.9328559449766
44.98834498834499	872.9158132506101
45.10489510489511	872.8987705562436
45.22144522144522	872.8832546780507
45.33799533799534	872.8677387998575
45.45454545454545	872.8522229216644
45.57109557109558	872.8380792187958
45.68764568764569	872.823935515927
45.80419580419581	872.8097918130583
45.92074592074592	872.7969428980107
46.03729603729604	872.7840939829629
46.15384615384615	872.7712450679152
46.270396270396276	872.7597329675274
46.386946386946384	872.7482208671395
46.5034965034965	872.7367087667516
46.62004662004662	872.7262929774791
46.73659673659674	872.7158771882067
46.85314685314686	872.7054613989343
46.969696969696976	872.6961866451202
47.086247086247084	872.686911891306
47.2027972027972	872.6776371374917
47.31934731934732	872.6695211737407
47.43589743589743	872.6614052099894
47.55244755244755	872.6532892462383
47.66899766899767	872.6461770159918
47.785547785547784	872.6390647857452
47.9020979020979	872.6319525554986
48.01864801864802	872.6259798255719
48.13519813519814	872.620007095645
48.25174825174825	872.6140343657181
48.36829836829837	872.6091138279251
48.484848484848484	872.6041932901319
48.6013986013986	872.5992727523388
48.71794871794872	872.5954752690218
48.834498834498845	872.5916777857046
48.95104895104896	872.5878803023876
49.06759906759908	872.5851882357015
49.18414918414919	872.5824961690151
49.3006993006993	872.5798041023289
49.41724941724942	872.5781466805836
49.53379953379954	872.576489258838
49.65034965034965	872.5748318370926
49.76689976689977	872.574301227725
49.883449883449885	872.5737706183571
50.0	872.5732400089893
