0.0	1526.0952640210605
0.6172839506172848	1520.4991130270596
1.2345679012345696	1514.9029620330587
1.8518518518518545	1509.3068110390577
2.4691358024691397	1503.7836493279333
3.086419753086424	1498.2604876168089
3.703703703703709	1492.7373259056844
4.320987654320995	1487.596937048381
4.938271604938279	1482.4565481910774
5.555555555555565	1477.3161593337738
6.172839506172849	1472.3991327670938
6.790123456790134	1467.4821062004135
7.407407407407418	1462.5650796337334
8.024691358024704	1457.8377782703494
8.641975308641987	1453.1104769069652
9.259259259259272	1448.383175543581
9.876543209876557	1443.645654974836
10.493827160493842	1438.9081344060905
11.111111111111125	1434.1706138373452
11.728395061728412	1429.5243889242788
12.345679012345697	1424.8781640112122
12.96296296296298	1420.2319390981456
13.580246913580268	1415.4961666028396
14.19753086419755	1410.7603941075336
14.814814814814836	1406.0246216122275
15.432098765432123	1401.345046471524
16.049382716049408	1396.6654713308203
16.66666666666669	1391.9858961901168
17.283950617283978	1387.3418848321467
17.90123456790126	1382.6978734741763
18.518518518518544	1378.0538621162061
19.135802469135832	1373.4723994025182
19.753086419753114	1368.8909366888302
20.3703703703704	1364.3094739751423
20.987654320987684	1359.7624471251595
21.604938271604965	1355.2154202751765
22.22222222222225	1350.6683934251935
22.839506172839542	1346.2016546195064
23.456790123456827	1341.734915813819
24.07407407407411	1337.2681770081317
24.691358024691397	1332.868356597095
25.30864197530868	1328.4685361860581
25.925925925925966	1324.0687157750215
26.54320987654325	1319.7648859119004
27.160493827160536	1315.461056048779
27.77777777777782	1311.1572261856577
28.395061728395106	1306.9334797727965
29.01234567901239	1302.7097333599354
29.629629629629672	1298.4859869470743
30.24691358024696	1294.359676620422
30.86419753086425	1290.2333662937697
31.481481481481534	1286.1070559671175
32.098765432098816	1282.0609724906255
32.7160493827161	1278.0148890141334
33.33333333333338	1273.9688055376412
33.95061728395067	1270.0181319717685
34.56790123456795	1266.0674584058956
35.185185185185226	1262.1167848400228
35.802469135802525	1258.260565676212
36.41975308641981	1254.4043465124012
37.037037037037095	1250.5481273485905
37.65432098765438	1246.7855299558773
38.27160493827166	1243.022932563164
38.88888888888893	1239.2603351704508
39.50617283950621	1235.592033058412
40.1234567901235	1231.923730946373
40.740740740740776	1228.2554288343342
41.35802469135807	1224.6726271788675
41.97530864197535	1221.089825523401
42.59259259259264	1217.5070238679343
43.20987654320993	1214.0381885502145
43.827160493827215	1210.5693532324947
44.4444444444445	1207.1005179147749
45.061728395061785	1203.693651594833
45.67901234567906	1200.2867852748911
46.29629629629633	1196.8799189549493
46.913580246913625	1193.579902933945
47.5308641975309	1190.2798869129406
48.14814814814818	1186.9798708919363
48.76543209876548	1183.746695106818
49.38271604938276	1180.5135193216993
50.00000000000004	1177.2803435365809
50.617283950617335	1174.140203640182
51.23456790123463	1171.0000637437834
51.85185185185191	1167.8599238473846
52.4691358024692	1164.7927557722562
53.086419753086474	1161.7255876971278
53.703703703703745	1158.6584196219994
54.320987654321044	1155.6912816175018
54.93827160493833	1152.724143613004
55.555555555555614	1149.757005608506
56.1728395061729	1146.847211286003
56.79012345679017	1143.9374169634996
57.40740740740745	1141.0276226409965
58.02469135802474	1138.2085090032358
58.641975308642024	1135.3893953654751
59.25925925925932	1132.5702817277145
59.87654320987661	1129.8340897480707
60.49382716049388	1127.0978977684267
61.11111111111116	1124.3617057887827
61.72839506172845	1121.6859829528207
62.34567901234572	1119.0102601168585
62.96296296296301	1116.3345372808965
63.580246913580304	1113.7393549210897
64.19753086419757	1111.1441725612829
64.81481481481487	1108.548990201476
65.43209876543216	1106.0176374996975
66.04938271604946	1103.4862847979189
66.66666666666674	1100.9549320961403
67.28395061728403	1098.494853419926
67.90123456790131	1096.0347747437113
68.51851851851859	1093.5746960674967
69.1358024691359	1091.18079477522
69.75308641975319	1088.7868934829432
70.37037037037047	1086.3929921906665
70.98765432098774	1084.0688069587002
71.60493827160502	1081.7446217267336
72.22222222222229	1079.4204364947673
72.83950617283959	1077.1562661626672
73.45679012345688	1074.8920958305669
74.07407407407416	1072.6279254984668
74.69135802469145	1070.4204143169443
75.30864197530873	1068.2129031354218
75.92592592592601	1066.0053919538993
76.54320987654332	1063.8558089878363
77.16049382716061	1061.7062260217733
77.77777777777789	1059.5566430557103
78.39506172839518	1057.480259157851
79.01234567901245	1055.4038752599913
79.62962962962973	1053.327491362132
80.24691358024702	1051.2981198724206
80.8641975308643	1049.268748382709
81.48148148148157	1047.2393768929976
82.09876543209887	1045.277829718028
82.71604938271615	1043.3162825430582
83.33333333333344	1041.3547353680885
83.95061728395075	1039.4262546486927
84.56790123456803	1037.497773929297
85.18518518518532	1035.5692932099012
85.80246913580261	1033.7097915621732
86.41975308641987	1031.850289914445
87.03703703703715	1029.990788266717
87.65432098765446	1028.1795483999954
88.27160493827174	1026.3683085332736
88.88888888888903	1024.557068666552
89.50617283950632	1022.7933783849043
90.1234567901236	1021.0296881032565
90.74074074074089	1019.2659978216087
91.35802469135818	1017.5560665810029
91.97530864197546	1015.846135340397
92.59259259259275	1014.1362040997913
93.20987654321006	1012.4727106480884
93.82716049382734	1010.8092171963856
94.44444444444464	1009.1457237446828
95.0617283950619	1007.5299095512798
95.67901234567918	1005.9140953578769
96.29629629629646	1004.298281164474
96.91358024691375	1002.7249885779
97.53086419753105	1001.1516959913259
98.14814814814832	999.5784034047518
98.76543209876561	998.0507584414183
99.38271604938289	996.5231134780846
100.00000000000017	994.995468514751
100.61728395061748	993.5215981194968
101.23456790123475	992.0477277242425
101.85185185185205	990.5738573289882
102.46913580246932	989.1441511543545
103.08641975308662	987.7144449797206
103.70370370370391	986.2847388050868
104.3209876543212	984.8900224423382
104.93827160493848	983.4953060795896
105.55555555555577	982.100589716841
106.17283950617305	980.7486664072472
106.79012345679034	979.3967430976534
107.40740740740762	978.0448197880595
108.02469135802492	976.7357137296151
108.6419753086422	975.4266076711706
109.25925925925947	974.1175016127261
109.87654320987676	972.8467664007807
110.49382716049404	971.5760311888351
111.11111111111133	970.3052959768896
111.72839506172863	969.0706385364404
112.34567901234591	967.835981095991
112.9629629629632	966.6013236555417
113.58024691358048	965.4058253978958
114.19753086419774	964.2103271402498
114.81481481481501	963.0148288826038
115.43209876543233	961.8597752858506
116.04938271604962	960.7047216890973
116.66666666666691	959.5496680923441
117.28395061728422	958.4211535639879
117.9012345679015	957.2926390356315
118.51851851851877	956.1641245072752
119.13580246913605	955.0769213234524
119.75308641975333	953.9897181396295
120.3703703703706	952.9025149558066
120.98765432098789	951.8483414173375
121.60493827160516	950.7941678788683
122.22222222222244	949.7399943403991
122.83950617283973	948.7216960690658
123.45679012345701	947.7033977977326
124.07407407407429	946.6850995263993
124.69135802469158	945.696886252447
125.30864197530889	944.7086729784947
125.92592592592617	943.7204597045425
126.54320987654347	942.7663150536114
127.16049382716076	941.8121704026802
127.77777777777804	940.858025751749
128.39506172839532	939.9372259347109
129.01234567901258	939.0164261176727
129.62962962962987	938.0956263006345
130.24691358024717	937.2064230440576
130.86419753086446	936.3172197874804
131.48148148148175	935.4280165309034
132.09876543209904	934.567011663957
132.71604938271634	933.7060067970104
133.3333333333336	932.8450019300639
133.9506172839509	932.0124684526879
134.56790123456813	931.1799349753119
135.18518518518542	930.3474014979358
135.8024691358027	929.5527590217589
136.41975308641997	928.7581165455817
137.0370370370373	927.9634740694047
137.65432098765456	927.1837985580328
138.27160493827185	926.4041230466606
138.88888888888914	925.6244475352886
139.50617283950643	924.8755596448905
140.1234567901237	924.1266717544921
140.74074074074096	923.3777838640939
141.35802469135825	922.6592784507355
141.97530864197552	921.940773037377
142.5925925925928	921.2222676240185
143.2098765432101	920.531844632827
143.82716049382736	919.8414216416352
144.44444444444466	919.1509986504434
145.06172839506195	918.4855480802266
145.67901234567924	917.8200975100098
146.29629629629653	917.154646939793
146.91358024691382	916.5141074827608
147.53086419753112	915.8735680257284
148.14814814814838	915.2330285686962
148.7654320987657	914.6173750937864
149.38271604938296	914.0017216188764
150.00000000000026	913.3860681439666
150.61728395061752	912.7996433582066
151.23456790123473	912.2132185724465
151.85185185185202	911.6267937866864
152.4691358024693	911.0607516750591
153.08641975308663	910.4947095634317
153.70370370370392	909.9286674518042
154.32098765432121	909.3898011176989
154.93827160493848	908.8509347835934
155.55555555555574	908.312068449488
156.17283950617303	907.7950822054557
156.7901234567903	907.2780959614233
157.4074074074076	906.7611097173909
158.02469135802488	906.2736462976136
158.64197530864215	905.7861828778362
159.25925925925947	905.2987194580588
159.87654320987676	904.8318117333507
160.49382716049405	904.3649040086426
161.1111111111113	903.8979962839345
161.7283950617286	903.4605970570213
162.34567901234587	903.0231978301081
162.96296296296313	902.5857986031949
163.58024691358045	902.170429265884
164.19753086419772	901.7550599285728
164.814814814815	901.3396905912617
165.4320987654323	900.9405800574787
166.04938271604954	900.5414695236954
166.66666666666683	900.1423589899122
167.28395061728412	899.76530836496
167.9012345679014	899.3882577400077
168.51851851851868	899.0112071150554
169.13580246913597	898.6600611117015
169.75308641975323	898.3089151083475
170.37037037037047	897.9577691049935
170.9876543209878	897.6286310323807
171.60493827160508	897.2994929597677
172.2222222222224	896.9703548871548
172.83950617283966	896.6619701573699
173.4567901234569	896.3535854275848
174.0740740740742	896.0452006977997
174.69135802469148	895.7597059683087
175.30864197530875	895.4742112388176
175.925925925926	895.1887165093266
176.54320987654333	894.9285749745504
177.16049382716062	894.668433439774
177.7777777777779	894.4082919049977
178.3950617283952	894.1684719797589
179.01234567901247	893.92865205452
179.62962962962976	893.6888321292811
180.24691358024702	893.469102952407
180.8641975308643	893.2493737755326
181.48148148148158	893.0296445986584
182.09876543209884	892.833627116506
182.71604938271614	892.6376096343536
183.33333333333337	892.4415921522012
183.9506172839507	892.2660253681463
184.56790123456796	892.0904585840913
185.18518518518522	891.9148918000362
185.80246913580254	891.7570328636425
186.41975308641983	891.5991739272487
187.03703703703712	891.4413149908548
187.6543209876544	891.3039727978721
188.27160493827165	891.1666306048892
188.8888888888889	891.0292884119062
189.5061728395062	890.9128515916836
190.1234567901235	890.7964147714608
190.7407407407408	890.6799779512381
191.3580246913581	890.5867572175742
191.97530864197537	890.4935364839101
192.59259259259267	890.4003157502461
193.20987654320993	890.3212065619085
193.8271604938272	890.2420973735707
194.44444444444446	890.162988185233
195.06172839506175	890.1137111044081
195.679012345679	890.0644340235831
196.29629629629633	890.0151569427582
196.9135802469136	889.9807416420452
197.53086419753086	889.9463263413322
198.14814814814815	889.9119110406193
198.76543209876547	889.9050487869122
199.38271604938274	889.898186533205
200.0	889.8913242794979
