0.0	1137.6671388138118
0.2136752136752138	1137.6787422760403
0.4273504273504276	1137.6903457382687
0.6410256410256414	1137.701949200497
0.8547008547008552	1139.4204580036262
1.068376068376069	1141.1389668067552
1.2820512820512826	1142.8574756098842
1.4957264957264964	1145.0688726041435
1.7094017094017102	1147.2802695984026
1.923076923076924	1149.4916665926619
2.136752136752138	1151.8424486387203
2.3504273504273514	1154.1932306847787
2.564102564102565	1156.544012730837
2.777777777777779	1158.6173447300855
2.9914529914529924	1160.690676729334
3.205128205128206	1162.7640087285824
3.4188034188034204	1164.5228287520922
3.6324786324786342	1166.281648775602
3.846153846153848	1168.0404687991117
4.059829059829063	1169.4503303039053
4.273504273504277	1170.8601918086986
4.48717948717949	1172.2700533134919
4.700854700854703	1173.2845738181147
4.914529914529916	1174.2990943227376
5.1282051282051295	1175.3136148273604
5.341880341880343	1175.5793419304855
5.555555555555555	1175.8450690336103
5.769230769230768	1176.1107961367354
5.982905982905984	1175.9730317336514
6.1965811965811985	1175.8352673305674
6.410256410256414	1175.6975029274834
6.623931623931628	1175.1424636532556
6.837606837606841	1174.5874243790277
7.051282051282055	1174.0323851048
7.264957264957269	1173.0031780266304
7.478632478632483	1171.9739709484606
7.692307692307696	1170.9447638702911
7.905982905982911	1169.4186439081268
8.119658119658125	1167.8925239459622
8.33333333333334	1166.366403983798
8.547008547008552	1164.4935915651704
8.760683760683767	1162.6207791465426
8.97435897435898	1160.747966727915
9.188034188034193	1158.6054529726377
9.401709401709406	1156.4629392173608
9.615384615384619	1154.3204254620837
9.829059829059831	1151.8803826978433
10.042735042735044	1149.4403399336027
10.256410256410259	1147.000297169362
10.470085470085474	1144.308899115363
10.683760683760687	1141.6175010613638
10.897435897435901	1138.9261030073646
11.111111111111116	1136.1580886465565
11.324786324786329	1133.3900742857481
11.538461538461542	1130.6220599249398
11.752136752136757	1127.8231601174684
11.96581196581197	1125.0242603099973
12.179487179487184	1122.225360502526
12.393162393162399	1119.4278082840294
12.606837606837614	1116.6302560655326
12.820512820512826	1113.832703847036
13.034188034188041	1111.0342861724748
13.247863247863252	1108.2358684979138
13.461538461538467	1105.4374508233525
13.675213675213682	1102.640911568267
13.888888888888895	1099.8443723131816
14.10256410256411	1097.047833058096
14.316239316239326	1094.187467023678
14.52991452991454	1091.3271009892596
14.743589743589753	1088.4667349548413
14.957264957264966	1085.5851521796817
15.17094017094018	1082.703569404522
15.38461538461539	1079.8219866293625
15.598290598290605	1077.0001916066633
15.811965811965818	1074.1783965839638
16.025641025641036	1071.3566015612644
16.239316239316253	1068.6520839106945
16.452991452991466	1065.9475662601249
16.66666666666668	1063.243048609555
16.88034188034189	1060.602396589759
17.094017094017108	1057.9617445699632
17.30769230769232	1055.3210925501674
17.521367521367534	1052.7425763494448
17.735042735042747	1050.1640601487222
17.94871794871796	1047.5855439479997
18.162393162393172	1045.082613932495
18.376068376068385	1042.57968391699
18.5897435897436	1040.076753901485
18.80341880341881	1037.6476100809198
19.017094017094024	1035.2184662603543
19.23076923076924	1032.789322439789
19.444444444444457	1030.4331356434864
19.65811965811967	1028.0769488471838
19.871794871794883	1025.7207620508811
20.085470085470096	1023.4082166857324
20.29914529914531	1021.0956713205835
20.51282051282052	1018.7831259554347
20.726495726495738	1016.5029322562428
20.94017094017095	1014.2227385570508
21.153846153846168	1011.9425448578588
21.36752136752138	1009.7208307580258
21.58119658119659	1007.4991166581927
21.7948717948718	1005.2774025583597
22.008547008547016	1003.1097409286336
22.22222222222223	1000.9420792989075
22.43589743589744	998.7744176691815
22.649572649572658	996.6608412798278
22.86324786324787	994.5472648904739
23.076923076923087	992.4336885011201
23.290598290598304	990.4028013737715
23.504273504273517	988.3719142464229
23.717948717948733	986.3410271190743
23.93162393162395	984.4342151574439
24.145299145299163	982.5274031958135
24.358974358974375	980.620591234183
24.572649572649592	978.8561593265603
24.7863247863248	977.0917274189374
25.000000000000014	975.3272955113146
25.213675213675234	973.5983428213245
25.427350427350447	971.8693901313343
25.64102564102566	970.140437441344
25.854700854700873	968.4435188416404
26.068376068376082	966.7466002419367
26.282051282051295	965.0496816422329
26.49572649572651	963.4141228983822
26.709401709401725	961.7785641545312
26.923076923076938	960.1430054106803
27.13675213675215	958.6167267747653
27.350427350427363	957.0904481388502
27.564102564102576	955.5641695029351
27.777777777777793	954.0803268971227
27.991452991453006	952.5964842913104
28.20512820512822	951.112641685498
28.418803418803435	949.6716910844126
28.63247863247864	948.230740483327
28.846153846153854	946.7897898822416
29.05982905982907	945.4270103639047
29.273504273504283	944.0642308455676
29.487179487179496	942.7014513272306
29.700854700854716	941.4033059330494
29.914529914529933	940.1051605388681
30.128205128205146	938.8070151446867
30.34188034188036	937.5092333898759
30.555555555555564	936.211451635065
30.769230769230774	934.9136698802542
30.982905982905997	933.6291801090432
31.19658119658121	932.344690337832
31.41025641025643	931.0602005666209
31.623931623931643	929.8159233382194
31.837606837606856	928.5716461098177
32.05128205128207	927.3273688814161
32.26495726495728	926.1599994327049
32.4786324786325	924.9926299839937
32.69230769230771	923.8252605352825
32.90598290598293	922.6864825667429
33.11965811965814	921.5477045982034
33.333333333333364	920.4089266296638
33.54700854700857	919.2929288556637
33.76068376068378	918.1769310816635
33.97435897435899	917.0609333076633
34.188034188034216	915.9693762401097
34.401709401709425	914.877819172556
34.61538461538464	913.7862621050024
34.82905982905986	912.7030203936549
35.04273504273507	911.6197786823075
35.25641025641028	910.53653697096
35.47008547008549	909.5152667754106
35.6837606837607	908.4939965798612
35.89743589743592	907.4727263843118
36.111111111111136	906.488456129563
36.324786324786345	905.5041858748141
36.53846153846156	904.5199156200653
36.75213675213677	903.5684825287785
36.96581196581199	902.6170494374916
37.1794871794872	901.6656163462046
37.39316239316241	900.7373349947602
37.60683760683762	899.8090536433157
37.820512820512846	898.8807722918713
38.03418803418806	897.99178635552
38.24786324786328	897.1028004191687
38.46153846153849	896.2138144828175
38.675213675213705	895.354236098602
38.888888888888914	894.4946577143862
39.10256410256413	893.6350793301705
39.31623931623935	892.7994200426883
39.529914529914564	891.963760755206
39.74358974358977	891.1281014677237
39.95726495726499	890.3197149674621
40.17094017094019	889.5113284672004
40.38461538461541	888.7029419669389
40.598290598290625	887.9427668947654
40.81196581196584	887.1825918225919
41.02564102564105	886.4224167504185
41.23931623931627	885.7027664396787
41.452991452991476	884.9831161289387
41.66666666666669	884.2634658181987
41.88034188034191	883.5693712235302
42.094017094017126	882.8752766288616
42.307692307692335	882.181182034193
42.52136752136755	881.5055793551162
42.73504273504276	880.8299766760392
42.94871794871797	880.1543739969624
43.16239316239318	879.4863156479091
43.376068376068396	878.8182572988557
43.589743589743605	878.1501989498022
43.80341880341883	877.5115077488178
44.01709401709404	876.8728165478334
44.230769230769255	876.2341253468489
44.44444444444447	875.6169460473782
44.65811965811969	874.9997667479072
44.8717948717949	874.3825874484362
45.08547008547012	873.7635484833747
45.29914529914532	873.144509518313
45.51282051282054	872.5254705532515
45.72649572649575	871.9128690229439
45.94017094017096	871.3002674926363
46.15384615384617	870.6876659623288
46.367521367521384	870.1093116340758
46.58119658119659	869.5309573058227
46.79487179487181	868.9526029775697
47.008547008547026	868.3993380852797
47.22222222222224	867.8460731929896
47.43589743589746	867.2928083006996
47.649572649572676	866.7576321015943
47.863247863247885	866.2224559024888
48.0769230769231	865.6872797033834
48.29059829059831	865.1746846459685
48.50427350427353	864.6620895885534
48.71794871794874	864.1494945311384
48.93162393162395	863.6572920399773
49.14529914529915	863.165089548816
49.358974358974365	862.6728870576547
49.57264957264958	862.2037997949582
49.7863247863248	861.7347125322616
50.000000000000014	861.265625269565
50.21367521367523	860.8245138965361
50.42735042735044	860.3834025235071
50.64102564102566	859.9422911504782
50.854700854700866	859.5203431671624
51.06837606837608	859.0983951838465
51.28205128205129	858.6764472005306
51.49572649572651	858.2689396532821
51.70940170940172	857.8614321060336
51.923076923076934	857.4539245587852
52.13675213675214	857.059581457676
52.35042735042736	856.6652383565668
52.56410256410257	856.2708952554575
52.777777777777786	855.8909325670425
52.991452991452995	855.5109698786273
53.205128205128204	855.1310071902121
53.41880341880342	854.7714727544239
53.63247863247864	854.4119383186356
53.846153846153854	854.0524038828474
54.05982905982907	853.7083107842625
54.27350427350427	853.3642176856775
54.48717948717949	853.0201245870926
54.700854700854705	852.6852969731971
54.91452991452993	852.3504693593015
55.12820512820514	852.015641745406
55.34188034188036	851.6825547081072
55.555555555555564	851.3494676708083
55.76923076923079	851.0163806335095
55.982905982906	850.6943706667796
56.19658119658121	850.3723607000496
56.41025641025642	850.0503507333196
56.62393162393164	849.747190557362
56.83760683760684	849.4440303814043
57.05128205128206	849.1408702054466
57.26495726495728	848.8488447683178
57.4786324786325	848.5568193311889
57.69230769230771	848.26479389406
57.905982905982924	847.9820484740749
58.119658119658126	847.6993030540896
58.33333333333334	847.4165576341044
58.54700854700856	847.143466880284
58.760683760683776	846.8703761264634
58.974358974358985	846.5972853726429
59.18803418803421	846.3369054229285
59.40170940170942	846.0765254732138
59.61538461538464	845.8161455234992
59.82905982905985	845.5690404696544
60.04273504273507	845.3219354158094
60.25641025641028	845.0748303619645
60.470085470085486	844.8334299282398
60.68376068376069	844.5920294945149
60.89743589743589	844.3506290607901
61.111111111111114	844.1156227038416
61.32478632478633	843.880616346893
61.53846153846154	843.6456099899445
61.752136752136764	843.4196475975784
61.96581196581197	843.1936852052122
62.1794871794872	842.9677228128461
62.393162393162406	842.7568673798603
62.60683760683761	842.5460119468743
62.82051282051282	842.3351565138883
63.03418803418805	842.1302201101208
63.24786324786327	841.9252837063533
63.46153846153849	841.7203473025858
63.6752136752137	841.5098811407902
63.8888888888889	841.2994149789944
64.1025641025641	841.0889488171987
64.3162393162393	840.8792419755101
64.52991452991452	840.6695351338215
64.74358974358975	840.4598282921328
64.95726495726497	840.2570604535937
65.17094017094017	840.0542926150545
65.38461538461539	839.8515247765152
65.59829059829062	839.6619366306201
65.81196581196583	839.4723484847248
66.02564102564104	839.2827603388295
66.23931623931627	839.1010984838662
66.45299145299148	838.9194366289028
66.6666666666667	838.7377747739393
66.8803418803419	838.5632569618463
67.0940170940171	838.3887391497531
67.30769230769232	838.2142213376599
67.52136752136755	838.048406567452
67.73504273504275	837.8825917972441
67.94871794871798	837.7167770270363
68.1623931623932	837.5609616898753
68.3760683760684	837.4051463527143
68.5897435897436	837.2493310155533
68.80341880341884	837.0970679119224
69.01709401709405	836.9448048082916
69.23076923076927	836.7925417046607
69.44444444444447	836.6369171918533
69.6581196581197	836.4812926790457
69.87179487179492	836.3256681662383
70.08547008547013	836.1720904213574
70.29914529914532	836.0185126764763
70.51282051282054	835.8649349315954
70.72649572649576	835.7216382999827
70.94017094017099	835.5783416683698
71.15384615384619	835.4350450367571
71.3675213675214	835.298976044804
71.58119658119661	835.1629070528508
71.79487179487182	835.0268380608976
72.00854700854703	834.8947943424778
72.22222222222224	834.7627506240578
72.43589743589746	834.6307069056379
72.64957264957268	834.5022430495975
72.86324786324789	834.373779193557
73.07692307692311	834.2453153375164
73.29059829059833	834.1233409358982
73.50427350427353	834.0013665342799
73.71794871794873	833.8793921326617
73.93162393162395	833.7611199573578
74.14529914529918	833.6428477820538
74.3589743589744	833.5245756067497
74.57264957264961	833.4086858374707
74.78632478632481	833.2927960681914
75.00000000000003	833.1769062989122
75.21367521367524	833.0629452910288
75.42735042735045	832.9489842831453
75.64102564102566	832.8350232752617
75.8547008547009	832.7258255525126
76.0683760683761	832.6166278297632
76.2820512820513	832.5074301070138
76.49572649572653	832.402350032373
76.70940170940175	832.297269957732
76.92307692307695	832.1921898830913
77.13675213675216	832.0907902552403
77.35042735042738	831.9893906273893
77.56410256410258	831.8879909995384
77.7777777777778	831.7909128126987
77.99145299145302	831.6938346258588
78.20512820512823	831.5967564390189
78.41880341880345	831.5078188871464
78.63247863247865	831.4188813352738
78.84615384615387	831.3299437834013
79.0598290598291	831.247591416348
79.27350427350433	831.1652390492945
79.48717948717955	831.0828866822412
79.70085470085475	831.0059898368343
79.91452991452994	830.9290929914271
80.12820512820514	830.8521961460199
80.34188034188035	830.781599202735
80.55555555555556	830.7110022594501
80.76923076923077	830.6404053161652
80.982905982906	830.565444019654
81.19658119658122	830.4904827231428
81.41025641025645	830.4155214266316
81.62393162393167	830.3337485940211
81.83760683760688	830.2519757614107
82.05128205128209	830.1702029288002
82.2649572649573	830.095553384369
82.4786324786325	830.0209038399378
82.69230769230772	829.9462542955066
82.90598290598294	829.8766220545423
83.11965811965814	829.8069898135777
83.33333333333336	829.7373575726133
83.54700854700859	829.6724377406612
83.76068376068379	829.6075179087088
83.97435897435902	829.5425980767566
84.18803418803424	829.484020939405
84.40170940170944	829.4254438020532
84.61538461538464	829.3668666647014
84.82905982905987	829.3124123274652
85.04273504273509	829.2579579902288
85.2564102564103	829.2035036529924
85.47008547008552	829.1520793271351
85.68376068376074	829.1006550012777
85.89743589743595	829.0492306754203
86.11111111111117	829.0006635734591
86.32478632478636	828.9520964714977
86.53846153846156	828.9035293695365
86.75213675213678	828.8585245479135
86.96581196581198	828.8135197262902
87.17948717948718	828.768514904667
87.39316239316241	828.7282867878132
87.60683760683763	828.6880586709593
87.82051282051286	828.6478305541056
88.03418803418806	828.610521934184
88.24786324786328	828.5732133142624
88.4615384615385	828.5359046943408
88.67521367521371	828.5008975298197
88.8888888888889	828.4658903652984
89.10256410256412	828.4308832007771
89.31623931623933	828.3981674592997
89.52991452991455	828.3654517178221
89.74358974358975	828.3327359763447
89.95726495726497	828.3031014406437
90.17094017094018	828.2734669049426
90.3846153846154	828.2438323692414
90.59829059829062	828.2158744899947
90.81196581196583	828.1879166107478
91.02564102564105	828.1599587315011
91.23931623931625	828.1329457046264
91.45299145299145	828.1059326777515
91.66666666666666	828.0789196508766
91.88034188034189	828.0529625963945
92.0940170940171	828.0270055419123
92.3076923076923	828.0010484874302
92.52136752136755	827.9775664102306
92.73504273504277	827.9540843330309
92.948717948718	827.9306022558312
93.1623931623932	827.9089517004684
93.3760683760684	827.8873011451054
93.5897435897436	827.8656505897426
93.80341880341882	827.8453060735974
94.01709401709401	827.8249615574521
94.23076923076923	827.8046170413068
94.44444444444446	827.7858130947483
94.65811965811966	827.7670091481897
94.87179487179488	827.7482052016312
95.08547008547009	827.7328835787378
95.2991452991453	827.7175619558441
95.51282051282053	827.7022403329504
95.72649572649573	827.6886382209003
95.94017094017093	827.6750361088501
96.15384615384616	827.6614339967999
96.36752136752138	827.6492162857305
96.58119658119656	827.6369985746609
96.7948717948718	827.6247808635912
97.00854700854703	827.6145054243509
97.22222222222224	827.6042299851105
97.43589743589746	827.5939545458701
97.64957264957269	827.5869148610522
97.8632478632479	827.579875176234
98.07692307692311	827.572835491416
98.29059829059831	827.5673149061033
98.50427350427351	827.5617943207905
98.7179487179487	827.5562737354777
98.93162393162395	827.55242577792
99.14529914529915	827.5485778203621
99.35897435897436	827.5447298628043
99.57264957264958	827.5432643926456
99.7863247863248	827.5417989224867
100.0	827.5403334523279
