0.0	1090.465049716921
1.2345679012345696	1090.285650607214
2.469135802469139	1090.1062514975067
3.703703703703709	1089.9268523877995
4.938271604938279	1088.6227932390884
6.172839506172849	1087.3187340903771
7.407407407407419	1086.014674941666
8.641975308641989	1084.6019940665094
9.876543209876557	1083.1893131913528
11.111111111111125	1081.7766323161961
12.345679012345697	1080.054471181623
13.580246913580265	1078.3323100470498
14.814814814814833	1076.6101489124767
16.049382716049404	1074.7448120822294
17.283950617283974	1072.8794752519818
18.51851851851854	1071.0141384217345
19.75308641975311	1068.9413245556887
20.98765432098768	1066.8685106896426
22.222222222222246	1064.7956968235967
23.45679012345682	1062.510150736504
24.691358024691393	1060.2246046494113
25.92592592592596	1057.9390585623185
27.16049382716053	1055.50140069336
28.395061728395092	1053.0637428244013
29.62962962962966	1050.6260849554428
30.86419753086423	1048.0580659816521
32.0987654320988	1045.4900470078612
33.333333333333364	1042.9220280340703
34.56790123456795	1040.2559610068693
35.80246913580251	1037.5898939796684
37.03703703703709	1034.9238269524674
38.27160493827166	1032.1768196826079
39.50617283950623	1029.429812412748
40.74074074074079	1026.6828051428886
41.97530864197537	1023.8980688498398
43.20987654320992	1021.113332556791
44.444444444444485	1018.3285962637422
45.67901234567906	1015.4831512440147
46.91358024691362	1012.6377062242872
48.14814814814818	1009.7922612045597
49.382716049382765	1006.9510934247097
50.617283950617335	1004.1099256448596
51.851851851851904	1001.2687578650094
53.086419753086474	998.4371748094504
54.320987654321044	995.6055917538913
55.555555555555614	992.7740086983323
56.790123456790184	989.9276498086591
58.024691358024754	987.0812909189858
59.25925925925932	984.2349320293125
60.49382716049389	981.4386973722627
61.72839506172846	978.6424627152128
62.962962962963026	975.8462280581629
64.1975308641976	973.0777313250634
65.43209876543217	970.3092345919638
66.66666666666673	967.5407378588643
67.90123456790131	964.7867828720965
69.1358024691359	962.0328278853286
70.37037037037045	959.2788728985608
71.60493827160504	956.5777928337875
72.8395061728396	953.876712769014
74.07407407407416	951.1756327042406
75.30864197530875	948.508853738851
76.54320987654332	945.8420747734614
77.77777777777789	943.1752958080717
79.01234567901247	940.5458478978142
80.24691358024702	937.9163999875565
81.48148148148158	935.2869520772989
82.71604938271618	932.6958261035073
83.95061728395076	930.1047001297158
85.18518518518533	927.5135741559242
86.41975308641989	924.9702994438055
87.65432098765444	922.4270247316869
88.888888888889	919.8837500195682
90.1234567901236	917.3850324786114
91.35802469135818	914.8863149376544
92.59259259259275	912.3875973966975
93.82716049382734	909.9397450373567
95.06172839506189	907.4918926780158
96.29629629629645	905.0440403186749
97.53086419753103	902.6362176903324
98.76543209876559	900.2283950619898
100.00000000000014	897.8205724336472
101.23456790123474	895.4618642241204
102.4691358024693	893.1031560145937
103.7037037037039	890.7444478050669
104.93827160493846	888.4316875626201
106.172839506173	886.1189273201733
107.40740740740756	883.8061670777265
108.64197530864216	881.5357423605078
109.87654320987673	879.2653176432889
111.11111111111131	876.99489292607
112.34567901234591	874.7759334337139
113.58024691358045	872.5569739413578
114.81481481481504	870.3380144490018
116.0493827160496	868.1708697248456
117.28395061728415	866.0037250006894
118.5185185185187	863.8365802765333
119.7530864197533	861.7074459277687
120.98765432098787	859.5783115790041
122.22222222222247	857.4491772302395
123.45679012345704	855.3793930170799
124.69135802469158	853.3096088039202
125.92592592592614	851.2398245907607
127.16049382716072	849.2066685024961
128.39506172839526	847.1735124142315
129.62962962962985	845.1403563259669
130.86419753086443	843.151512540201
132.098765432099	841.162668754435
133.33333333333354	839.173824968669
134.56790123456813	837.2304646794526
135.80246913580268	835.287104390236
137.03703703703727	833.3437441010195
138.27160493827185	831.435570870941
139.50617283950643	829.5273976408623
140.740740740741	827.6192244107838
141.97530864197557	825.7718075645937
143.20987654321013	823.9243907184034
144.44444444444468	822.0769738722132
145.67901234567927	820.2592521408612
146.91358024691385	818.441530409509
148.1481481481484	816.6238086781569
149.382716049383	814.8524917552222
150.61728395061758	813.0811748322874
151.85185185185213	811.3098579093526
153.08641975308672	809.5687973138793
154.32098765432124	807.8277367184058
155.55555555555583	806.0866761229325
156.7901234567904	804.3983000503074
158.02469135802497	802.7099239776821
159.25925925925955	801.0215479050569
160.49382716049413	799.3680266660809
161.7283950617287	797.7145054271049
162.96296296296325	796.0609841881289
164.19753086419786	794.4530944259348
165.43209876543241	792.8452046637403
166.666666666667	791.2373149015459
167.90123456790158	789.6581987456262
169.1358024691361	788.0790825897064
170.3703703703707	786.4999664337867
171.60493827160528	784.966431872729
172.8395061728398	783.4328973116711
174.07407407407436	781.8993627506134
175.308641975309	780.4069796131338
176.54320987654356	778.914596475654
177.77777777777817	777.4222133381742
179.01234567901275	775.9676839434201
180.2469135802473	774.5131545486659
181.4814814814819	773.0586251539117
182.71604938271645	771.6390173095798
183.950617283951	770.2194094652478
185.1851851851856	768.7998016209159
186.41975308642017	767.4161113235582
187.6543209876547	766.0324210262004
188.88888888888928	764.6487307288426
190.1234567901238	763.3031735793613
191.3580246913583	761.9576164298799
192.59259259259287	760.6120592803985
193.82716049382748	759.2983811021717
195.0617283950621	757.9847029239447
196.2962962962967	756.6710247457179
197.53086419753126	755.3982955653939
198.7654320987658	754.1255663850699
200.0000000000004	752.8528372047459
201.23456790123495	751.6143118670884
202.4691358024695	750.3757865294308
203.7037037037041	749.1372611917733
204.93827160493868	747.9249148454361
206.17283950617326	746.7125684990987
207.40740740740785	745.5002221527614
208.64197530864243	744.3330212884088
209.87654320987698	743.165820424056
211.11111111111154	741.9986195597035
212.34567901234612	740.858138864985
213.58024691358068	739.7176581702665
214.81481481481524	738.5771774755481
216.04938271604985	737.4544346537955
217.2839506172844	736.3316918320428
218.51851851851893	735.2089490102902
219.75308641975354	734.1303898204364
220.9876543209881	733.0518306305826
222.22222222222268	731.9732714407288
223.45679012345727	730.9188642474941
224.69135802469185	729.8644570542591
225.9259259259264	728.8100498610243
227.160493827161	727.786244664483
228.39506172839555	726.7624394679416
229.62962962963013	725.7386342714002
230.86419753086471	724.7466676854593
232.0987654320993	723.7547010995185
233.33333333333383	722.7627345135776
234.5679012345684	721.7967659470467
235.80246913580294	720.8307973805156
237.03703703703752	719.8648288139847
238.2716049382721	718.9321818804257
239.5061728395067	717.9995349468666
240.74074074074127	717.0668880133074
241.97530864197586	716.1558171002293
243.20987654321038	715.2447461871511
244.44444444444494	714.333675274073
245.67901234567952	713.4555283755376
246.91358024691405	712.5773814770021
248.14814814814858	711.6992345784665
249.38271604938316	710.8459390396977
250.61728395061778	709.9926435009288
251.85185185185233	709.13934796216
253.0864197530869	708.3122301277107
254.32098765432144	707.4851122932613
255.55555555555597	706.657994458812
256.7901234567906	705.8547657218014
258.02469135802517	705.0515369847907
259.25925925925975	704.24830824778
260.49382716049433	703.4713635087903
261.7283950617289	702.6944187698007
262.9629629629635	701.917474030811
264.1975308641981	701.166058730652
265.43209876543256	700.414643430493
266.666666666667	699.663228130334
267.90123456790167	698.9374553344293
269.1358024691362	698.2116825385244
270.37037037037084	697.4859097426197
271.60493827160536	696.7884604267288
272.83950617283995	696.0910111108377
274.0740740740745	695.3935617949468
275.308641975309	694.7156882264387
276.5432098765436	694.0378146579307
277.7777777777781	693.3599410894226
279.01234567901275	692.7069066144009
280.2469135802473	692.053872139379
281.48148148148186	691.4008376643571
282.71604938271645	690.7744009739068
283.950617283951	690.1479642834564
285.1851851851856	689.5215275930061
286.4197530864202	688.9181191937162
287.6543209876547	688.3147107944262
288.8888888888893	687.7113023951363
290.12345679012384	687.1245349964676
291.3580246913584	686.5377675977987
292.59259259259295	685.9510001991299
293.8271604938276	685.3902345719175
295.0617283950621	684.8294689447049
296.29629629629665	684.2687033174924
297.53086419753123	683.7317372580676
298.76543209876576	683.1947711986426
300.00000000000034	682.6578051392177
301.2345679012349	682.1441042156492
302.46913580246945	681.6304032920806
303.70370370370404	681.116702368512
304.93827160493856	680.6241621857839
306.17283950617315	680.1316220030557
307.4074074074077	679.6390818203275
308.64197530864226	679.1681874485377
309.87654320987684	678.6972930767477
311.11111111111137	678.2263987049577
312.345679012346	677.7772318736787
313.58024691358054	677.3280650423995
314.8148148148151	676.8788982111205
316.04938271604965	676.453353426536
317.2839506172842	676.0278086419513
318.51851851851876	675.6022638573668
319.75308641975334	675.1942372399518
320.987654320988	674.7862106225368
322.2222222222225	674.3781840051219
323.45679012345715	673.9933680899665
324.6913580246917	673.6085521748109
325.9259259259262	673.2237362596554
327.1604938271608	672.8604665404221
328.39506172839526	672.4971968211886
329.62962962962985	672.1339271019551
330.86419753086443	671.7900316643681
332.09876543209896	671.446136226781
333.3333333333336	671.1022407891941
334.5679012345682	670.7779114969074
335.80246913580277	670.4535822046206
337.0370370370373	670.1292529123339
338.2716049382719	669.825551295679
339.50617283950635	669.5218496790241
340.7407407407409	669.2181480623691
341.9753086419755	668.9353392659568
343.2098765432101	668.6525304695444
344.4444444444447	668.3697216731321
345.67901234567915	668.1043306780348
346.9135802469137	667.8389396829374
348.14814814814815	667.57354868784
349.38271604938274	667.3271622599291
350.61728395061743	667.080775832018
351.851851851852	666.834389404107
353.08641975308666	666.6101614204823
354.32098765432113	666.3859334368576
355.55555555555566	666.1617054532329
356.7901234567903	665.9547207362779
358.0246913580248	665.7477360193228
359.2592592592594	665.5407513023678
360.493827160494	665.351045260036
361.7283950617285	665.1613392177043
362.9629629629631	664.9716331753725
364.19753086419763	664.8031830466463
365.4320987654322	664.6347329179199
366.66666666666674	664.4662827891937
367.9012345679014	664.315800989282
369.1358024691359	664.1653191893702
370.37037037037044	664.0148373894584
371.6049382716051	663.879031217284
372.83950617283966	663.7432250451094
374.07407407407425	663.6074188729349
375.3086419753088	663.4972724282997
376.5432098765433	663.3871259836642
377.77777777777794	663.2769795390288
379.01234567901247	663.1782135603539
380.246913580247	663.0794475816789
381.4814814814815	662.980681603004
382.7160493827161	662.8995215403024
383.95061728395063	662.8183614776009
385.1851851851852	662.7372014148993
386.41975308641986	662.6749771372781
387.65432098765433	662.6127528596568
388.8888888888889	662.5505285820354
390.1234567901235	662.5072193352565
391.358024691358	662.4639100884774
392.5925925925926	662.4206008416984
393.8271604938272	662.3933345092322
395.0617283950617	662.3660681767658
396.2962962962963	662.3388018442995
397.53086419753095	662.3310005191365
398.7654320987655	662.3231991939734
400.0	662.3153978688104
