% Model:              Cav_Hex_Unif_flux_v5.1.2 - Wall Distn.mph
% Version:            COMSOL 5.5.0.359
% Date:               Nov 23 2021, 11:37
% Dimension:          1
% Nodes:              430
% Expressions:        5
% Description:        Line graph
% x                       Height                   Height                   Height                   Height                   Height
0                         1157.6124569046438       1160.5800258786653       1162.9326509482628       1164.8365994742983       1166.3826479097747
0.2331002331002331        1155.791422862662        1158.7657045574263       1161.1257376584063       1163.0379594431663       1164.5932513079285
0.4662004662004662        1153.9703888206802       1156.951383236187        1159.3188243685497       1161.2393194120343       1162.8038547060821
0.6993006993006993        1152.1493547786986       1155.1370619149477       1157.5119110786932       1159.4406793809023       1161.0144581042357
0.9324009324009324        1150.8227096286419       1153.8261977151158       1156.2171247642061       1158.1629253433484       1159.7549683237548
1.1655011655011656        1149.4960644785851       1152.5153335152836       1154.9223384497188       1156.8851713057945       1158.495478543274
1.3986013986013985        1148.1694193285284       1151.2044693154517       1153.6275521352318       1155.6074172682406       1157.235988762793
1.6317016317016317        1147.1386669978376       1150.191786701064        1152.631691498955        1154.628392246299        1156.2743495624077
1.8648018648018643        1146.1079146671466       1149.1791040866763       1151.6358308626782       1153.649367224357        1155.312710362022
2.0979020979020975        1145.0771623364558       1148.1664214722884       1150.6399702264014       1152.6703422024154       1154.3510711616366
2.3310023310023307        1144.106062374083        1147.212234701615        1149.6985055262053       1151.7395092332833       1153.4300412203356
2.5641025641025634        1143.13496241171         1146.2580479309413       1148.7570408260092       1150.808676264151        1152.5090112790344
2.797202797202796         1142.163862449337        1145.3038611602676       1147.815576125813        1149.8778432950187       1151.5879813377333
3.03030303030303          1141.2561853621582       1144.4093965073612       1146.9321311273436       1149.0048557873758       1150.7260466234366
3.2634032634032635        1140.3485082749794       1143.514931854455        1146.0486861288741       1148.1318682797328       1149.8641119091399
3.4965034965034967        1139.4408311878005       1142.6204672015485       1145.1652411304046       1147.25888077209         1149.0021771948432
3.7296037296037294        1138.3734476712782       1141.5715502708724       1144.13001131219         1146.2346133563042       1147.9879715835493
3.962703962703962         1137.3060641547556       1140.5226333401963       1143.094781493975        1145.2103459405182       1146.9737659722557
4.195804195804195         1136.2386806382333       1139.4737164095202       1142.0595516757603       1144.1860785247322       1145.9595603609619
4.428904428904428         1135.0216161986987       1138.2672913431495       1140.8599149756049       1142.9911917298705       1144.769268867729
4.6620046620046605        1133.8045517591638       1137.0608662767786       1139.6602782754494       1141.7963049350087       1143.5789773744957
4.895104895104893         1132.587487319629        1135.8544412104077       1138.460641575294        1140.601418140147        1142.3886858812627
5.128205128205128         1131.2641867807529       1134.5407085175848       1137.154540002825        1139.3019880773882       1141.096247482081
5.3613053613053605        1129.9408862418766       1133.2269758247617       1135.848438430356        1138.0025580146296       1139.803809082899
5.594405594405594         1128.6175857030005       1131.9132431319388       1134.542336857887        1136.7031279518708       1138.5113706837174
5.827505827505827         1127.1542863116042       1130.4481329463813       1133.0742206388582       1135.23162116846         1137.036910909437
6.060606060606059         1125.6909869202077       1128.9830227608236       1131.6061044198293       1133.7601143850488       1135.5624511351564
6.2937062937062915        1124.2276875288112       1127.517912575266        1130.1379882008005       1132.288607601638        1134.087991360876
6.526806526806525         1122.661110742759        1125.932249706777        1128.5343524419482       1130.668629860939        1132.4538152099674
6.759906759906759         1121.0945339567068       1124.3465868382877       1126.9307166830956       1129.0486521202404       1130.8196390590588
6.9930069930069925        1119.5279571706546       1122.7609239697986       1125.3270809242433       1127.4286743795415       1129.1854629081502
7.226107226107226         1117.7793587614858       1121.013061483936        1123.5764701639894       1125.6732099503681       1127.4241421248596
7.459207459207458         1116.030760352317        1119.2651989980736       1121.8258594037354       1123.9177455211945       1125.662821341569
7.692307692307692         1114.2821619431481       1117.5173365122112       1120.0752486434815       1122.1622810920212       1123.9015005582785
7.925407925407924         1112.4429668491753       1115.6731502098994       1118.2251982923447       1120.3063010364729       1122.0400144466182
8.158508158508157         1110.6037717552024       1113.8289639075876       1116.3751479412076       1118.4503209809247       1120.178528334958
8.391608391608388         1108.7645766612295       1111.984777605276        1114.5250975900708       1116.5943409253764       1118.3170422232977
8.624708624708623         1106.8200277753472       1110.0198974965326       1112.543025590888        1114.5980808765794       1116.3094246961514
8.857808857808857         1104.8754788894648       1108.0550173877891       1110.560953591705        1112.6018208277821       1114.3018071690049
9.09090909090909          1102.9309300035825       1106.0901372790458       1108.5788815925218       1110.605560778985        1112.2941896418583
9.324009324009324         1100.8401797520112       1103.9964095119694       1106.481905106322        1108.5053629109036       1110.1910445026817
9.557109557109555         1098.7494295004399       1101.9026817448928       1104.3849286201223       1106.405165042822        1108.0878993635051
9.79020979020979          1096.6586792488686       1099.8089539778164       1102.2879521339225       1104.3049671747408       1105.9847542243285
10.023310023310023        1094.5015548860245       1097.6500792495297       1100.1244067162447       1102.1350357561475       1103.80737014422
10.256410256410257        1092.34443052318         1095.4912045212427       1097.9608612985671       1099.9651043375543       1101.629986064111
10.48951048951049         1090.1873061603358       1093.3323297929558       1095.7973158808893       1097.795172918961        1099.4526019840023
10.722610722610721        1088.031510020725        1091.1630672390545       1093.6139369526638       1095.5972226992792       1097.2395653016843
10.955710955710956        1085.875713881114        1088.993804685153        1091.4305580244381       1093.3992724795971       1095.0265286193662
11.188811188811187        1083.7199177415032       1086.8245421312515       1089.2471790962124       1091.2013222599153       1092.8134919370482
11.42191142191142         1081.5661750638862       1084.6509647913706       1087.05541051206         1088.992736857146        1090.5892499576908
11.65501165501165         1079.412432386269        1082.47738745149         1084.8636419279073       1086.7841514543766       1088.365007978333
11.888111888111883        1077.2586897086521       1080.303810111609        1082.671873343755        1084.5755660516072       1086.1407659989757
12.121212121212116        1075.1465229469088       1078.1631907365208       1080.5087671276376       1082.3937916106186       1083.9426537286292
12.35431235431235         1073.0343561851655       1076.0225713614325       1078.34566091152         1080.2120171696297       1081.7445414582826
12.587412587412583        1070.9221894234222       1073.8819519863443       1076.1825546954026       1078.030242728641        1079.5464291879362
12.820512820512816        1068.8072502660516       1071.7431620110149       1074.0258710595854       1075.8593696484656       1077.363553441256
13.053613053613049        1066.6923111086808       1069.6043720356852       1071.869187423768        1073.68849656829         1075.180677694576
13.286713286713281        1064.5773719513102       1067.4655820603557       1069.7125037879505       1071.5176234881144       1072.9978019478958
13.519813519813518        1062.4767456005013       1065.342843607183        1067.5727986620007       1069.364509414039        1070.8338774911444
13.75291375291375         1060.3761192496922       1063.2201051540105       1065.433093536051        1067.211395339964        1068.6699530343928
13.986013986013985        1058.2754928988834       1061.097366700838        1063.2933884101012       1065.0582812658886       1066.5060285776412
14.219114219114218        1056.1710208099985       1058.9683490243276       1061.144884296461        1062.8938001169288       1064.3281363501696
14.452214452214449        1054.0665487211133       1056.839331347817        1058.9963801828205       1060.729318967969        1062.150244122698
14.68531468531468         1051.9620766322282       1054.7103136713065       1056.84787606918         1058.5648378190092       1059.9723518952264
14.918414918414914        1049.8545015174986       1052.5806592692397       1054.701615266831        1056.40581757256         1057.8033553712676
15.151515151515147        1047.7469264027688       1050.4510048671727       1052.5553544644815       1054.2467973261105       1055.6343588473085
15.38461538461538         1045.6393512880393       1048.321350465106        1050.4090936621324       1052.0877770796612       1053.4653623233496
15.617715617715614        1043.6093111203586       1046.263001760497        1048.3286407084588       1049.9895671218012       1051.3526433435202
15.850815850815845        1041.5792709526777       1044.204653055888        1046.248187754785        1047.8913571639412       1049.2399243636905
16.08391608391608         1039.549230784997        1042.146304351279        1044.1677348011115       1045.7931472060811       1047.1272053838609
16.317016317016314        1037.5467565035542       1040.1207075846335       1042.1246890251102       1043.736949985828        1045.0614051193315
16.55011655011654         1035.5442822221114       1038.095110817988        1040.081643249109        1041.6807527655749       1042.9956048548022
16.783216783216776        1033.5418079406686       1036.0695140513424       1038.0385974731078       1039.6245555453218       1040.9298045902729
17.01631701631701         1031.568092913958        1034.0738689240366       1036.0274021263033       1037.602845638472        1038.9017007216924
17.24941724941724         1029.5943778872472       1032.0782237967305       1034.0162067794988       1035.5811357316225       1036.8735968531118
17.482517482517476        1027.6206628605366       1030.0825786694247       1032.0050114326943       1033.5594258247727       1034.8454929845313
17.71561771561771         1025.7040801284195       1028.1388672015294       1030.0411090263135       1031.5810105071914       1032.8573809291743
17.948717948717942        1023.7874973963025       1026.195155733634        1028.077206619933        1029.6025951896102       1030.869268873817
18.181818181818173        1021.8709146641854       1024.2514442657387       1026.113304213552        1027.624179872029        1028.8811568184599
18.41491841491841         1019.9879012064048       1022.351476918002        1024.2009280863383       1025.7029333909911       1026.9538422847727
18.648018648018645        1018.104887748624        1020.4515095702653       1022.2885519591244       1023.7816869099532       1025.0265277510855
18.881118881118876        1016.2218742908433       1018.5515422225286       1020.3761758319106       1021.8604404289154       1023.0992132173983
19.11421911421911         1014.3915713881397       1016.7030568462584       1018.5139397614286       1019.9875275045757       1021.2177379230366
19.347319347319342        1012.5612684854361       1014.8545714699882       1016.6517036909464       1018.114614580236        1019.3362626286747
19.580419580419576        1010.7309655827326       1013.006086093718        1014.7894676204643       1016.2417016558962       1017.4547873343129
19.813519813519807        1008.9359612342656       1011.1977733378478       1012.9705120055894       1014.4136381850975       1015.61839109759
20.04662004662004         1007.1409568857987       1009.3894605819776       1011.1515563907143       1012.5855747142987       1013.781994860867
20.279720279720273        1005.3459525373318       1007.5811478261073       1009.3326007758393       1010.7575112435          1011.9455986241442
20.51282051282051         1003.5960205729579       1005.815597340322        1007.553771970646        1008.9668240490977       1010.1440554028256
20.745920745920742        1001.8460886085838       1004.0500468545366       1005.7749431654527       1007.1761368546954       1008.3425121815069
20.979020979020977        1000.0961566442098       1002.2844963687513       1003.9961143602594       1005.3854496602931       1006.5409689601883
21.21212121212121         998.3765517027348        1000.549781812351        1002.2492247814283       1003.6282051847536       1004.7747261394974
21.445221445221442        996.6569467612595        998.8150672559505        1000.5023352025972       1001.8709607092139       1003.0084833188063
21.678321678321677        994.9373418197844        997.08035269955          998.7554456237661        1000.1137162336743       1001.2422404981152
21.91142191142191         993.2549961099336        995.3807281895258        997.0423663959014        998.3892912742326        999.5076892390995
22.144522144522142        991.5726504000827        993.6811036795016        995.3292871680366        996.6648663147909        997.7731379800836
22.377622377622373        989.8903046902318        991.9814791694773        993.6162079401718        994.9404413553491        996.0385867210678
22.610722610722608        988.2413224311315        990.3163597474932        991.93845614358          993.2519173613003        994.340335545804
22.84382284382284         986.592340172031         988.6512403255088        990.2607043469881        991.5633933672514        992.6420843705401
23.07692307692307         984.9433579129305        986.9861209035245        988.5829525503962        989.8748693732025        990.9438331952764
23.3100233100233          983.345395723936         985.3734530532738        986.9585992757815        988.240681747065         989.3010420036954
23.54312354312353         981.7474335349414        983.7607852030229        985.3342460011667        986.6064941209273        987.6582508121144
23.776223776223766        980.1494713459467        982.148117352772         983.709892726552         984.9723064947897        986.0154596205334
24.009324009324           978.599803164438         980.5902285625231        982.1436559330541        983.3982339460289        984.4342396500211
24.242424242424235        977.0501349829291        979.0323397722739        980.5774191395561        981.824161397268         982.8530196795087
24.47552447552447         975.5004668014203        977.4744509820248        979.0111823460581        980.2500888485072        981.2717997089964
24.708624708624708        974.003304414201         975.9679787380388        977.4957096551997        978.7262492175848        979.7403107902721
24.94172494172493         972.5061420269816        974.4615064940527        975.9802369643411        977.2024095866623        978.2088218715478
25.174825174825166        971.0089796397622        972.9550342500668        974.4647642734826        975.6785699557397        976.6773329528235
25.4079254079254          969.5508576487821        971.4869699365953        972.9859054091412        974.1885612448988        975.176178746959
25.641025641025628        968.092735657802         970.0189056231237        971.5070465447997        972.6985525340576        973.6750245410943
25.87412587412586         966.6346136668219        968.5508413096521        970.0281876804581        971.2085438232166        972.1738703352297
26.1072261072261          965.2077883933175        967.1162828607997        968.5860773132171        969.7593429127369        970.718259266903
26.340326340326335        963.780963119813         965.6817244119471        967.1439669459759        968.3101420022571        969.2626481985761
26.573426573426566        962.3541378463086        964.2471659630946        965.7018565787348        966.8609410917774        967.8070371302493
26.8065268065268          960.9660353683722        962.8513554004697        964.2994550381459        965.4530062594587        966.394593252726
27.03962703962703         959.5779328904356        961.4555448378446        962.8970534975568        964.0450714271399        964.9821493752027
27.272727272727263        958.1898304124991        960.0597342752196        961.4946519569678        962.6371365948211        963.5697054976793
27.505827505827494        956.836054411434         958.6989710626762        960.1291038307227        961.2682888401582        962.1983929510136
27.73892773892773         955.4822784103687        957.3382078501324        958.7635557044774        959.8994410854953        960.8270804043478
27.97202797202796         954.1285024093035        955.9774446375889        957.3980075782322        958.5305933308323        959.4557678576821
28.205128205128194        952.8070060861836        954.6478309277455        956.0632582281718        957.1926876933215        958.1158705227988
28.438228438228425        951.4855097630635        953.3182172179021        954.7285088781111        955.8547820558107        956.7759731879154
28.67132867132866         950.1640134399436        951.9886035080586        953.3937595280505        954.5168764182998        955.436075853032
28.904428904428894        948.8765136277336        950.6967466147431        952.099301804071         953.2210119847905        954.1395861739917
29.13752913752912         947.5890138155235        949.4048897214274        950.8048440800914        951.9251475512812        952.8430964949512
29.370629370629352        946.3015140033134        948.1130328281117        949.5103863561118        950.6292831177718        951.5466068159106
29.60372960372959         945.0502639388301        946.8588667339409        948.2548573459102        949.3737596953565        950.2923574670725
29.83682983682982         943.7990138743465        945.6047006397699        946.9993283357085        948.1182362729411        949.0381081182342
30.069930069930056        942.5477638098631        944.350534545599         945.7437993255069        946.8627128505257        947.7838587693959
30.30303030303029         941.3060342947232        943.1074755854048        944.5007298288955        945.620588783232         946.5433499789348
30.536130536130525        940.064304779583         941.8644166252105        943.257660332284         944.3784647159382        945.3028411884735
30.769230769230756        938.822575264443         940.6213576650164        942.0145908356725        943.1363406486445        944.0623323980124
31.00233100233099         937.6173735582934        939.4143266183754        940.8062147795584        941.9267944436385        942.851582430493
31.235431235431218        936.4121718521436        938.2072955717342        939.5978387234442        940.7172482386324        941.6408324629735
31.468531468531452        935.2069701459939        937.0002645250931        938.38946266733          939.5077020336263        940.4300824954541
31.701631701631683        934.0463095750587        935.8367415591364        937.2235796869651        938.3396363399133        939.2598366220564
31.934731934731918        932.8856490041234        934.6732185931794        936.0576967066           937.1715706462003        938.0895907486585
32.16783216783215         931.7249884331881        933.5096956272224        934.8918137262351        936.0035049524872        936.9193448752607
32.40093240093238         930.6039253371208        932.3846845750643        933.7635325432744        934.872216476333         935.785116174152
32.63403263403262         929.4828622410536        931.259673522906         932.6352513603136        933.7409280001787        934.6508874730431
32.86713286713285         928.3617991449863        930.1346624707478        931.506970177353         932.6096395240244        933.5166587719342
33.10023310023308         927.2744403533463        929.0428667003926        930.4114021908795        931.5105850997845        932.4142306237629
33.333333333333314        926.1870815617062        927.9510709300372        929.3158342044057        930.4115306755446        931.3118024755915
33.566433566433545        925.0997227700661        926.8592751596818        928.2202662179321        929.3124762513046        930.2093743274202
33.79953379953378         924.044894267779         925.7995166807173        927.1561206107497        928.2442073756           929.1371478160056
34.03263403263402         922.9900657654917        924.7397582017526        926.091975003567         927.1759384998953        928.0649213045908
34.26573426573425         921.9352372632045        923.679999722788         925.0278293963843        926.1076696241907        926.992694793176
34.49883449883448         920.903545064524         922.6416935917854        923.983355590556         925.0572743298873        925.9365559481884
34.731934731934714        919.8718528658434        921.6033874607825        922.9388817847275        924.0068790355836        924.8804171032006
34.965034965034945        918.8401606671628        920.5650813297797        921.8944079788992        922.95648374128          923.8242782582128
35.19813519813519         917.8402665326153        919.5597418917417        920.8841426553514        921.9416325480845        922.8051031107343
35.43123543123542         916.8403723980676        918.5544024537037        919.8738773318036        920.9267813548888        921.7859279632557
35.66433566433565         915.8404782635201        917.5490630156656        918.8636120082558        919.9119301616931        920.7667528157772
35.89743589743589         914.8669263119994        916.5712032903301        917.881939301818         918.9266643980371        919.7780160577645
36.130536130536115        913.8933743604783        915.5933435649944        916.90026659538          917.941398634381         918.7892792997518
36.363636363636346        912.9198224089573        914.6154838396586        915.9185938889422        916.9561328707249        917.8005425417391
36.59673659673659         911.9740625244526        913.6664853264916        914.9666849140795        916.0012688998795        916.8426151339146
36.82983682983682         911.0283026399478        912.7174868133244        914.0147759392165        915.0464049290339        915.88468772609
37.06293706293705         910.082542755443         911.7684883001573        913.0628669643537        914.0915409581884        914.9267603182655
37.29603729603729         909.1612270735071        910.844919034256         912.1363194399972        913.1613143184394        913.9923004862194
37.529137529137515        908.239911391571         909.9213497683546        911.2097719156405        912.2310876786903        913.0578406541731
37.762237762237746        907.3185957096349        908.9977805024533        910.283224391284         911.3008610389412        912.1233808221269
37.99533799533799         906.423218111572         908.0997098829175        909.3823339982661        910.3967396380003        911.2154915327745
38.22843822843822         905.5278405135091        907.2016392633816        908.481443605248         909.4926182370593        910.3076022434219
38.46153846153846         904.6324629154461        906.3035686438457        907.58055321223          908.5884968361185        909.3997129540694
38.694638694638684        903.7635965952676        905.4316900688247        906.7059778841378        907.7113094466039        908.5199504492773
38.927738927738915        902.8947302750888        904.5598114938034        905.8314025560455        906.8341220570891        907.640187944485
39.160839160839146        902.0258639549102        903.6879329187823        904.9568272279533        905.9569346675744        906.7604254396927
39.393939393939384        901.1741990172021        902.8332834546093        904.1001475876891        905.0988972369792        905.9016464542419
39.627039627039615        900.3225340794938        901.978633990436         903.2434679474247        904.2408598063837        905.042867468791
39.86013986013985         899.4708691417856        901.1239845262629        902.3867883071604        903.3828223757884        904.1840884833401
40.093240093240084        898.6442855437026        900.2938541055779        901.5549283165855        902.5503730946616        903.3517766345132
40.326340326340315        897.8177019456195        899.4637236848928        900.7230683260105        901.7179238135348        902.519464785686
40.55944055944055         896.9911183475365        898.6335932642078        899.8912083354356        900.8854745324079        901.6871529368589
40.792540792540784        896.1878601431026        897.8276749053476        899.0841415407009        900.0782370803818        900.8803829708855
41.025641025641015        895.3846019386687        897.0217565464875        898.277074745966         899.2709996283556        900.0736130049121
41.25874125874124         894.5813437342347        896.2158381876274        897.4700079512312        898.4637621763295        899.2668430389388
41.49184149184147         893.8006956089257        895.4351444916078        896.6896338509237        897.6839633328964        898.4878764204134
41.72494172494171         893.0200474836167        894.6544507955882        895.909259750616         896.9041644894633        897.708909801888
41.958041958041946        892.2393993583078        893.8737570995687        895.1288856503083        896.1243656460301        896.9299431833626
42.19114219114218         891.4852327624002        893.1181636162551        894.3725370602398        895.3675678599648        896.1728644255244
42.42424242424241         890.7310661664926        892.3625701329412        893.6161884701711        894.6107700738994        895.415785667686
42.65734265734264         889.976899570585         891.6069766496274        892.8598398801024        893.853972287834         894.6587069098478
42.89044289044287         889.2419686323052        890.8688042188559        892.1196230569175        893.112185885016         893.9155241682371
43.12354312354311         888.5070376940253        890.1306317880842        891.3794062337324        892.3703994821977        893.1723414266262
43.35664335664334         887.7721067557454        889.3924593573125        890.6391894105474        891.6286130793796        892.4291586850154
43.58974358974358         887.0529256062963        888.6732705853092        889.9198497029158        890.9089812852314        891.7091637022638
43.82284382284381         886.333744456847         887.9540818133057        889.2005099952842        890.189349491083         890.9891687195121
44.055944055944046        885.6145633073976        887.2348930413024        888.4811702876526        889.4697176969347        890.2691737367604
44.28904428904429         884.9180460116646        886.5395134099574        887.785578290123         888.7732494585603        889.5715698099083
44.522144522144515        884.2215287159315        885.8441337786122        887.0899862925933        888.0767812201857        888.873965883056
44.755244755244746        883.5250114201984        885.1487541472671        886.3943942950636        887.3803129818111        888.1763619562039
44.98834498834499         882.8449298375864        884.4676078446913        885.7117981355323        886.6959486708811        887.4898826366455
45.22144522144522         882.1648482549741        883.7864615421154        885.0292019760006        886.0115843599509        886.8034033170869
45.45454545454545         881.4847666723618        883.1053152395394        884.346605816469         885.3272200490208        886.1169239975284
45.68764568764569         880.8208277849653        882.4392014518172        883.6786723867699        884.6576936072013        885.4459243519524
45.920745920745915        880.1568888975687        881.773087664095         883.0107389570707        883.9881671653817        884.7749247063763
46.153846153846146        879.4929500101721        881.1069738763728        882.3428055273715        883.3186407235622        884.1039250608002
46.386946386946384        878.8541675056789        880.4671559147582        881.7021935375974        882.6773109609416        883.461862679858
46.62004662004661         878.2153850011855        879.8273379531436        881.0615815478232        882.0359811983208        882.8198002989155
46.85314685314684         877.5766024966922        879.187519991529         880.4209695580489        881.3946514357           882.1777379179732
47.08624708624708         876.959158644816         878.5674734270758        879.7991453925877        880.7716186534539        881.5539229289782
47.3193473193473          876.3417147929395        877.9474268626225        879.1773212271263        880.1485858712076        880.9301079399829
47.55244755244754         875.7242709410631        877.3273802981691        878.555497061665         879.5255530889615        880.3062929509878
47.78554778554778         875.1271017617007        876.7259624746805        877.9513387944343        878.9197557266887        879.6997011914101
48.01864801864801         874.5299325823381        876.1245446511917        877.3471805272034        878.3139583644157        879.0931094318323
48.25174825174824         873.9327634029756        875.5231268277031        876.7430222599726        877.7081610021428        878.4865176722546
48.48484848484847         873.3543388050714        874.9409733621693        876.1585602719515        877.1223423484566        877.9000058491531
48.717948717948694        872.7759142071669        874.3588198966353        875.5740982839302        876.5365236947704        877.3134940260514
48.951048951048925        872.1974896092624        873.7766664311013        874.989636295909         875.9507050410842        876.7269822029498
49.18414918414916         871.6389147247359        873.2147233574544        874.425654047088         875.3854811264614        876.1610368976292
49.4172494172494          871.080339840209         872.6527802838075        873.8616717982667        874.8202572118386        875.5950915923084
49.65034965034964         870.5217649556823        872.0908372101605        873.2976895494454        874.2550332972157        875.0291462869877
49.88344988344987         869.9833768457797        871.5492139925351        872.754152248447         873.7102775078907        874.483582334872
50.1165501165501          869.444988735877         871.0075907749095        872.2106149474484        873.1655217185656        873.9380183827562
50.349650349650325        868.9066006259744        870.465967557284         871.66707764645          872.6207659292405        873.3924544306404
50.58275058275056         868.3853365057189        869.9418537576303        871.1413622625621        872.0940283346607        872.8649873816331
50.8158508158508          867.8640723854634        869.4177399579764        870.615646878674         871.5672907400808        872.3375203326258
51.04895104895104         867.3428082652079        868.8936261583226        870.089931494786         871.0405531455009        871.8100532836185
51.28205128205128         866.840208217516         868.3878591593918        869.5825087042709        870.5322034083985        871.3011758098389
51.5151515151515          866.337608169824         867.882092160461         869.0750859137557        870.0238536712958        870.7922983360593
51.74825174825173         865.8350081221321        867.3763251615302        868.5676631232407        869.5155039341932        870.2834208622796
51.98135198135197         865.348050216172         866.88571655318          868.0752729390766        869.0223075012434        869.7900109526597
52.2144522144522          864.8610923102118        866.3951079448299        867.5828827549125        868.5291110682934        869.2966010430397
52.44755244755243         864.3741344042517        865.9044993364797        867.0904925707484        868.0359146353435        868.8031911334198
52.68065268065268         863.9036008477134        865.4303257548283        866.614482303514         867.5591128665004        868.3262409857629
52.91375291375291         863.433067291175         864.956152173177         866.1384720362794        867.0823110976572        867.8492908381058
53.14685314685315         862.9625337346366        864.4819785915256        865.6624617690447        866.605509328814         867.3723406904488
53.379953379953385        862.5080246982897        864.0239679322066        865.2024161376112        866.1445324022507        866.9111695135086
53.613053613053616        862.0535156619426        863.5659572728875        864.7423705061775        865.6835554756872        866.4499983365683
53.84615384615384         861.5990066255955        863.1079466135685        864.2823248747438        865.2225785491237        865.9888271596282
54.079254079254085        861.1568653215991        862.6646804351973        863.8383225892317        864.7782170213815        865.5443900181867
54.312354312354316        860.7147240176025        862.2214142568259        863.3943203037193        864.3338554936391        865.0999528767452
54.54545454545454         860.272582713606         861.7781480784546        862.9503180182069        863.8894939658968        864.6555157353037
54.778554778554785        859.8423541229523        861.3461742055075        862.5172655218275        863.4558458023222        864.2215708839717
55.011655011655           859.4121255322984        860.9142003325603        862.0842130254481        863.0221976387476        863.7876260326397
55.24475524475524         858.9818969416447        860.4822264596131        861.6511605290688        862.588549475173         863.3536811813076
55.47785547785548         858.5621300405987        860.0601249741438        861.2276811843248        862.1642790666197        862.9289304777088
55.71095571095571         858.1423631395526        859.6380234886743        860.8042018395806        861.7400086580662        862.5041797741098
55.94405594405595         857.7225962385065        859.2159220032048        860.3807224948366        861.3157382495128        862.0794290705109
56.177156177156185        857.3181875328154        858.809300350153         859.9727945114988        860.9070455293025        861.670214039977
56.4102564102564          856.913778827124         858.4026786971009        859.5648665281609        860.498352809092         861.2609990094431
56.64335664335664         856.5093701214328        857.9960570440489        859.156938544823         860.0896600888816        860.8517839789092
56.87645687645688         856.118694431266         857.6036758266218        858.7635971300916        859.6956188612761        860.4571167003332
57.10955710955711         855.728018741099         857.2112946091946        858.3702557153603        859.3015776336705        860.0624494217572
57.34265734265735         855.3373430509321        856.8189133917674        857.9769143006289        858.9075364060649        859.6677821431811
57.575757575757585        854.9572357109668        856.4385627147884        857.5961736877307        858.5262029306538        859.2857287314746
57.808857808857816        854.5771283710013        856.0582120378093        857.2154330748324        858.1448694552425        858.9036753197681
58.04195804195805         854.197021031036         855.6778613608302        856.8346924619342        857.7635359798313        858.5216219080617
58.27505827505828         853.829183594383         855.3101634220209        856.466585521465         857.3948245350731        858.1522566510563
58.50815850815851         853.4613461577301        854.9424654832114        856.0984785809958        857.0261130903149        857.7828913940508
58.741258741258726        853.0935087210771        854.5747675444021        855.7303716405265        856.6574016455567        857.4135261370454
58.97435897435897         852.737718798778         854.2185079950486        855.3734312708906        856.2998710975711        857.0555988664343
59.20745920745921         852.3819288764789        853.862248445695         855.0164909012545        855.9423405495855        856.6976715958228
59.44055944055944         852.0261389541798        853.5059888963414        854.6595505316186        855.5848100016           856.3397443252114
59.67365967365967         851.682221028192         853.1613938785052        854.3142343684998        855.2389677465126        855.9936451760025
59.9067599067599          851.3383031022041        852.8167988606689        853.9689182053809        854.893125491425         855.6475460267934
60.13986013986013         850.9943851762163        852.4722038428326        853.623602042262         854.5472832363376        855.3014468775843
60.37296037296037         850.6630963972624        852.1399621101609        853.290534833697         854.2136640182916        854.967581458037
60.60606060606061         850.3318076183085        851.8077203774891        852.957467625132         853.8800448002454        854.6337160384895
60.83916083916084         850.0005188393546        851.4754786448173        852.6244004165671        853.5464255821992        854.2998506189421
61.07226107226108         849.6797476520248        851.1538711395795        852.3020692640166        853.2235996079093        853.9767787884997
61.30536130536131         849.358976464695         850.8322636343415        851.979738111466         852.9007736336191        853.6537069580572
61.53846153846154         849.0382052773653        850.5106561291036        851.6574069589153        852.5779476593291        853.3306351276149
61.771561771561785        848.7281934445505        850.199848422946         851.3459612095575        852.2661004219843        853.0186267483717
62.004662004662016        848.4181816117356        849.8890407167884        851.0345154601995        851.9542531846395        852.7066183691285
62.237762237762254        848.1081697789207        849.5782330106308        850.7230697108415        851.6424059472947        852.3946099898852
62.47086247086249         847.8085611542573        849.2777949316961        850.4220517734997        851.3410964752493        852.0932823018659
62.70396270396271         847.5089525295938        848.9773568527614        850.1210338361577        851.0397870032037        851.7919546138464
62.93706293706294         847.2093439049304        848.6769187738267        849.8200158988158        850.7384775311583        851.4906269258271
63.17016317016319         846.918787451489         848.385894495738         849.5288212431838        850.4474374913191        851.2000468410588
63.40326340326341         846.6282309980476        848.0948702176491        849.2376265875515        850.1563974514796        850.9094667562903
63.636363636363654        846.3376745446062        847.8038459395603        848.9464319319193        849.8653574116402        850.6188866715218
63.86946386946391         846.0551970659415        847.5196477206779        848.6608726891815        849.5787912934061        850.3316347621522
64.10256410256414         845.7727195872765        847.2354495017953        848.3753134464434        849.2922251751718        850.0443828527825
64.33566433566438         845.4902421086115        846.9512512829127        848.0897542037055        849.0056590569376        849.7571309434129
64.5687645687646          845.2155896138698        846.6751089278463        847.8124673086107        848.7275304802513        849.4784221665988
64.80186480186482         844.940937119128         846.3989665727797        847.5351804135158        848.4494019035649        849.1997133897844
65.03496503496504         844.6662846243862        846.1228242177132        847.257893518421         848.1712733268785        848.9210046129701
65.26806526806527         844.4007780509104        845.8562449774712        846.9905042024644        847.9032865550689        848.652598948025
65.5011655011655          844.1352714774345        845.589665737229         846.7231148865077        847.6352997832593        848.3841932830798
65.73426573426572         843.8697649039585        845.3230864969869        846.4557255705511        847.3673130114496        848.1157876181345
65.96736596736596         843.6134653768369        845.0660719463716        846.1981518085706        847.1092964027811        847.8574250231031
66.2004662004662          843.357165849715         844.8090573957562        845.9405780465901        846.8512797941124        847.5990624280715
66.43356643356643         843.1008663225932        844.5520428451408        845.6830042846095        846.5932631854438        847.3406998330399
66.66666666666669         842.8540713079117        844.3047460064491        845.4352900541008        846.3451938833651        847.0923259198352
66.8997668997669          842.6072762932299        844.0574491677573        845.187575823592         846.0971245812863        846.8439520066303
67.13286713286713         842.3604812785483        843.8101523290655        844.9398615930833        845.8490552792075        846.5955780934254
67.36596736596738         842.1231999163824        843.5724422005655        844.7018062162214        845.6107243573537        846.3570306089085
67.59906759906761         841.8859185542163        843.3347320720653        844.4637508393594        845.3723934354997        846.1184831243914
67.83216783216784         841.6486371920503        843.0970219435652        844.2256954624974        845.1340625136457        845.8799356398745
68.06526806526809         841.4198404003947        842.8677588835769        843.9961421572226        844.9043775826719        845.6502602602201
68.2983682983683          841.191043608739         842.6384958235885        843.7665888519476        844.6746926516979        845.4205848805655
68.53146853146853         840.9622468170835        842.4092327636002        843.5370355466727        844.4450077207239        845.1909095009108
68.76456876456876         840.7421556106754        842.188538426845         843.3160158284584        844.2239228841204        844.9699984377739
68.997668997669           840.5220644042672        841.9678440900897        843.094996110244         844.0028380475168        844.7490873746368
69.23076923076924         840.3019731978591        841.7471497533344        842.8739763920297        843.7817532109133        844.5281763114998
69.46386946386949         840.0910359179442        841.5340140946302        842.6589213275959        843.5650426213803        844.3100502046906
69.6969696969697          839.8800986380293        841.3208784359258        842.4438662631619        843.3483320318472        844.0919240978812
69.93006993006993         839.6691613581144        841.1077427772216        842.2288111987281        843.1316214423142        843.873797991072
70.16317016317016         839.4688528369787        840.9048555837009        842.0235355282034        842.9241408088454        843.6642730989099
70.39627039627038         839.268544315843         840.70196839018          841.8182598576785        842.7166601753767        843.4547482067478
70.62937062937063         839.0682357947072        840.4990811966592        841.6129841871538        842.5091795419079        843.2452233145857
70.86247086247086         838.8674484778501        840.297627537527         841.4110292526059        842.3068965483303        843.0427695597142
71.09557109557109         838.6666611609928        840.0961738783947        841.2090743180579        842.1046135547526        842.8403158048426
71.32867132867132         838.4658738441357        839.8947202192624        841.0071193835099        841.9023305611751        842.6378620499711
71.56177156177155         838.26515496713          839.694852021871         840.8082395507279        841.7046025231144        842.441445022295
71.7948717948718          838.0644360901242        839.4949838244796        840.6093597179457        841.5068744850537        842.2450279946188
72.02797202797203         837.8637172131184        839.2951156270882        840.4104798851636        841.3091464469929        842.0486109669425
72.26107226107226         837.6717850531463        839.103882369725         840.2199697152928        841.1194299636056        841.8597679269758
72.49417249417249         837.4798528931741        838.9126491123617        840.0294595454219        840.9297134802183        841.6709248870089
72.72727272727272         837.2879207332019        838.7214158549983        839.8389493755511        840.739996996831         841.4820818470422
72.96037296037295         837.1037609081868        838.5377729265409        839.6557981377579        840.557373713645         841.300040053385
73.19347319347318         836.9196010831715        838.3541299980834        839.4726468999646        840.3747504304589        841.1179982597279
73.42657342657341         836.7354412581562        838.170487069626         839.2894956621714        840.1921271472728        840.9359564660707
73.65967365967366         836.557224311793         837.9928793542025        839.1124416199808        840.0156321020634        840.7600459261445
73.89277389277387         836.3790073654296        837.8152716387789        838.9353875777902        839.8391370568537        840.5841353862181
74.12587412587412         836.2007904190663        837.6376639233553        838.7583335355996        839.6626420116442        840.4082248462919
74.35897435897435         836.0292905182356        837.4667072138825        838.5878447143056        839.4926027274188        840.2386424596558
74.59207459207458         835.8577906174047        837.2957505044095        838.4173558930113        839.3225634431932        840.0690600730196
74.8251748251748          835.6862907165739        837.1247937949366        838.2468670717171        839.1525241589677        839.8994776863834
75.05827505827504         835.5214638518887        836.96036122145          838.082741979796         838.9886689576851        839.735885329561
75.29137529137527         835.3566369872034        836.795928647963         837.9186168878746        838.8248137564024        839.5722929727385
75.52447552447552         835.1918101225181        836.6314960744762        837.7544917959533        838.6609585551197        839.4087006159161
75.75757575757576         835.0333630412581        836.4733233349403        837.5964993728628        838.503096605836         839.2509510788627
75.990675990676           834.8749159599981        836.3151505954044        837.4385069497721        838.3452346565523        839.0932015418092
76.22377622377623         834.7164688787382        836.1569778558684        837.2805145266815        838.1873727072687        838.9354520047557
76.45687645687646         834.5645227556978        836.0052251219417        837.1288529858422        838.0357429912514        838.7838264576292
76.68997668997667         834.4125766326573        835.8534723880149        836.9771914450027        837.884113275234         838.6322009105025
76.92307692307692         834.2606305096169        835.701719654088         836.8255299041633        837.7324835592166        838.480575363376
77.15617715617715         834.1143883362149        835.5556845058526        836.6795834250654        837.5865594316949        838.3346381600555
77.3892773892774          833.9681461628127        835.409649357617         836.5336369459674        837.4406353041732        838.1887009567349
77.62237762237763         833.8219039894105        835.2636142093816        836.3876904668693        837.2947111766514        838.0427637534143
77.85547785547786         833.6816801783975        835.1236670065025        836.2479019888382        837.1550107686611        837.9031059681259
78.08857808857807         833.5414563673844        834.9837198036233        836.1081135108068        837.0153103606706        837.7634481828375
78.32167832167832         833.4012325563713        834.8437726007443        835.9683250327755        836.8756099526802        837.6237903975491
78.55477855477855         833.267464145117         834.7103826005687        835.8352037808451        836.7426820004131        837.4909974669931
78.78787878787878         833.1336957338626        834.5769926003929        835.7020825289144        836.6097540481458        837.358204536437
79.02097902097901         832.9999273226083        834.4436026002172        835.5689612769838        836.4768260958784        837.2254116058809
79.25407925407924         832.8719258282209        834.316159703666         835.4419780371659        836.3502250400404        837.099125757097
79.48717948717949         832.7439243338334        834.1887168071148        835.3149947973478        836.2236239842023        836.9728399083131
79.72027972027972         832.6159228394461        834.0612739105636        835.1880115575298        836.0970229283643        836.8465540595291
79.95337995337997         832.4942017968191        833.9404421691736        835.0679822973746        835.9777197840781        836.7279054090499
80.1864801864802          832.3724807541919        833.8196104277835        834.9479530372192        835.8584166397918        836.6092567585706
80.41958041958044         832.2507597115648        833.6987786863934        834.8279237770639        835.7391134955055        836.4906081080914
80.65268065268067         832.1338937311582        833.5819904503356        834.711135098519         835.6222488839012        836.3735930542407
80.8857808857809          832.0170277507515        833.4652022142776        834.5943464199739        835.5053842722967        836.25657800039
81.11888111888112         831.9001617703448        833.3484139782196        834.4775577414289        835.3885196606923        836.1395629465394
81.35198135198135         831.7887984758648        833.2362332423156        834.3644897083017        835.2744920474671        836.0245018148028
81.5850815850816          831.6774351813849        833.1240525064115        834.2514216751742        835.1604644342417        835.9094406830661
81.81818181818183         831.566071886905         833.0118717705075        834.1383536420469        835.0464368210163        835.7943795513295
82.05128205128206         831.4603587733894        832.905706743051         834.0316803489468        834.9391907549963        835.686491794697
82.28438228438229         831.3546456598739        832.7995417155944        833.9250070558464        834.8319446889761        835.5786040380643
82.51748251748252         831.2489325463583        832.6933766881377        833.8183337627462        834.724698622956         835.4707162814318
82.75058275058275         831.1483297430384        832.5924744009978        833.7170842073015        834.6230420994926        835.3685866727797
82.983682983683           831.0477269397185        832.4915721138578        833.6158346518566        834.521385576029         835.2664570641273
83.21678321678323         830.9471241363985        832.390669826718         833.5145850964118        834.4197290525656        835.1643274554749
83.44988344988347         830.8518361352603        832.2951920730412        833.4188767239837        834.3237328804635        835.0679778582905
83.68298368298369         830.756548134122         832.1997143193644        833.3231683515553        834.2277367083611        834.9716282611059
83.91608391608392         830.6612601329837        832.1042365656875        833.2274599791269        834.1317405362589        834.8752786639214
84.14918414918415         830.5709641291808        832.013805146047         833.1368722714944        834.0409537064448        834.7842391251762
84.38228438228437         830.4806681253777        831.9233737264065        833.0462845638618        833.9501668766305        834.6931995864309
84.61538461538461         830.3903721215748        831.832942306766         832.9556968562292        833.8593800468162        834.6021600476856
84.84848484848484         830.3053381499836        831.7477821885909        832.8704168529691        833.7739581932641        834.5165613014694
85.08158508158506         830.2203041783923        831.6626220704159        832.7851368497088        833.6885363397118        834.4309625552531
85.31468531468529         830.135270206801         831.5774619522408        832.6998568464485        833.6031144861596        834.3453638090368
85.54778554778554         830.0555055961642        831.497541468782         832.6198285848373        833.5229888226592        834.2651347577354
85.78088578088577         829.9757409855272        831.417620985323         832.5398003232259        833.4428631591586        834.1849057064338
86.01398601398603         829.8959763748902        831.3377005018641        832.4597720616147        833.362737495658         834.1046766551323
86.24708624708624         829.8207519125733        831.2622879085383        832.3842592842157        833.2871636140845        834.0290604878551
86.48018648018646         829.7455274502563        831.1868753152122        832.3087465068166        833.2115897325109        833.9534443205778
86.71328671328669         829.6703029879393        831.1114627218863        832.2332337294176        833.1360158509374        833.8778281533005
86.94638694638692         829.5999048241583        831.0408672622923        832.1625527022411        833.0653047762765        833.8071172748075
87.17948717948717         829.5295066603773        830.9702718026981        832.0918716750645        832.9945937016155        833.7364063963145
87.4125874125874          829.4591084965962        830.8996763431039        832.0211906478879        832.9238826269545        833.6656955178215
87.64568764568764         829.393012458113         830.8335884865359        831.9550641345571        832.8577384024478        833.5995679605766
87.87878787878788         829.3269164196298        830.7675006299677        831.8889376212261        832.7915941779409        833.5334404033314
88.1118881118881          829.2608203811467        830.7014127733996        831.8228111078952        832.7254499534339        833.4673128460863
88.34498834498835         829.1991747447157        830.6398105042689        831.7612204351193        832.6638886696485        833.4058184492122
88.5780885780886          829.1375291082848        830.578208235138         831.6996297623432        832.602327385863         833.344324052338
88.81118881118883         829.0758834718538        830.5166059660073        831.6380390895672        832.5407661020774        833.2828296554638
89.04428904428904         829.0187553508346        830.4594779396674        831.58090380979          832.4836546839642        833.225788422608
89.27738927738926         828.9616272298152        830.4023499133273        831.5237685300126        832.4265432658509        833.1687471897521
89.51048951048949         828.9044991087959        830.3452218869871        831.4666332502352        832.3694318477376        833.1117059568962
89.74358974358972         828.8513439116466        830.2920227617669        831.413397592129         832.3161990871474        833.0585313532148
89.97668997668995         828.7981887144971        830.2388236365466        831.3601619340226        832.2629663265573        833.0053567495331
90.20979020979019         828.7450335173477        830.1856245113263        831.3069262759163        832.2097335659671        832.9521821458516
90.44289044289043         828.6959277068381        830.1363802019638        831.2575552887206        832.1602791617862        832.9027078437995
90.67599067599066         828.6468218963284        830.087135892601         831.2081843015247        832.1108247576052        832.8532335417473
90.9090909090909          828.5977160858188        830.0378915832383        831.1588133143289        832.0613703534242        832.8037592396952
91.14219114219115         828.5527659811454        829.9926862683105        831.1133598738761        832.0157111798569        832.7579653902876
91.37529137529137         828.5078158764718        829.9474809533826        831.0679064334231        831.9700520062894        832.7121715408799
91.60839160839159         828.4628657717983        829.9022756384549        831.0224529929702        831.924392832722         832.6663776914722
91.84149184149182         828.4214587176249        829.8606482956188        830.9805503055511        831.8822227585018        832.6240017803021
92.07459207459205         828.3800516634512        829.8190209527827        830.9386476181319        831.8400526842815        832.5816258691319
92.30769230769228         828.3386446092776        829.7773936099467        830.8967449307127        831.7978826100613        832.5392499579617
92.54079254079252         828.3010343137458        829.739609454154         830.8587115596972        831.7595863022709        832.500731753138
92.77389277389275         828.263424018214         829.7018252983611        830.8206781886815        831.7212899944803        832.462213548314
93.00699300699299         828.2258137226821        829.6640411425682        830.782644817666         831.6829936866899        832.4236953434902
93.24009324009323         828.1913015413194        829.6293851688154        830.7478183405874        831.64798472405          832.3885026436855
93.47319347319346         828.1567893599565        829.5947291950624        830.7129918635086        831.61297576141          832.3533099438805
93.70629370629372         828.1222771785937        829.5600732213095        830.6781653864299        831.5779667987699        832.3181172440756
93.93939393939395         828.0909581454565        829.5287379688808        830.6468108683009        831.5465722069197        832.2866409862522
94.17249417249417         828.0596391123192        829.4974027164519        830.6154563501717        831.5151776150693        832.2551647284287
94.4055944055944          828.028320079182         829.4660674640231        830.5841018320425        831.483783023219         832.2236884706052
94.63869463869464         828.0009400291292        829.4386464864563        830.5566817914697        831.4563659185676        832.1962356674466
94.87179487179486         827.9735599790763        829.4112255088892        830.5292617508968        831.428948813916         832.1687828642877
95.1048951048951          827.9461799290234        829.3838045313222        830.5018417103239        831.4015317092645        832.1413300611289
95.33799533799534         827.9222491087247        829.3598888121503        830.4779533283877        831.3776673300578        832.1174698626695
95.57109557109557         827.8983182884258        829.3359730929782        830.4540649464512        831.3538029508508        832.0936096642099
95.8041958041958          827.874387468127         829.3120573738062        830.4301765645148        831.3299385716439        832.0697494657504
96.03729603729604         827.8541991505733        829.2918610357556        830.4099932016876        831.3097802500619        832.0496183192803
96.27039627039628         827.8340108330194        829.2716646977048        830.3898098388603        831.2896219284796        832.0294871728099
96.5034965034965          827.8138225154656        829.251468359654         830.369626476033         831.2694636068974        832.0093560263397
96.73659673659674         827.7974306934851        829.2350515492857        830.3532098315702        831.2530694415397        831.9930022853011
96.96969696969695         827.7810388715044        829.2186347389171        830.3367931871072        831.2366752761817        831.9766485442625
97.20279720279719         827.7646470495238        829.2022179285486        830.3203765426443        831.2202811108239        831.9602948032239
97.43589743589743         827.7519605059772        829.1895007751218        830.3076512296318        831.2075702512307        831.9476191624083
97.66899766899768         827.7392739624304        829.1767836216948        830.294925916619         831.1948593916374        831.9349435215926
97.90209790209792         827.7265874188836        829.1640664682678        830.2822006036064        831.1821485320442        831.9222678807769
98.13519813519817         827.7176282371663        829.1550804755           830.2732041075225        831.1731596312337        831.9133041936858
98.36829836829838         827.7086690554489        829.1460944827319        830.2642076114383        831.1641707304233        831.9043405065946
98.6013986013986          827.6997098737315        829.1371084899639        830.2552111153543        831.1551818296128        831.8953768195036
98.83449883449883         827.6941805663291        829.1315611683812        830.2496552810375        831.1496290737058        831.8898390885738
99.06759906759906         827.6886512589266        829.1260138467982        830.2440994467204        831.1440763177986        831.8843013576438
99.30069930069929         827.6831219515241        829.1204665252153        830.2385436124033        831.1385235618916        831.8787636267139
99.53379953379954         827.6813534800979        829.1186917169916        830.2367657758687        831.1367470801479        831.876993647251
99.76689976689975         827.6795850086716        829.1169169087677        830.2349879393339        831.1349705984039        831.8752236677878
100                       827.6778165372453        829.1151421005438        830.2332101027991        831.13319411666          831.8734536883248
