% Model:              Cav_Hex_Unif_flux_v5.1.2 - Wall Distn.mph
% Version:            COMSOL 5.5.0.359
% Date:               Nov 23 2021, 11:37
% Dimension:          1
% Nodes:              388
% Expressions:        5
% Description:        Line graph
% x                       Height                   Height                   Height                   Height                   Height
0                         1021.7339973214788       1024.0589544588215       1025.852675302153        1027.2656976588644       1028.3901294258953
0.1291989664082689        1020.7979874801857       1023.1230652944623       1024.9151684660128       1026.3252763692544       1027.4459723112013
0.2583979328165378        1019.8619776388924       1022.187176130103        1023.9776616298724       1025.3848550796442       1026.5018151965073
0.38759689922480667       1018.9259677975992       1021.2512869657437       1023.0401547937321       1024.4444337900343       1025.5576580818133
0.5167958656330756        1018.0001483596598       1020.3300538133763       1022.1216106846573       1023.52755650478         1024.6421898768015
0.6459948320413443        1017.07432892172         1019.4088206610087       1021.2030665755825       1022.6106792195257       1023.7267216717894
0.7751937984496132        1016.1485094837803       1018.4875875086411       1020.2845224665077       1021.6938019342713       1022.8112534667774
0.9043927648578822        1015.2425018604501       1017.5784495539349       1019.3718923093328       1020.7777438780009       1021.8921350937035
1.0335917312661511        1014.3364942371197       1016.6693115992285       1018.4592621521577       1019.8616858217305       1020.9730167206294
1.16279069767442          1013.4304866137894       1015.7601736445223       1017.5466319949827       1018.94562776546         1020.0538983475554
1.291989664082689         1012.565758896887        1014.8916067179417       1016.6744740919751       1018.0700551893526       1019.1749006334439
1.4211886304909576        1011.7010311799845       1014.023039791361        1015.8023161889672       1017.1944826132451       1018.2959029193323
1.5503875968992265        1010.836303463082        1013.1544728647804       1014.9301582859595       1016.3189100371377       1017.4169052052208
1.6795865633074953        1009.9731908376951       1012.2906370217632       1014.0653503427866       1015.4532647716851       1016.5507131843622
1.8087855297157642        1009.110078212308        1011.4268011787459       1013.2005423996136       1014.5876195062323       1015.6845211635033
1.937984496124033         1008.246965586921        1010.5629653357287       1012.3357344564406       1013.7219742407794       1014.8183291426444
2.0671834625323022        1007.3654617715853       1009.6758446156301       1011.4440138329569       1012.8266788912738       1013.920416716767
2.1963824289405713        1006.4839579562495       1008.7887238955315       1010.552293209473        1011.931383541768        1013.0225042908895
2.32558139534884          1005.6024541409137       1007.9016031754329       1009.6605725859891       1011.0360881922624       1012.124591865012
2.4547803617571087        1004.6962700236962       1006.986128240416        1008.7380300438222       1010.10817092218         1011.1925557130667
2.583979328165377         1003.7900859064786       1006.0706533053989       1007.815487501655        1009.1802536520976       1010.2605195611211
2.7131782945736456        1002.8839017892609       1005.1551783703818       1006.8929449594879       1008.2523363820152       1009.3284834091755
2.842377260981915         1001.9342317430951       1004.1983547533092       1005.9298805537348       1007.2838781887391       1008.3553926887801
2.9715762273901842        1000.9845616969292       1003.2415311362364       1004.9668161479816       1006.3154199954629       1007.3823019683845
3.1007751937984533        1000.0348916507633       1002.2847075191637       1004.0037517422284       1005.3469618021868       1006.409211247989
3.229974160206722         999.0501755660586        1001.2894829041941       1002.9995627645603       1004.3352007464138       1005.3910902794684
3.3591731266149902        998.0654594813536        1000.2942582892242       1001.9953737868922       1003.3234396906405       1004.3729693109477
3.488372093023259         997.0807433966488        999.2990336742545        1000.991184809224        1002.3116786348672       1003.3548483424271
3.617571059431528         996.0791804095866        998.287062084003         999.9696453993969        1001.2813571599867       1002.3164485201886
3.7467700258397962        995.0776174225242        997.2750904937513        998.9481059895695        1000.251035685106        1001.27804869795
3.8759689922480653        994.0760544354619        996.2631189034998        997.9265665797421        999.2207142102254        1000.2396488757115
4.005167958656335         993.0751189823441        995.2542967042103        996.9104460802907        998.1980281593535        999.2111683191059
4.1343669250646045        992.0741835292262        994.2454745049207        995.8943255808392        997.1753421084816        998.1826877625002
4.263565891472873         991.0732480761084        993.2366523056312        994.8782050813877        996.1526560576096        997.1542072058945
4.392764857881143         990.0745394550996        992.2297186809235        993.864624099108         995.1336953800147        996.1309779622396
4.521963824289411         989.0758308340907        991.2227850562157        992.8510431168282        994.1147347024198        995.1077487185846
4.651162790697679         988.0771222130817        990.2158514315079        991.8374621345484        993.0957740248249        994.0845194749297
4.780361757105949         987.0880505080013        989.2173446811275        990.8318216234604        992.0846150018591        993.0690605016495
4.9095607235142165        986.0989788029208        988.2188379307471        989.8261811123723        991.0734559788933        992.0536015283691
5.038759689922486         985.1099070978404        987.2203311803668        988.8205406012842        990.0622969559275        991.0381425550887
5.167958656330756         984.120946735987         986.2193028230677        987.8107692759398        989.0459772368345        990.0167397329569
5.297157622739023         983.1319863741335        985.2182744657683        986.8009979505954        988.0296575177413        988.9953369108251
5.426356589147293         982.14302601228          984.217246108469         985.7912266252509        987.0133377986481        987.9739340886933
5.555555555555562         981.1279868202458        983.1844903141963        984.7450073312415        985.9565348515652        986.9085649992838
5.68475452196383          980.1129476282116        982.1517345199235        983.6987880372318        984.8997319044821        985.8431959098742
5.813953488372099         979.0979084361774        981.1189787256507        982.6525687432221        983.8429289573991        984.7778268204647
5.9431524547803685        978.0570466004303        980.0661663498131        981.5899416039422        982.7726041309926        983.7020003460316
6.072351421188636         977.0161847646831        979.0133539739753        980.5273144646621        981.702279304586         982.6261738715983
6.201550387596906         975.975322928936         977.9605415981375        979.4646873253822        980.6319544781794        981.5503473971651
6.330749354005175         974.9229684574391        976.90147619427          978.4001280813914        979.5631045792023        980.4783603126892
6.459948320413444         973.870613985942         975.8424107904024        977.3355688374004        978.4942546802251        979.4063732282134
6.589147286821714         972.818259514445         974.7833453865348        976.2710095934094        977.425404781248         978.3343861437376
6.718346253229982         971.7863632351099        973.7402525154739        975.2190823475825        976.3664969106638        977.2699489813411
6.84754521963825          970.7544669557745        972.6971596444129        974.1671551017553        975.3075890400796        976.2055118189447
6.976744186046519         969.7225706764393        971.6540667733518        973.1152278559282        974.2486811694955        975.1410746565483
7.105943152454788         968.7067034109077        970.6298446042427        972.0842042162024        973.2119098504621        974.0992584833479
7.235142118863057         967.690836145376         969.6056224351336        971.0531805764764        972.1751385314287        973.0574423101473
7.364341085271326         966.6749688798443        968.5814002660245        970.0221569367504        971.1383672123953        972.0156261369467
7.493540051679595         965.6850920106817        967.5844249573522        969.0199426471166        970.1319278980228        971.0053626647036
7.622739018087865         964.695215141519         966.5874496486799        968.0177283574826        969.1254885836502        969.9950991924604
7.751937984496134         963.7053382723565        965.5904743400076        967.0155140678487        968.1190492692775        968.9848357202172
7.881136950904403         962.7397669190652        964.6175972449079        966.0374613229375        967.136997384243         967.9992503528041
8.01033591731267          961.7741955657738        963.6447201498081        965.059408578026         966.1549454992083        967.0136649853907
8.13953488372094          960.8086242124824        962.6718430547083        964.0813558331146        965.1728936141737        966.0280796179774
8.268733850129209         959.8654125624223        961.7227100432966        963.1277548021937        964.2155954578342        965.0673400393489
8.397932816537477         958.9222009123621        960.7735770318848        962.1741537712728        963.2582973014945        964.1066004607202
8.527131782945746         957.9789892623019        959.8244440204729        961.2205527403519        962.300999145155         963.1458608820916
8.656330749354014         957.0659290919505        958.9061106217027        960.2980557533424        961.3749128215532        962.2163489691753
8.785529715762284         956.152868921599         957.9877772229324        959.3755587663327        960.4488264979512        961.286837056259
8.914728682170551         955.2398087512476        957.0694438241621        958.453061779323         959.5227401743495        960.3573251433426
9.043927648578821         954.3436220823162        956.1682488861571        957.5482368584849        958.6149582519614        959.4467347681087
9.17312661498709          953.4474354133847        955.267053948152         956.6434119376466        957.7071763295731        958.5361443928747
9.30232558139536          952.5512487444532        954.3658590101469        955.7385870168085        956.7993944071849        957.6255540176408
9.43152454780363          951.6671753735658        953.4762955482954        954.845905865058         955.904830709876         956.7296382841315
9.5607235142119           950.7831020026782        952.5867320864438        953.9532247133072        955.010267012567         955.833722550622
9.689922480620167         949.8990286317908        951.6971686245923        953.0605435615565        954.1157033152582        954.9378068171127
9.819121447028435         949.04021487795          950.8298962758928        952.1881645224652        953.2403724131082        954.0609258562281
9.948320413436702         948.181401124109         949.962623927193         951.3157854833736        952.3650415109581        953.1840448953434
10.07751937984497         947.3225873702681        949.0953515784933        950.4434064442821        951.4897106088081        952.3071639344587
10.20671834625324         946.4853328647104        948.2525185406649        949.596287851743         950.6393793314236        951.454525420973
10.335917312661508        945.6480783591524        947.4096855028364        948.7491692592038        949.7890480540391        950.6018869074873
10.465116279069777        944.8108238535945        946.566852465008         947.9020506666645        948.9387167766546        949.7492483940016
10.594315245478047        944.0026511492139        945.7526674011558        947.0835830793529        948.1171172472216        948.9254635546165
10.723514211886316        943.1944784448331        944.9384823373035        946.2651154920412        947.2955177177885        948.1016787152312
10.852713178294584        942.3863057404523        944.1242972734514        945.4466479047295        946.4739181883554        947.277893875846
10.981912144702854        941.6007598280065        943.3325653509107        944.6504903638277        945.6746470807686        946.4766178108437
11.111111111111123        940.8152139155607        942.54083342837          943.8543328229257        944.8753759731817        945.6753417458411
11.240310077519393        940.0296680031149        941.7491015058292        943.0581752820237        944.0761048655949        944.8740656808387
11.369509043927664        939.2666559874974        940.9804239079016        942.2855969741834        943.3009860885523        944.0975600587058
11.49870801033593         938.5036439718798        940.2117463099738        941.5130186663428        942.5258673115096        943.3210544365727
11.6279069767442          937.7406319562622        939.4430687120462        940.7404403585023        941.750748534467         942.5445488144396
11.75710594315247         937.0026191559538        938.69772511987          939.9895266535001        940.9956781591359        941.7865691434694
11.886304909560737        936.2646063556452        937.9523815276938        939.2386129484978        940.2406077838045        941.028589472499
12.015503875969006        935.5265935553368        937.2070379355175        938.4876992434955        939.4855374084733        940.2706098015286
12.144702842377276        934.8132653048625        936.4862345353298        937.7613576954806        938.7552789265549        939.5378996158385
12.273901808785542        934.0999370543881        935.7654311351419        937.0350161474654        938.0250204446363        938.8051894301482
12.403100775193812        933.3866088039136        935.044627734954         936.3086745994503        937.2947619627178        938.072479244458
12.532299741602081        932.6833547462253        934.3366820320705        935.5970199101774        936.5800329687986        937.3550818535082
12.661498708010349        931.9801006885368        933.6287363291868        934.8853652209044        935.8653039748792        936.6376844625582
12.790697674418618        931.2768466308484        932.9207906263032        934.1737105316314        935.1505749809598        935.9202870716083
12.919896640826888        930.5921084520958        932.2325100267249        933.4831280185055        934.4585808991163        935.227435944616
13.049095607235154        929.907370273343         931.5442294271463        932.7925455053794        933.7665868172726        934.5345848176235
13.178294573643424        929.2226320945902        930.8559488275678        932.1019629922534        933.074592735429         933.841733690631
13.307493540051695        928.5511109068503        930.1823765753824        931.4270209454768        932.3987506259092        933.1652941146721
13.436692506459964        927.8795897191104        929.5088043231967        930.7520788987           931.7229085163893        932.488854538713
13.565891472868234        927.2080685313706        928.8352320710112        930.0771368519232        931.0470664068695        931.8124149627539
13.695090439276504        926.555991159578         928.1831162900856        929.4250725394602        930.3950281233856        931.1603797816626
13.824289405684771        925.9039137877853        927.5310005091599        928.773008226997         929.7429898399015        930.5083446005713
13.953488372093037        925.2518364159927        926.8788847282342        928.120943914534         929.0909515564174        929.8563094194799
14.082687338501309        924.6228714634995        926.2481378654351        927.4889318439997        928.4578837468223        929.2222664943753
14.211886304909578        923.9939065110062        925.6173910026358        926.8569197734652        927.8248159372271        928.5882235692706
14.341085271317848        923.364941558513         924.9866441398366        926.2249077029308        927.191748127632         927.9541806441658
14.470284237726116        922.7521029357473        924.370825369276         925.6067299525621        926.5715312624062        927.3320971137285
14.59948320413438         922.1392643129815        923.7550065987151        924.9885522021932        925.9513143971803        926.710013583291
14.728682170542646        921.5264256902158        923.1391878281543        924.3703744518244        925.3310975319545        926.0879300528536
14.857881136950917        920.9287669659883        922.5370491901531        923.7643545175118        924.7215230264685        925.4749990951832
14.987080103359187        920.3311082417606        921.9349105521517        923.1583345831991        924.1119485209824        924.8620681375126
15.11627906976746         919.733449517533         921.3327719141504        922.5523146488864        923.5023740154965        924.249137179842
15.245478036175728        919.1575169024817        920.7525059739438        921.9682744747419        922.9148888993894        923.658434856699
15.374677002583995        918.5815842874301        920.172240033737         921.3842343005973        922.3274037832823        923.067732533556
15.503875968992261        918.0056516723786        919.5919740935303        920.8001941264528        921.7399186671753        922.4770302104129
15.633074935400531        917.4500817563594        919.0321212089808        920.2366337154216        921.1730220062282        921.9070787809133
15.762273901808802        916.89451184034          918.4722683244311        919.6730733043903        920.6061253452809        921.3371273514134
15.891472868217072        916.3389419243207        917.9124154398814        919.109512893359         920.0392286843337        920.7671759219137
16.02067183462534         915.7995569368132        917.369340418001         918.5633324756408        919.4903231861236        920.2158247996696
16.149870801033607        915.2601719493057        916.8262653961203        918.0171520579224        918.9414176879135        919.6644736774253
16.279069767441875        914.7207869617982        916.2831903742398        917.4709716402042        918.3925121897034        919.1131225551811
16.408268733850143        914.1971000973032        915.7564179220624        916.9416977775858        917.8611134804253        918.5798636511478
16.537467700258414        913.6734132328081        915.2296454698848        916.4124239149672        917.3297147711469        918.0466047471143
16.666666666666682        913.149726368313         914.7028730177072        915.8831500523487        916.7983160618686        917.5133458430809
16.795865633074953        912.6406854066315        914.1912856585568        915.3695511839437        916.2830573829443        916.9966841584787
16.925064599483225        912.1316444449499        913.6796982994061        914.8559523155386        915.7677987040199        916.4800224738765
17.054263565891493        911.6226034832683        913.1681109402556        914.3423534471336        915.2525400250955        915.9633607892742
17.18346253229976         911.1287434945773        912.6720433508601        913.8445770853598        914.7533848433598        915.4630722579636
17.312661498708025        910.634883505886         912.1759757614645        913.346800723586         914.2542296616239        914.9627837266528
17.441860465116292        910.1410235171949        911.679908172069         912.8490243618121        913.7550744798881        914.462495195342
17.57105943152456         909.6641071114725        911.2004854694616        912.3675470000755        913.2718399956774        913.9777280122325
17.700258397932828        909.18719070575          910.7210627668541        911.886069638339         912.7886055114666        913.4929608291229
17.829457364341096        908.7102743000275        910.2416400642466        911.4045922766024        912.3053710272558        913.0081936460134
17.958656330749367        908.2446829302343        909.774522077268         910.9363582967495        911.8362945214166        912.5384893872274
18.08785529715763         907.779091560441         909.3074040902893        910.4681243168966        911.3672180155772        912.0687851284413
18.217054263565903        907.3135001906477        908.8402861033107        909.9998903370437        910.8981415097379        911.5990808696553
18.34625322997417         906.8572396692048        908.3832545638431        909.5425250734958        910.4407236434674        911.1418101538183
18.47545219638244         906.4009791477617        907.9262230243754        909.0851598099478        909.9833057771967        910.6845394379812
18.604651162790717        905.9447186263188        907.4691914849077        908.6277945463997        909.5258879109261        910.2272687221442
18.73385012919898         905.5038710684629        907.0270533059654        908.1848242907029        909.0823711845474        909.7833887144935
18.863049095607252        905.0630235106069        906.5849151270231        907.7418540350058        908.6388544581685        909.3395087068427
18.992248062015516        904.6221759527508        906.1427769480808        907.2988837793088        908.1953377317897        908.895628699192
19.12144702842379         904.1951783177296        905.7143360955262        906.8694492740213        907.7651925670069        908.4649529697174
19.25064599483206         903.7681806827084        905.2858952429714        906.4400147687338        907.3350474022241        908.0342772402427
19.379844961240327        903.3411830476871        904.8574543904167        906.0105802634464        906.9049022374412        907.6036015107679
19.509043927648598        902.9288292422895        904.4434034569606        905.5952968420739        906.4886877622047        907.1866456342173
19.638242894056862        902.5164754368917        904.0293525235043        905.1800134207014        906.0724732869679        906.7696897576666
19.76744186046513         902.1041216314941        903.6153015900479        904.7647299993288        905.6562588117313        906.3527338811159
19.896640826873405        901.7050162722321        903.2142046706424        904.3622144428936        905.2526994294601        905.9483865447932
20.025839793281673        901.3059109129701        902.8131077512367        903.9596988864582        904.8491400471887        905.5440392084703
20.155038759689944        900.9068055537082        902.412010831831         903.5571833300229        904.4455806649174        905.1396918721475
20.284237726098212        900.5209431951233        902.0239646120921        903.1676153419295        904.0549377794591        904.7482950076192
20.413436692506476        900.1350808365384        901.635918392353         902.7780473538359        903.6642948940007        904.3568981430907
20.542635658914744        899.7492184779534        901.2478721726139        902.3884793657423        903.2736520085423        903.9655012785622
20.671834625323015        899.3745377771863        900.8710903938542        902.0102835945929        902.894508311215         903.5857353408485
20.801033591731287        898.9998570764192        900.4943086150943        901.6320878234433        902.5153646138874        903.2059694031346
20.930232558139554        898.625176375652         900.1175268363344        901.2538920522937        902.1362209165599        902.8262034654209
21.059431524547826        898.2619431810182        899.7523202202308        900.8874038747715        901.7689177536982        902.4584037189518
21.188630490956093        897.8987099863842        899.3871136041271        900.520915697249         901.4016145908365        902.0906039724824
21.317829457364358        897.5354767917503        899.0219069880234        900.1544275197266        901.0343114279748        901.7228042260131
21.44702842377263         897.1830741206222        898.6675446904818        899.7987817342695        900.6778309329359        901.3657889111287
21.576227390180897        896.830671449494         898.3131823929401        899.4431359488123        900.3213504378969        901.0087735962442
21.705426356589168        896.478268778366         897.9588200953986        899.087490163355         899.9648699428578        900.6517582813598
21.83462532299744         896.1373146484798        897.6159063261091        898.7432788014409        899.6197919530445        900.306094793204
21.9638242894057          895.7963605185934        897.2729925568195        898.3990674395264        899.2747139632311        899.9604313050481
22.09302325581397         895.455406388707         896.93007878753          898.0548560776122        898.9296359734177        899.6147678168923
22.22222222222224         895.1253035899792        896.5979454342662        897.7213598343142        898.5952088345945        899.2796878610907
22.35142118863051         894.7952007912513        896.2658120810023        897.3878635910161        898.2607816957712        898.944607905289
22.48062015503878         894.4650979925234        895.9336787277384        897.054367347718         897.926354556948         898.6095279494874
22.609819121447046        894.1466523397183        895.6130840545828        896.7323314336251        897.6033338322957        898.2858086086627
22.739018087855317        893.8282066869132        895.2924893814271        896.4102955195322        897.2803131076432        897.962089267838
22.868217054263585        893.5097610341081        894.9718947082714        896.0882596054392        896.9572923829909        897.6383699270133
22.997416020671853        893.2012066781061        894.6612064599607        895.7761093928683        896.6441136303137        897.3244405654208
23.12661498708012         892.892652322104         894.3505182116498        895.4639591802973        896.3309348776362        897.0105112038282
23.255813953488385        892.5840979661019        894.0398299633391        895.1518089677262        896.0177561249587        896.6965818422356
23.38501291989666         892.2861857359376        893.739704857128         894.8501138888759        895.7149101753874        896.3928655798711
23.51421188630493         891.9882735057732        893.4395797509167        894.5484188100254        895.412064225816         896.0891493175066
23.643410852713203        891.6903612756089        893.1394546447054        894.246723731175         895.1092182762447        895.7854330551421
23.772609819121474        891.4016721777843        892.8483449133045        893.9538499489882        894.8150105996646        895.4901794328665
23.901808785529735        891.1129830799598        892.5572351819033        893.6609761668014        894.5208029230843        895.1949258105908
24.031007751938           890.8242939821353        892.266125450502         893.3681023846146        894.226595246504         894.8996721883152
24.16020671834627         890.5444429080795        891.9842455983553        893.0847123056238        893.9419871241334        894.6139962357895
24.28940568475454         890.2645918340237        891.7023657462083        892.801322226633         893.6573790017627        894.3283202832636
24.418604651162813        889.9847407599678        891.4204858940615        892.5179321476422        893.3727708793921        894.0426443307376
24.547803617571084        889.7131750115307        891.147168956514         892.2432503453023        893.0969047255718        893.765651029014
24.67700258397935         889.4416092630934        890.8738520189663        891.9685685429623        892.8210385717514        893.4886577272902
24.806201550387616        889.1700435146562        890.6005350814188        891.6938867406224        892.545172417931         893.2116644255664
24.935400516795887        888.906689883878         890.3356463569191        891.4277537823207        892.2778765799062        892.9431543269492
25.064599483204155        888.6433362530998        890.0707576324195        891.1616208240189        892.0105807418812        892.6746442283319
25.193798449612423        888.3799826223217        889.8058689079198        890.8954878657171        891.7432849038562        892.4061341297146
25.32299741602069         888.1240919134066        889.548919429501         890.637536943752         891.4842131297887        892.1457038489821
25.45219638242895         887.8682012044914        889.291969951082         890.3795860217867        891.2251413557211        891.8852735682495
25.581395348837223        887.6123104955763        889.0350204726632        890.1216350998216        890.9660695816535        891.624843287517
25.710594315245494        887.3627964169501        888.7845162101053        889.870287737381         890.7139522359934        891.371983334035
25.839793281653755        887.1132823383239        888.5340119475471        889.6189403749403        890.461834890333         891.1191233805529
25.968992248062026        886.8637682596976        888.2835076849891        889.3675930124996        890.2097175446726        890.8662634270707
26.098191214470294        886.6203144283631        888.0392834826109        889.1228902073584        889.9648117490473        890.6214242516712
26.227390180878565        886.3768605970287        887.7950592802325        888.878187402217         889.7199059534217        890.3765850762715
26.356589147286837        886.1334067656942        887.5508350778542        888.6334845970757        889.4750001577963        890.1317459008718
26.485788113695104        885.8970905134046        887.3142772838544        888.3967045926           889.2380354499926        889.894651977261
26.614987080103376        885.6607742611149        887.0777194898544        888.1599245881241        889.0010707421887        889.65755805365
26.744186046511643        885.4244580088251        886.8411616958545        887.9231445836483        888.764106034385         889.420464130039
26.873385012919915        885.1959234955413        886.6124992648356        887.6943453504816        888.5351754930502        889.1914237476607
27.002583979328183        884.9673889822573        886.3838368338166        887.4655461173148        888.3062449517155        888.9623833652822
27.131782945736447        884.7388544689733        886.1551744027978        887.236746884148         888.0773144103807        888.7333429829039
27.26098191214472         884.5172400515244        885.9334952732688        887.0150050226473        887.8555248873279        888.5115366334597
27.390180878552986        884.2956256340752        885.7118161437396        886.7932631611466        887.6337353642749        888.2897302840155
27.519379844961257        884.0740112166262        885.4901370142104        886.5715212996458        887.411945841222         888.0679239345712
27.64857881136953         883.8604139264546        885.276212740942         886.3574340469006        887.1978650627092        887.8540287745896
27.77777777777779         883.6468166362829        885.0622884676735        886.1433467941554        886.9837842841963        887.6401336146077
27.90697674418606         883.4332193461112        884.848364194405         885.9292595414101        886.7697035056835        887.426238454626
28.036175710594332        883.2274115759284        884.6422215041462        885.7229507435127        886.5633959324018        887.2201031677076
28.165374677002607        883.0216038057455        884.4360788138871        885.5166419456151        886.35708835912          887.0139678807891
28.294573643410878        882.8157960355627        884.2299361236281        885.3103331477176        886.1507807858383        886.8078325938706
28.423772609819146        882.6104377661818        884.0241906487738        885.1043194465453        885.9446162340371        886.601638862871
28.55297157622741         882.4050794968007        883.8184451739193        884.8983057453728        885.7384516822357        886.3954451318714
28.682170542635674        882.1997212274196        883.6126996990647        884.6922920442004        885.5322871304344        886.1892514008717
28.811369509043946        882.0013958447347        883.4141488107176        884.493610873772         885.3335693238187        885.9905954029637
28.940568475452213        881.8030704620496        883.2155979223704        884.2949297033434        885.1348515172027        885.7919394050554
29.069767441860474        881.6047450793646        883.0170470340232        884.0962485329148        884.9361337105869        885.593283407147
29.19896640826875         881.4137921581088        882.8259265517307        883.905039068555         884.7449115419712        885.4021289572024
29.328165374677013        881.2228392368528        882.634806069438         883.713829604195         884.5536893733554        885.2109745072577
29.457364341085285        881.0318863155969        882.4436855871453        883.522620139835         884.3624672047396        885.019820057313
29.586563307493556        880.8476105715547        882.25931993575          883.338214297319         884.1780676231674        884.8354765171848
29.715762273901824        880.6633348275124        882.0749542843546        883.1538084548029        883.9936680415952        884.6511329770566
29.84496124031009         880.4790590834701        881.8905886329592        882.9694026122867        883.8092684600231        884.4667894369284
29.974160206718356        880.3011948097095        881.7127243993614        882.7915613868112        883.631469510807         884.289054849346
30.103359173126623        880.1233305359486        881.5348601657633        882.6137201613356        883.453670561591         884.1113202617636
30.23255813953489         879.9454662621878        881.3569959321653        882.4358789358599        883.275871612375         883.9335856741811
30.36175710594316         879.7737625529151        881.185368217068         882.2643317194177        883.1044052062958        883.7622026027382
30.490956072351427        879.6020588436422        881.0137405019705        882.0927845029752        882.9329388002167        883.5908195312951
30.620155038759695        879.4303551343694        880.842112786873         881.9212372865327        882.7614723941375        883.4194364598521
30.74935400516797         879.2647354585705        880.6765695622283        881.755775689125         882.5960933853845        883.2541428975078
30.87855297157624         879.0991157827714        880.5110263375835        881.5903140917171        882.4307143766315        883.0888493351633
31.00775193798451         878.9334961069724        880.3454831129388        881.4248524943093        882.2653353678785        882.923555772819
31.136950904392776        878.7737890185892        880.1858358162459        881.2652732791552        882.1058289589761        882.7641288146367
31.266149870801037        878.614081930206         880.0261885195529        881.1056940640009        881.9463225500737        882.6047018564542
31.395348837209305        878.4543748418228        879.86654122286          880.9461148488467        881.7868161411712        882.4452748982717
31.524547803617583        878.3004729245           879.7126507431849        880.7922511779799        881.6329908859868        882.2915009654147
31.65374677002585         878.1465710071773        879.5587602635097        880.638387507113         881.4791656308024        882.1377270325575
31.78294573643413         877.9926690898545        879.4048697838346        880.484523836246         881.325340375618         881.9839530997003
31.912144702842397        877.8444115197473        879.2565451982471        880.3361577334831        881.1769533556826        881.8355653353609
32.04134366925067         877.69615394964          879.1082206126595        880.1877916307201        881.0285663357472        881.6871775710214
32.17054263565894         877.5478963795327        878.959896027072         880.0394255279571        880.8801793158118        881.5387898066818
32.2997416020672          877.4051016839577        878.8169525408275        879.896367702267         880.737034108033         881.3955805483475
32.42894056847546         877.2623069883825        878.6740090545829        879.7533098765766        880.593888900254         881.252371290013
32.55813953488373         877.1195122928075        878.5310655683384        879.6102520508863        880.450743692475         881.1091620316786
32.687338501292           876.9819896542459        878.3933041354861        879.4722975361201        880.312629620639         880.9709130552733
32.816537467700265        876.8444670156842        878.2555427026338        879.3343430213538        880.1745155488027        880.8326640788678
32.94573643410854         876.7069443771226        878.1177812697815        879.1963885065875        880.0364014769665        880.6944151024622
33.07493540051681         876.5745428556527        877.9850895773219        879.0634631011494        879.9032792300249        880.5611175586889
33.204134366925075        876.4421413341827        877.8523978848622        878.9305376957112        879.770156983083         880.4278200149154
33.33333333333335         876.3097398127128        877.7197061924024        878.797612290273         879.6370347361412        880.2945224711419
33.46253229974162         876.1823418187439        877.5919729515799        878.6696141004816        879.5088115373705        880.1660907736048
33.59173126614988         876.0549438247749        877.4642397107573        878.5416159106901        879.3805883385998        880.0376590760674
33.720930232558146        875.9275458308059        877.3365064699346        878.4136177208986        879.2523651398291        879.9092273785301
33.85012919896642         875.8049684307731        877.2135761757602        878.2904161484947        879.1289347877284        879.7855812120574
33.97932816537469         875.6823910307402        877.0906458815855        878.1672145760908        879.0055044356277        879.6619350455846
34.10852713178296         875.5598136307073        876.9677155874109        878.0440130036869        878.8820740835271        879.538288879112
34.23772609819123         875.4419444402857        876.8494729379815        877.9254904251553        878.7633195805183        879.4193152544186
34.366925064599485        875.324075249864         876.7312302885521        877.8069678466236        878.6445650775095        879.3003416297253
34.496124031007746        875.2062060594424        876.6129876391226        877.6884452680919        878.5258105745006        879.1813680050319
34.62532299741603         875.0930672761032        876.499449630797         877.5746164560312        878.4117492284765        879.067091767918
34.754521963824295        874.9799284927639        876.3859116224712        877.4607876439703        878.2976878824524        878.952815530804
34.88372093023256         874.8667897094246        876.2723736141455        877.3469588319095        878.1836265364282        878.8385392936899
35.01291989664083         874.7578065568847        876.1632359147468        877.2376732127007        878.074178106386         878.728900462739
35.142118863049106        874.6488234043446        876.0540982153478        877.1283875934917        877.9647296763436        878.6192616317879
35.27131782945737         874.5398402518047        875.9449605159489        877.0191019742826        877.8552812463014        878.509622800837
35.40051679586564         874.435333928144         875.8402815990231        876.9142697391011        877.7502910313534        878.404453686101
35.52971576227391         874.3308276044833        875.7356026820971        876.8094375039193        877.6453008164054        878.2992845713649
35.65891472868218         874.2263212808225        875.6309237651712        876.7046052687375        877.5403106014575        878.1941154566289
35.78811369509044         874.1261961203529        875.530575150672         876.6040803989999        877.4396274780458        878.0932692019649
35.917312661498705        874.0260709598833        875.4302265361725        876.5035555292623        877.3389443546341        877.9924229473008
36.046511627906966        873.9259457994137        875.3298779216732        876.4030306595247        877.2382612312225        877.8915766926368
36.17571059431524         873.8300009496485        875.2336575221186        876.3066104074695        877.141682201954         877.794851209403
36.304909560723516        873.7340560998831        875.1374371225638        876.2101901554142        877.0451031726853        877.6981257261691
36.434108527131784        873.6381112501178        875.0412167230091        876.1137699033591        876.9485241434168        877.6014002429353
36.56330749354005         873.5461320009283        874.9489176606207        876.021247961635         876.8558404940162        877.5085843826944
36.69250645994831         873.4541527517385        874.8566185982322        875.9287260199108        876.7631568446154        877.4157685224535
36.82170542635659         873.3621735025488        874.7643195358437        875.8362040781865        876.6704731952148        877.3229526622126
36.950904392764855        873.2741715125762        874.6759545350739        875.7475923645017        876.5816956902904        877.2340572326494
37.08010335917312         873.1861695226036        874.5875895343038        875.6589806508167        876.4929181853659        877.1451618030862
37.2093023255814          873.098167532631         874.4992245335338        875.5703689371319        876.4041406804414        877.056266373523
37.338501291989665        873.0135450347929        874.4141503602256        875.4850018644166        876.3185969127375        876.970622166912
37.467700258397926        872.9289225369546        874.3290761869172        875.3996347917013        876.2330531450334        876.8849779603008
37.5968992248062          872.8443000391163        874.2440020136088        875.3142677189859        876.1475093773294        876.7993337536897
37.72609819121447         872.7629438555002        874.1621349045561        875.2320759317766        876.0651323883227        876.7168667782038
37.85529715762273         872.6815876718839        874.0802677955032        875.1498841445673        875.982755399316         876.6343998027178
37.984496124031           872.6002314882677        873.9984006864505        875.067692357358         875.9003784103094        876.5519328272319
38.11369509043927         872.5227349916282        873.9203399238611        874.9892773414454        875.8217682201057        876.4732379452633
38.24289405684754         872.4452384949885        873.8422791612716        874.9108623255325        875.7431580299019        876.3945430632947
38.372093023255815        872.367741998349         873.764218398682         874.8324473096199        875.6645478396981        876.315848181326
38.50129198966409         872.2939098755995        873.6897979032872        874.7576590039253        875.589558642851         876.2407735276099
38.63049095607235         872.2200777528499        873.6153774078923        874.6828706982304        875.5145694460037        876.1656988738937
38.75968992248062         872.1462456301003        873.5409569124974        874.6080823925356        875.4395802491566        876.0906242201775
38.88888888888889         872.0760322887757        873.4701371598909        874.5368845842934        875.3681763765194        876.0191318808187
39.01808785529716         872.0058189474507        873.3993174072843        874.465686776051         875.296772503882         875.9476395414597
39.14728682170542         871.9356056061259        873.3284976546778        874.3944889678088        875.2253686312447        875.8761472021007
39.276485788113696        871.8688293392564        873.2611105869463        874.3267220309091        875.1573947960314        875.8080831960955
39.405684754521964        871.8020530723868        873.1937235192147        874.2589550940093        875.0894209608181        875.7400191900902
39.53488372093023         871.7352768055173        873.1263364514832        874.1911881571094        875.0214471256047        875.6719551840848
39.6640826873385          871.671902877325         873.0623516853376        874.1268243846473        874.9568768930817        875.6072930574564
39.79328165374677         871.6085289491326        872.9983669191919        874.0624606121851        874.8923066605586        875.5426309308278
39.922480620155035        871.5451550209403        872.9343821530462        873.998096839723         874.8277364280355        875.4779688041992
40.0516795865633          871.4850570592204        872.8736792846385        873.9370195076652        874.7664554545255        875.4165960543628
40.18087855297158         871.4249590975002        872.8129764162308        873.8759421756074        874.7051744810154        875.3552233045261
40.310077519379846        871.36486113578          872.752273547823         873.8148648435497        874.6438935075054        875.2938505546896
40.43927648578811         871.3079593187904        872.6947772824967        873.7570012627979        874.5858304396307        875.2356961527572
40.56847545219638         871.2510575018007        872.6372810171704        873.6991376820458        874.527767371756         875.1775417508247
40.69767441860465         871.1941556848111        872.579784751844         873.6412741012938        874.4697043038814        875.1193873488924
40.826873385012924        871.1403827775513        872.52542977997          873.5865603980659        874.4147963308064        875.0643895448673
40.95607235142119         871.0866098702913        872.4710748080958        873.5318466948379        874.3598883577314        875.009391740842
41.08527131782947         871.0328369630314        872.4167198362217        873.4771329916099        874.3049803846565        874.9543939368168
41.21447028423774         870.9821770389667        872.3654947367677        873.4255609325313        874.2532209503823        874.9025464659053
41.343669250646           870.9315171149018        872.3142696373135        873.3739888734525        874.201461516108         874.8506989949935
41.47286821705427         870.880857190837         872.2630445378593        873.3224168143738        874.1497020818338        874.7988515240819
41.60206718346253         870.8331566828422        872.2147958087386        873.2738331533621        874.1009382052109        874.7500018002261
41.7312661498708          870.7854561748472        872.1665470796178        873.2252494923504        874.052174328588         874.7011520763701
41.86046511627906         870.7377556668523        872.1182983504971        873.1766658313386        874.003410451965         874.6523023525143
41.98966408268734         870.6929159523714        872.0729340382203        873.1309829837184        873.9575566605029        874.6063649200003
42.11886304909561         870.6480762378903        872.0275697259435        873.0853001360981        873.9117028690406        874.5604274874862
42.24806201550388         870.6032365234092        871.9822054136667        873.0396172884779        873.8658490775784        874.5144900549722
42.37726098191216         870.5611397260291        871.9396073025291        872.996716719663         873.8227866416622        874.4713462025521
42.50645994832042         870.5190429286488        871.8970091913915        872.9538161508481        873.7797242057458        874.4282023501321
42.63565891472869         870.4769461312686        871.8544110802538        872.9109155820332        873.7366617698293        874.3850584977121
42.76485788113696         870.437503508927         871.814500491319         872.8707249029964        873.6963211514708        874.3446384787611
42.89405684754522         870.3980608865852        871.774589902384         872.8305342239593        873.655980533112         874.3042184598102
43.02325581395349         870.3586182642434        871.7346793134491        872.7903435449222        873.6156399147534        874.2637984408592
43.15245478036176         870.321741977472         871.6973670509599        872.7527725147378        873.5779302403574        874.2260112539482
43.281653746770026        870.2848656907004        871.6600547884706        872.7152014845532        873.5402205659614        874.1882240670371
43.41085271317829         870.2479894039288        871.6227425259814        872.6776304543687        873.5025108915654        874.1504368801261
43.54005167958656         870.2135708317962        871.587932629613         872.6425908189473        873.4673473670593        874.1151977716114
43.669250645994836        870.1791522596634        871.5531227332445        872.6075511835257        873.4321838425532        874.0799586630967
43.7984496124031          870.1447336875307        871.5183128368761        872.5725115481043        873.397020318047         874.044719554582
43.92764857881137         870.1127522891669        871.4859815715662        872.5399774248367        873.3643760502349        874.0120018531237
44.05684754521964         870.080770890803         871.4536503062561        872.5074433015691        873.3317317824227        873.9792841516654
44.18604651162791         870.0487894924391        871.4213190409462        872.4749091783015        873.2990875146105        873.9465664502071
44.31524547803618         870.0190723322877        871.3913020822351        872.4447225295636        873.2688095999135        873.9162227814384
44.44444444444445         869.989355172136         871.3612851235239        872.4145358808256        873.2385316852163        873.8858791126695
44.573643410852725        869.9596380119843        871.3312681648127        872.3843492320876        873.2082537705191        873.8555354439007
44.70284237726099         869.9322625876583        871.3036361189737        872.3565769477301        873.1804085222881        873.8276346974512
44.83204134366926         869.9048871633322        871.2760040731345        872.3288046633725        873.1525632740569        873.7997339510015
44.96124031007753         869.8775117390062        871.2483720272952        872.3010323790148        873.1247180258257        873.7718332045519
45.0904392764858          869.8522719549369        871.2228995916303        872.2754456737582        873.099089065094         873.7461888115706
45.21963824289407         869.8270321708676        871.1974271559652        872.2498589685014        873.073460104362         873.7205444185892
45.348837209302346        869.8017923867983        871.1719547203002        872.2242722632446        873.0478311436301        873.6949000256077
45.47803617571061         869.7787616049147        871.1486983212724        872.2009206798925        873.0244702274425        873.6715745067245
45.60723514211887         869.7557308230311        871.1254419222445        872.1775690965402        873.0011093112547        873.6482489878412
45.736434108527135        869.7327000411474        871.1021855232166        872.154217513188         872.9777483950669        873.624923468958
45.86563307493541         869.7116768837781        871.0809451727306        872.1329011817174        872.9564538060488        873.6037119190551
45.99483204134368         869.6906537264085        871.0597048222445        872.1115848502468        872.9351592170306        873.5825003691522
46.12403100775194         869.6696305690391        871.0384644717584        872.0902685187762        872.9138646280124        873.5612888192493
46.25322997416022         869.6508112654429        871.0194429192886        872.0711890330965        872.894829037683         873.5423664814339
46.38242894056849         869.6319919618467        871.0004213668187        872.0521095474169        872.8757934473535        873.5234441436183
46.511627906976756        869.6131726582505        870.9813998143488        872.0330300617372        872.856757857024         873.5045218058028
46.64082687338503         869.5963237979576        870.9643874289081        872.0159790491598        872.8397557502684        873.4876292991228
46.77002583979329         869.5794749376645        870.9473750434672        871.9989280365822        872.8227536435127        873.4707367924426
46.89922480620155         869.5626260773714        870.9303626580263        871.9818770240048        872.8057515367569        873.4538442857624
47.02842377260983         869.5478854171051        870.9154946648435        871.9669866400407        872.790912073825         873.4391075451778
47.157622739018095        869.5331447568387        870.9006266716607        871.9520962560763        872.7760726108928        873.4243708045929
47.28682170542636         869.5184040965723        870.8857586784779        871.9372058721119        872.7612331479608        873.409634064008
47.41602067183463         869.5056319605901        870.8728959999219        871.9243321743471        872.7484047234641        873.3968915002571
47.545219638242905        869.4928598246076        870.8600333213658        871.9114584765822        872.7355762989673        873.3841489365061
47.674418604651166        869.4800876886253        870.8471706428097        871.8985847788173        872.7227478744705        873.3714063727552
47.80361757105943         869.4693801087756        870.8364061151841        871.8878188652758        872.7120211653703        873.3607492194112
47.9328165374677          869.4586725289256        870.8256415875584        871.8770529517341        872.7012944562699        873.3500920660671
48.06201550387597         869.4479649490756        870.8148770599328        871.8662870381924        872.6905677471697        873.3394349127229
48.19121447028424         869.4389937647238        870.8058679935168        871.8572796296062        872.6815918538329        873.3305135557837
48.320413436692505        869.4300225803719        870.7968589271006        871.8482722210198        872.6726159604958        873.3215921988442
48.44961240310078         869.4210513960201        870.7878498606844        871.8392648124335        872.6636400671588        873.3126708419048
48.57881136950905         869.4142017564416        870.7809795623527        871.8323987065162        872.6567979222967        873.3058685715863
48.708010335917315        869.407352116863         870.7741092640209        871.8255326005988        872.6499557774345        873.2990663012675
48.83720930232559         869.4005024772845        870.7672389656891        871.8186664946815        872.6431136325723        873.2922640309489
48.96640826873386         869.3954634604886        870.7621868701101        871.8136172134625        872.6380801915755        873.2872571260916
49.095607235142126        869.3904244436925        870.757134774531         871.8085679322436        872.6330467505785        873.2822502212342
49.2248062015504          869.3853854268965        870.7520826789519        871.8035186510247        872.6280133095817        873.2772433163768
49.35400516795867         869.382271384028         870.748961829512         871.8003998524655        872.6249040630516        873.274149908315
49.48320413436692         869.3791573411592        870.7458409800721        871.7972810539063        872.6217948165216        873.271056500253
49.6124031007752          869.3760432982905        870.7427201306322        871.7941622553471        872.6186855699916        873.2679630921912
49.741602067183464        869.3751305670538        870.7418056108077        871.793248365714         872.6177743821311        873.2670563659958
49.87080103359173         869.3742178358169        870.740891090983         871.7923344760809        872.6168631942704        873.2661496398002
50                        869.3733051045801        870.7399765711585        871.7914205864478        872.6159520064098        873.2652429136048
