0.0	10357.872560484686
1.0	0.0
2.0	333.0883460807376
3.0	173.22663036230065
4.0	336.7105658233226
5.0	179.9110225889592
6.0	234.0144144765632
7.0	181.15884375328596
8.0	314.72824766582085
9.0	258.3327147968374
10.0	323.72082244490696
11.0	0.0
12.0	261.61668656734054
13.0	322.89353778336323
14.0	262.953918215657
15.0	315.00143121146004
16.0	0.0
17.0	250.86398450111923
18.0	293.7037735301362
19.0	234.09671180094742
20.0	115.96989537181688
21.0	155.9337041649352
22.0	212.65896017698466
23.0	243.98539886619827
24.0	190.3759062399372
25.0	0.0
26.0	222.79029566372796
27.0	174.0288538703799
28.0	201.10211728699008
29.0	156.65022157452486
30.0	0.0
31.0	181.12609723111936
32.0	141.75656231991243
33.0	166.59124353542
34.0	34.044435529608755
35.0	96.0673855024185
36.0	150.92182829011128
37.0	115.42694727221242
38.0	132.51927804249695
39.0	0.0
40.0	104.04425741548089
41.0	120.12812777405202
42.0	93.41667735302369
43.0	47.15529423616923
44.0	59.736675702397285
45.0	85.58035545723419
46.0	99.41695913767788
47.0	76.67425201993427
48.0	0.0
49.0	85.84909420659643
50.0	67.71583676466689
51.0	80.12224926373543
52.0	31.955512073313216
53.0	30.35192724100369
54.0	72.7057431723193
55.0	55.738883116249205
56.0	68.37801206038719
57.0	0.0
58.0	51.3762015814884
59.0	58.96856356674014
60.0	44.91123556406666
61.0	22.240860479945688
62.0	32.18894774534376
63.0	43.8556003846339
64.0	51.313271851055205
65.0	40.22322811796253
66.0	9.396415396283611
67.0	36.5886576566633
68.0	34.53913690136938
69.0	40.94930035740249
70.0	16.145017838908988
71.0	16.580300100384264
72.0	40.53971213579449
73.0	31.787945267491605
74.0	39.8046152116444
75.0	6.6801185329813935
76.0	23.791991647151118
77.0	37.03179836692296
78.0	26.37211858751762
79.0	32.54685697961593
80.0	5.932504006613131
81.0	18.558914963980957
82.0	29.915289497790322
83.0	22.464643128833576
84.0	10.35145913227887
85.0	16.935517820339857
86.0	20.180244788042252
87.0	24.718577824248474
88.0	18.12309285587665
89.0	0.0
90.0	24.287813404175033
91.0	18.37933351963229
92.0	23.790565630344656
93.0	7.684275431852245
94.0	8.831977237931953
95.0	21.440784604827087
96.0	15.78300884105864
97.0	20.967745591722508
98.0	3.973292749668586
99.0	12.243085896413989
100.0	19.88486941813309
101.0	14.708512650342664
102.0	6.364583879211932
103.0	10.731336671692853
104.0	13.409075818033662
105.0	17.166781937541156
106.0	13.488791333961577
107.0	2.5986588312944323
108.0	14.028177319776788
109.0	12.519031870526753
110.0	15.247943314894657
111.0	4.947027220862105
112.0	6.220557726445171
113.0	13.699786826418496
114.0	10.690547611283286
115.0	13.995090563400646
116.0	2.467009993357619
117.0	7.533545932258923
118.0	12.56658821651136
119.0	8.96310678174873
120.0	6.56876178074855
121.0	6.396238594135205
122.0	6.388782835343012
123.0	9.991649187666651
124.0	7.930914593781097
125.0	1.6096615019180573
126.0	8.00113326201832
127.0	7.676600686372654
128.0	8.883467233065154
129.0	6.363230880001687
130.0	0.0
131.0	7.931497703580766
132.0	6.216910889202121
133.0	8.435686826013846
134.0	3.0436379025184594
135.0	3.323008616838969
136.0	7.532526611617542
137.0	5.6820956307027215
138.0	7.692004415252465
139.0	0.9630841115338304
140.0	4.600589483594319
141.0	7.337952952427732
142.0	4.714054847170345
143.0	2.3339445007893866
144.0	4.460213513871268
145.0	4.96602373616701
146.0	7.191301289090523
147.0	5.2478863670976255
148.0	0.0
149.0	6.592022835645973
150.0	4.728817008532371
151.0	5.871755593871623
152.0	1.9747771246591708
153.0	2.5888429393389814
154.0	5.284779618071901
155.0	3.841556018417684
156.0	4.669925647596113
157.0	0.8563101715923707
158.0	2.9806555085080113
159.0	5.019805632876365
160.0	3.845781316103285
161.0	2.6894169802690313
162.0	2.301363697826002
163.0	3.61090630719677
164.0	4.614338821824587
165.0	3.120012379082939
166.0	0.6706514140645139
167.0	3.029014989825631
168.0	2.5569993783580007
169.0	3.5224657535079444
170.0	1.0230786456960232
171.0	1.5392024918162108
172.0	3.7586443897118196
173.0	3.1488918866322453
174.0	4.434711506581235
175.0	0.7841554603682621
176.0	2.5076176340210576
177.0	3.5357179017356577
178.0	2.5427882540479665
179.0	2.4802738469085073
180.0	0.7474402624487476
181.0	1.6732683924997003
182.0	3.5763767211857327
183.0	2.7956542523961465
184.0	1.3038031128920144
185.0	2.145146689651644
186.0	2.368880227117776
187.0	2.9225346727764236
188.0	2.096723083015852
189.0	0.0
190.0	2.496003197718589
191.0	2.068349863740107
192.0	2.552798580572423
193.0	0.7716497683544706
194.0	1.0293674276256164
195.0	2.5411162862647707
196.0	2.2204565281554536
197.0	2.9364033991167267
198.0	0.32349110326918057
199.0	1.807394414588733
200.0	2.474412252419435
201.0	1.738846613715667
202.0	0.6764783880489875
203.0	1.453925085399425
204.0	1.540984210723241
205.0	2.001471392586292
206.0	1.2059311990791035
207.0	0.23176704441387366
208.0	1.6855227356655038
209.0	1.5213489518200238
210.0	2.2917595845985517
211.0	0.42692079003949945
212.0	0.8712773196505403
213.0	1.9785736811527224
214.0	1.4387569911532267
215.0	2.429396336332799
216.0	0.32208760397312985
217.0	1.537510482003522
218.0	2.091702633834162
219.0	1.3015191409461142
220.0	0.7034491830216004
221.0	0.5923225953771875
222.0	1.0691842893647903
223.0	1.5268652931702906
224.0	1.1235642608312095
225.0	0.32029346376224815
226.0	1.3102140769834774
227.0	1.217597137525017
228.0	2.004582520702418
229.0	1.433001501919761
230.0	0.0
231.0	2.1523588892968504
232.0	1.4207634860150486
233.0	2.277924865817161
234.0	0.2849814704849784
235.0	0.9746283989057599
236.0	1.6131777030772585
237.0	1.0380584536034854
238.0	1.4636771566387194
239.0	0.0
240.0	1.043670726294004
241.0	0.9866206381529291
242.0	0.8340507799852912
243.0	0.2994501414443109
244.0	0.6439837577589638
245.0	1.1597599563598069
246.0	0.9958569818281782
247.0	1.0916351294391806
248.0	0.0
249.0	1.2854022308237232
250.0	1.1722904860714554
251.0	1.1692604830628375
252.0	0.2384000710234304
253.0	0.38616804972062446
254.0	1.0556123888865203
255.0	0.647778226637508
256.0	0.8913557843654826
257.0	0.0
258.0	0.5306386532767345
259.0	0.8369535264031464
260.0	0.6001261683649001
261.0	0.48827243348486776
262.0	0.30335386013961896
263.0	0.5247173238149294
264.0	0.7673650559988675
265.0	0.6098968249627537
266.0	0.0
267.0	0.4996535066292638
268.0	0.5693435758275389
269.0	0.5130145117279536
270.0	0.1593491663926884
271.0	0.19021489132297673
272.0	0.225464751294912
273.0	0.2615277976052165
274.0	0.28309491353588934
275.0	0.013788811824528182
276.0	0.3679491401483712
277.0	0.4896795994095245
278.0	0.5559366080227661
279.0	0.5012409877854686
280.0	0.0
281.0	0.28567589626201656
282.0	0.22274234485776126
283.0	0.14142371102080206
284.0	0.03535592775519988
285.0	0.23334912318432263
286.0	0.41012876196032305
287.0	0.3747728342051217
288.0	0.21213556653120064
289.0	0.0
290.0	0.03535592775520077
291.0	0.0
292.0	0.0
293.0	0.0
294.0	0.0
295.0	0.0
296.0	0.0
297.0	0.0
298.0	0.0
299.0	0.0
300.0	0.0
301.0	0.0
302.0	0.0
303.0	0.0
304.0	0.0
305.0	0.0
306.0	0.0
307.0	0.0
308.0	0.0
309.0	0.0
310.0	0.0
311.0	0.0
312.0	0.0
313.0	0.0
314.0	0.0
315.0	0.0
316.0	0.0
317.0	0.0
318.0	0.0
319.0	0.0
320.0	0.0
321.0	0.0
322.0	0.0
323.0	0.0
324.0	0.0
325.0	0.0
326.0	0.0
327.0	0.0
328.0	0.0
329.0	0.0
330.0	0.0
331.0	0.0
332.0	0.0
333.0	0.0
334.0	0.0
335.0	0.0
336.0	0.0
337.0	0.0
338.0	0.0
339.0	0.0
340.0	0.0
341.0	0.0
342.0	0.0
343.0	0.0
344.0	0.0
345.0	0.0
346.0	0.0
347.0	0.0
348.0	0.0
349.0	0.0
350.0	0.0
351.0	0.0
352.0	0.0
353.0	0.0
354.0	0.0
355.0	0.0
356.0	0.0
357.0	0.0
358.0	0.0
359.0	0.0
360.0	0.0
361.0	0.0
362.0	0.0
363.0	0.0
364.0	0.0
365.0	0.0
366.0	0.0
367.0	0.0
368.0	0.0
369.0	0.0
370.0	0.0
371.0	0.0
372.0	0.0
373.0	0.0
374.0	0.0
375.0	0.0
376.0	0.0
377.0	0.0
378.0	0.0
379.0	0.0
380.0	0.0
381.0	0.0
382.0	0.0
383.0	0.0
384.0	0.0
385.0	0.0
386.0	0.0
387.0	0.0
388.0	0.0
389.0	0.0
390.0	0.0
391.0	0.0
392.0	0.0
393.0	0.0
394.0	0.0
395.0	0.0
396.0	0.0
397.0	0.0
398.0	0.0
399.0	0.0
400.0	0.0
