% Model:              Cav_Hex_Unif_flux_v5.1 - Base Case.mph
% Version:            COMSOL 5.5.0.359
% Date:               Nov 3 2021, 16:26
% Dimension:          1
% Nodes:              388
% Expressions:        7
% Description:        Line graph
% x                       Height                   Height                   Height                   Height                   Height                   Height                   Height
0                         557.9385146057633        648.59852764275          730.7252647093123        806.1787086196483        874.9830858285208        937.8084156107819        995.1275925412001
0.12919896640826892       557.354181269885         647.9162804173096        729.9839106062847        805.395281810324         874.170425137015         936.9778891861984        994.2889210172336
0.25839793281653783       556.7698479340066        647.2340331918691        729.2425565032569        804.6118550009996        873.357764445509         936.1473627616145        993.4502494932672
0.3875968992248067        556.1855145981283        646.5517859664286        728.5012024002292        803.8284281916752        872.5451037540031        935.3168363370308        992.6115779693007
0.5167958656330757        555.5429030768328        645.8314566582624        727.7369054285277        803.0361643791549        871.737534160051         934.505385319978         991.8062487042288
0.6459948320413446        554.9002915555371        645.1111273500961        726.9726084568263        802.2439005666345        870.9299645660988        933.6939343029251        991.0009194391569
0.7751937984496134        554.2576800342416        644.3907980419299        726.2083114851248        801.451636754114         870.1223949721465        932.8824832858721        990.1955901740849
0.9043927648578824        553.6032663798203        643.6545223783404        725.4278618956813        800.6461592744776        869.305832409899         932.0664006222183        989.3900565933538
1.0335917312661513        552.9488527253989        642.9182467147508        724.6474123062377        799.8406817948409        868.4892698476515        931.2503179585643        988.5845230126228
1.1627906976744202        552.2944390709774        642.1819710511613        723.8669627167942        799.0352043152043        867.6727072854039        930.4342352949103        987.7789894318917
1.2919896640826893        551.6405131230351        641.4468493111023        723.0938439924838        798.2441273067222        866.8772162901281        929.6453622141264        987.0065314806994
1.4211886304909587        550.9865871750928        640.711727571043         722.3207252681733        797.45305029824          866.0817252948522        928.8564891333424        986.2340735295072
1.5503875968992276        550.3326612271505        639.9766058309838        721.5476065438629        796.6619732897577        865.2862342995762        928.0676160525585        985.461615578315
1.6795865633074964        549.6700733467538        639.2351876984569        720.773289287434         795.8729950639944        864.4951895318754        927.2852798355647        984.6979416914709
1.808785529715765         549.0074854663573        638.4937695659299        719.9989720310049        795.0840168382308        863.7041447641747        926.5029436185707        983.9342678046268
1.9379844961240338        548.3448975859606        637.7523514334031        719.2246547745758        794.2950386124674        862.9130999964739        925.7206074015769        983.1705939177826
2.067183462532303         547.6514767136089        636.9809411825102        718.4213601247914        793.4762466924884        862.0911171794038        924.9066169859831        982.3750749474317
2.1963824289405722        546.9580558412571        636.2095309316172        717.6180654750068        792.6574547725094        861.2691343623336        924.0926265703891        981.5795559770808
2.325581395348841         546.2646349689054        635.4381206807243        716.8147708252224        791.8386628525304        860.4471515452635        923.2786361547952        980.7840370067298
2.4547803617571096        545.5450466636942        634.6435414252272        715.9878423036528        790.993608810913         859.5965070560974        922.4342632115327        979.9570535666734
2.5839793281653782        544.825458358483         633.8489621697302        715.1609137820831        790.1485547692954        858.745862566931         921.5898902682701        979.1300701266168
2.713178294573647         544.1058700532718        633.0543829142331        714.3339852605134        789.3035007276778        857.8952180777648        920.7455173250075        978.3030866865604
2.842377260981916         543.3547814090392        632.2294653589987        713.4743520948437        788.4227237479247        857.006428195898         919.8612045457621        977.4348455765746
2.9715762273901847        542.6036927648065        631.4045478037643        712.6147189291738        787.5419467681714        856.1176383140312        918.9768917665166        976.5666044665887
3.1007751937984542        541.8526041205738        630.57963024853          711.755085763504         786.6611697884183        855.2288484321643        918.092578987271         975.6983633566028
3.229974160206723         541.0728344052693        629.7263734711452        710.8633941986626        785.7446678067068        854.3013547088754        917.167173392618         974.7870424377004
3.359173126614992         540.2930646899647        628.8731166937603        709.9717026338212        784.8281658249953        853.3738609855864        916.2417677979647        973.8757215187978
3.4883720930232607        539.5132949746601        628.0198599163754        709.0800110689798        783.9116638432838        852.4463672622974        915.3163622033115        972.9644005998954
3.61757105943153          538.713553571206         627.1473544057648        708.1668530650661        782.971434272112         851.4931627009921        914.3635984293005        972.0243123788016
3.7467700258397985        537.913812167752         626.274848895154         707.2536950611523        782.0312047009401        850.5399581396867        913.4108346552892        971.0842241577076
3.8759689922480676        537.1140707642979        625.4023433845434        706.3405370572384        781.0909751297681        849.5867535783815        912.4580708812781        970.1441359366136
4.005167958656337         536.3168431400968        624.5345816712983        705.4312497186158        780.1539993924694        848.6364261623867        911.5079863846615        969.2066297582978
4.134366925064606         535.5196155158958        623.666819958053         704.5219623799933        779.2170236551705        847.6860987463917        910.5579018880449        968.269123579982
4.263565891472875         534.7223878916947        622.7990582448077        703.6126750413707        778.2800479178717        846.7357713303968        909.6078173914283        967.3316174016662
4.392764857881145         533.9260112803829        621.9333647830655        702.7048940743607        777.3441757972569        845.7862414327957        908.6583108150695        966.3944969655867
4.521963824289413         533.129634669071         621.0676713213234        701.7971131073506        776.4083036766419        844.8367115351945        907.7088042387106        965.457376529507
4.651162790697682         532.3332580577593        620.2019778595811        700.8893321403406        775.472431556027         843.8871816375932        906.7592976623517        964.5202560934274
4.780361757105951         531.5409589880408        619.3411537808602        699.9855206175863        774.5398746067566        842.9404816190272        905.8122695360865        963.5853295603647
4.909560723514219         530.7486599183223        618.4803297021391        699.0817090948319        773.6073176574862        841.9937816004609        904.8652414098212        962.6504030273019
5.038759689922489         529.9563608486038        617.6195056234181        698.1778975720777        772.6747607082158        841.0470815818948        903.9182132835559        961.715476494239
5.167958656330757         529.1590039650956        616.7532878135016        697.2671246625782        771.7340546271175        840.091288805781         902.9613117905516        960.7699578259515
5.297157622739025         528.3616470815873        615.8870700035852        696.3563517530787        770.7933485460192        839.1354960296671        902.004410297547         959.8244391576638
5.426356589147294         527.5642901980791        615.0208521936687        695.4455788435791        769.8526424649209        838.1797032535533        901.0475088045424        958.8789204893762
5.555555555555563         526.7444950448157        614.1291340883026        694.5053332015334        768.8789839675175        837.1878642128257        900.0517800086741        957.8920374982653
5.684754521963834         525.9246998915522        613.2374159829365        693.5650875594876        767.9053254701138        836.196025172098         899.0560512128056        956.9051545071542
5.813953488372103         525.1049047382888        612.3456978775704        692.6248419174417        766.9316669727102        835.2041861313703        898.0603224169372        955.9182715160432
5.943152454780371         524.2814613082984        611.4500612624134        691.6792029546874        765.9514716443568        834.2048780189502        897.0562988710061        954.9223148564463
6.07235142118864          523.4580178783078        610.5544246472566        690.733563991933         764.9712763160035        833.2055699065301        896.0522753250749        953.9263581968492
6.2015503875969085        522.6345744483173        609.6587880320997        689.7879250291786        763.9910809876501        832.2062617941099        895.0482517791437        952.9304015372521
6.330749354005178         521.8135398922707        608.7651344485828        688.8430797845672        763.0109250765961        831.2064240729641        894.0432203812892        951.9330025838648
6.459948320413446         520.9925053362241        607.8714808650659        687.8982345399556        762.030769165542         830.2065863518183        893.0381889834346        950.9356036304772
6.5891472868217145        520.1714707801775        606.977827281549         686.9533892953442        761.050613254488         829.2067486306725        892.0331575855799        949.9382046770897
6.718346253229984         519.3556791487234        606.0895762391563        686.0134737223672        760.0752687921769        828.2117554829722        891.0330168346874        948.9456813213213
6.847545219638252         518.5398875172692        605.2013251967634        685.0735581493901        759.0999243298656        827.2167623352718        890.0328760837946        947.9531579655527
6.9767441860465205        517.7240958858151        604.3130741543705        684.1336425764131        758.1245798675545        826.2217691875716        889.0327353329019        946.9606346097842
7.105943152454789         516.9236194429756        603.4401566197004        683.2093803957799        757.1657643608876        825.2442999263478        888.0510396741985        945.9873288620663
7.235142118863058         516.1231430001359        602.5672390850302        682.2851182151467        756.2069488542206        824.2668306651238        887.069344015495         945.0140231143483
7.364341085271327         515.3226665572963        601.6943215503601        681.3608560345134        755.2481333475537        823.2893614039           886.0876483567915        944.0407173666304
7.493540051679596         514.5412850171411        600.8413143465734        680.4577915084591        754.3120261064215        822.3360615359509        885.1314107743398        943.0939304029114
7.622739018087865         513.7599034769859        599.9883071427867        679.5547269824046        753.3759188652892        821.3827616680015        884.1751731918879        942.1471434391924
7.751937984496134         512.9785219368307        599.1352999389999        678.6516624563502        752.4398116241571        820.4294618000523        883.218935609436         941.2003564754734
7.881136950904404         512.2152201538212        598.3005004511505        677.7679091473927        751.524323465357         819.4980280742775        882.2856550818647        940.277401065824
8.010335917312672         511.4519183708117        597.4657009633011        676.8841558384352        750.6088353065569        818.5665943485025        881.3523745542932        939.3544456561747
8.139534883720941         510.6886165878022        596.6309014754517        676.0004025294776        749.6933471477569        817.6351606227274        880.4190940267218        938.4314902465253
8.26873385012921          509.94136664376936       595.8134358215965        675.1354805657307        748.7979337070359        816.7248433018746        879.5077866871651        937.531153409761
8.397932816537478         509.19411669973647       594.9959701677415        674.2705586019838        747.9025202663147        815.8145259810216        878.5964793476082        936.6308165729967
8.527131782945748         508.44686675570364       594.1785045138863        673.4056366382368        747.0071068255936        814.9042086601686        877.6851720080514        935.7304797362324
8.656330749354016         507.7192234844974        593.3822703426947        672.5635965345833        746.1360386399625        814.019546861477         876.8006697936512        934.8578970969597
8.785529715762287         506.99158021329106       592.5860361715031        671.7215564309297        745.2649704543312        813.1348850627853        875.9161675792509        933.9853144576869
8.914728682170555         506.2639369420848        591.7898020003115        670.8795163272762        744.3939022687           812.2502232640936        875.0316653648507        933.1127318184141
9.043927648578824         505.54913990983675       591.0075148377607        670.0524658535069        743.5387556266069        811.3822645493159        874.1644891056733        932.2579035505595
9.173126614987092         504.83434287758865       590.2252276752098        669.2254153797375        742.6836089845136        810.514305834538         873.2973128464959        931.4030752827048
9.302325581395362         504.11954584534055       589.4429405126589        668.3983649059682        741.8284623424204        809.6463471197602        872.4301365873184        930.5482470148501
9.431524547803633         503.4174346331685        588.6740013110572        667.5854527046985        740.9882258758993        808.79397230326          871.5790876343433        929.7099257009459
9.560723514211901         502.7153234209964        587.9050621094553        666.7725405034287        740.147989409378         807.9415974867597        870.7280386813682        928.8716043870415
9.689922480620169         502.0132122088243        587.1361229078535        665.959628302159         739.3077529428568        807.0892226702595        869.876989728393         928.0332830731373
9.819121447028438         501.32231660494034       586.3788871395541        665.1591288812094        738.4806576132211        806.2506089385488        869.0401691633758        927.2094721088617
9.948320413436704         500.6314210010563        585.6216513712548        664.3586294602596        737.6535622835853        805.4119952068379        868.2033485983586        926.3856611445859
10.077519379844974        499.94052539717234       584.8644156029553        663.55813003931          736.8264669539495        804.573381475127         867.3665280333414        925.5618501803102
10.206718346253245        499.2633767272088        584.1215558015854        662.7729560322247        736.0156131693614        803.7518186680936        866.54742483199          924.7562452299302
10.335917312661513        498.58622805724525       583.3786960002153        661.9877820251392        735.2047593847732        802.93025586106          865.7283216306386        923.9506402795499
10.465116279069782        497.9090793872817        582.6358361988453        661.2026080180538        734.393905600185         802.1086930540265        864.9092184292872        923.1450353291698
10.594315245478052        497.24859981342473       581.911158604063         660.4371937487845        733.6042280640049        801.3095392464841        864.1135611475636        922.3636831927602
10.723514211886322        496.58812023956773       581.1864810092806        659.6717794795151        732.8145505278247        800.5103854389414        863.3179038658398        921.5823310563503
10.85271317829459         495.9276406657107        580.4618034144983        658.9063652102458        732.0248729916445        799.7112316313988        862.5222465841159        920.8009789199406
10.981912144702857        495.281072917573         579.7524237700529        658.1574919772346        731.2527440279644        798.9304919821275        861.7457065083058        920.0392563732081
11.111111111111127        494.63450516943516       579.0430441256076        657.4086187442234        730.480615064284         798.1497523328559        860.9691664324955        919.2775338264754
11.240310077519394        493.9879374212973        578.3336644811623        656.6597455112122        729.7084861006039        797.3690126835844        860.1926263566853        918.5158112797428
11.369509043927666        493.35659365809653       577.6411953000088        655.9291485905385        728.9557732993379        796.608684066669         859.4373173706014        917.7759325697803
11.498708010335934        492.7252498948956        576.9487261188553        655.1985516698646        728.2030604980719        795.8483554497534        858.6820083845173        917.0360538598175
11.627906976744203        492.0939061316948        576.2562569377019        654.4679547491909        727.4503476968058        795.088026832838         857.9266993984334        916.2961751498547
11.757105943152473        491.475300545651         575.5772972551146        653.7517000952548        726.7127105224097        794.3434678333945        857.1877304408091        915.573029104959
11.886304909560739        490.8566949596072        574.8983375725271        653.0354454413188        725.9750733480134        793.598908833951         856.4487614831847        914.8498830600632
12.01550387596901         490.2380893735634        574.2193778899397        652.3191907873827        725.2374361736173        792.8543498345075        855.7097925255604        914.1267370151675
12.14470284237728         489.6355727123371        573.5577084652267        651.6215770840125        724.5197165051169        792.1308687632214        854.9928651942458        913.426360690388
12.273901808785547        489.03305605111075       572.8960390405136        650.9239633806422        723.8019968366165        791.4073876919352        854.2759378629312        912.7259843656084
12.403100775193817        488.4305393898844        572.2343696158006        650.226349677272         723.084277168116         790.683906620649         853.5590105316167        912.0256080408287
12.532299741602085        487.83900104119937       571.5839395592825        649.5407246386512        722.3793012093734        789.9738646884792        852.8560573808395        911.339542353075
12.661498708010352        487.2474626925143        570.9335095027644        648.8550996000305        721.6743252506307        789.2638227563092        852.1531042300622        910.6534766653211
12.790697674418618        486.65592434382927       570.2830794462463        648.1694745614097        720.969349291888         788.5537808241393        851.4501510792851        909.9674109775673
12.91989664082689         486.08025029588345       569.6499641337277        647.5027237508722        720.2846243674516        787.865203331239         850.7696527093973        909.3045616849062
13.04909560723516         485.50457624793756       569.016848821209         646.8359729403345        719.599899443015         787.1766258383385        850.0891543395094        908.6417123922448
13.178294573643429        484.9289021999917        568.3837335086904        646.1692221297969        718.9151745185786        786.4880483454382        849.4086559696215        907.9788630995836
13.307493540051702        484.3648592719658        567.7632248558049        645.5162323504306        718.2452270688725        785.8151337909327        848.7444950131791        907.3327991281782
13.436692506459968        483.8008163439399        567.1427162029194        644.8632425710642        717.5752796191663        785.1422192364271        848.0803340567367        906.6867351567726
13.565891472868238        483.23677341591406       566.5222075500338        644.2102527916979        716.90533216946          784.4693046819215        847.4161731002943        906.0406711853669
13.695090439276505        482.687926535275         565.9188317981342        643.5761388658647        716.2557897974524        783.8181017640335        846.7747453194615        905.4180702386324
13.824289405684771        482.13907965463585       565.3154560462344        642.9420249400313        715.6062474254446        783.1668988461454        846.1333175386287        904.7954692918977
13.95348837209304         481.5902327739968        564.7120802943347        642.3079110141979        714.956705053437         782.5156959282574        845.4918897577959        904.172868345163
14.08268733850131         481.05329646734316       564.1219648076224        641.6883853306795        714.3229181321292        781.8811800452615        844.8677958904427        903.567974932605
14.21188630490958         480.5163601606895        563.53184932091          641.068859647161         713.6891312108213        781.2466641622656        844.2437020230894        902.9630815200469
14.341085271317848        479.9794238540358        562.9417338341977        640.4493339636426        713.0553442895134        780.6121482792696        843.6196081557362        902.3581881074888
14.470284237726116        479.45072357226746       562.3609720854084        639.8400844077279        712.4325302554041        779.9890771355967        843.0071928490675        901.764979497252
14.599483204134383        478.9220232904991        561.780210336619         639.230834851813         711.8097162212947        779.3660059919238        842.3947775423986        901.1717708870153
14.72868217054265         478.39332300873076       561.1994485878297        638.6215852958982        711.1869021871853        778.7429348482508        841.7823622357298        900.5785622767786
14.85788113695092         477.8717264767613        560.6267135070389        638.0211211311977        710.5733960676234        778.1294924821825        841.1796699725885        899.9949559690353
14.987080103359192        477.3501299447918        560.0539784262479        637.4206569664972        709.9598899480613        777.516050116114         840.5769777094471        899.411349661292
15.116279069767462        476.8285334128223        559.4812433454571        636.8201928017967        709.3463838284994        776.9026077500455        839.9742854463058        898.8277433535486
15.245478036175733        476.32073366668493       558.9242831472924        636.2371605229163        708.7516370151426        776.3089563750757        839.392115301409         898.265121287072
15.374677002583999        475.81293392054744       558.3673229491276        635.6541282440357        708.1568902017857        775.7153050001058        838.8099451565122        897.7024992205953
15.503875968992265        475.30513417440994       557.8103627509629        635.0710959651552        707.5621433884288        775.121653625136         838.2277750116153        897.1398771541187
15.633074935400534        474.81051996079634       557.2685766934104        634.5048077599411        706.9853167919105        774.5468201404358        837.665024415601         896.5970220245904
15.762273901808802        474.3159057471827        556.7267906358579        633.938519554727         706.408490195392         773.9719866557355        837.1022738195866        896.054166895062
15.891472868217072        473.8212915335691        556.1850045783054        633.3722313495128        705.8316635988737        773.3971531710353        836.5395232235722        895.5113117655337
16.02067183462534         473.33906192984443       555.6574171716898        632.8215262518802        705.2714698543219        772.8397412697328        835.9947049652526        894.9866552520074
16.149870801033607        472.85683232611973       555.1298297650742        632.2708211542475        704.7112761097701        772.2823293684302        835.4498867069327        894.461998738481
16.279069767441875        472.374602722395         554.6022423584585        631.7201160566149        704.1510823652184        771.7249174671275        834.905068448613         893.9373422249547
16.408268733850143        471.90435228541713       554.0883319899876        631.1844155439861        703.6068849886112        771.184234725166         834.377434234933         893.4300859461905
16.537467700258414        471.4341018484392        553.5744216215166        630.6487150313574        703.062687612004         770.6435519832044        833.8498000212529        892.9228296674262
16.666666666666682        470.96385141146123       553.0605112530458        630.1130145187286        702.5184902353967        770.1028692412428        833.3221658075729        892.415573388662
16.795865633074953        470.50460892853266       552.5594973718074        629.5914680634477        701.989284362348         769.5777420754022        832.8104017335527        891.9242985209795
16.92506459948322         470.045366445604         552.058483490569         629.0699216081666        701.4600784892992        769.0526149095615        832.2986376595323        891.4330236532968
17.05426356589149         469.5861239626753        551.5574696093306        628.5483751528856        700.9308726162506        768.5274877437208        831.786873585512         890.9417487856141
17.18346253229976         469.13803781032647       551.0692969167094        628.0407149432492        700.4162841910905        768.0175038356717        831.2905707235266        890.4660776796208
17.312661498708025        468.6899516579776        550.5811242240881        627.5330547336127        699.9016957659304        767.5075199276225        830.7942678615411        889.9904065736273
17.441860465116292        468.24186550562877       550.0929515314667        627.0253945239764        699.3871073407704        766.9975360195734        830.2979649995557        889.514735467634
17.57105943152456         467.8042828739826        549.6168310614308        626.5307803638943        698.8863025133977        766.5018770513306        829.8163300975488        889.0538906319789
17.700258397932828        467.3667002423363        549.140710591395         626.0361662038122        698.385497686025         766.0062180830876        829.3346951955417        888.5930457963237
17.829457364341096        466.92911761069007       548.6645901213591        625.5415520437301        697.8846928586523        765.5105591148446        828.8530602935347        888.1322009606686
17.958656330749367        466.5020820587257        548.2004037495457        625.0598404259437        697.3975422977447        765.0291371325616        828.3860526268345        887.6861752389075
18.087855297157635        466.0750465067613        547.7362173777324        624.5781288081571        696.910391736837         764.5477151502785        827.9190449601342        887.2401495171463
18.217054263565906        465.64801095479686       547.272031005919         624.0964171903706        696.4232411759293        764.0662931679954        827.4520372934339        886.7941237953851
18.346253229974177        465.22999280434647       546.8182059952985        623.6259893711775        695.9480335839918        763.5972470907309        826.9976224285915        886.3607035287383
18.47545219638245         464.81197465389596       546.3643809846781        623.1555615519844        695.4728259920543        763.1282010134663        826.5432075637489        885.9272832620914
18.604651162790717        464.39395650344545       545.9105559740576        622.6851337327913        694.9976184001167        762.6591549362018        826.0887926989063        885.4938629954444
18.733850129198988        463.98482011917497       545.4668751632473        622.2257056901373        694.5340281293215        762.2021201545091        825.6465599937203        885.0725922272012
18.863049095607256        463.57568373490443       545.0231943524369        621.7662776474832        694.0704378585262        761.7450853728163        825.204327288534         884.6513214589579
18.99224806201552         463.16654735063395       544.5795135416265        621.3068496048292        693.6068475877311        761.2880505911236        824.7620945833479        884.2300506907146
19.12144702842379         462.76646570377693       544.146278689653         620.8588294630047        693.155352763729         760.843536375051         824.3325625000799        883.8214465586426
19.250645994832063        462.36638405691986       543.7130438376793        620.4108093211801        692.7038579397267        760.3990221589785        823.9030304168117        883.4128424265704
19.379844961240327        461.96630241006284       543.2798089857056        619.9627891793556        692.2523631157246        759.9545079429059        823.4734983335436        883.0042382944981
19.509043927648598        461.57583279788383       542.8575860008267        619.526699209732         691.8134440806834        759.5229661134058        823.0570955781812        882.6087208670975
19.638242894056862        461.1853631857048        542.4353630159477        619.0906092401083        691.3745250456421        759.0914242839057        822.6406928228187        882.2132034396968
19.767441860465134        460.7948935735257        542.0131400310688        618.6545192704847        690.9356060106008        758.6598824544055        822.2242900674561        881.8176860122962
19.896640826873405        460.41332275467624       541.6010180158897        618.2293817779331        690.508254302526         758.2402680640464        821.8199453693708        881.4341635847807
20.025839793281673        460.0317519358267        541.1888960007107        617.8042442853815        690.080902594451         757.8206536736873        821.4156006712852        881.0506411572651
20.155038759689944        459.6501811169772        540.7767739855316        617.3791067928299        689.653550886376         757.4010392833281        821.0112559731998        880.6671187297495
20.284237726098212        459.2778712134527        540.3750755129579        616.9652464730669        689.2380826651474        756.9936643637013        820.6192879067629        880.2959225254232
20.413436692506483        458.90556130992815       539.9733770403841        616.551386153304         688.8226144439188        756.5862894440744        820.2273198403259        879.9247263210967
20.54263565891475         458.5332514064036        539.5716785678103        616.137525833541         688.4071462226902        756.1789145244476        819.8353517738889        879.5535301167704
20.671834625323022        458.16938245715187       539.1794953703171        615.7339635819706        688.0025489700658        755.7827496909845        819.4547289308355        879.1936317787627
20.801033591731287        457.8055135079           538.7873121728238        615.3304013304002        687.5979517174414        755.3865848575213        819.0741060877818        878.8337334407547
20.93023255813955         457.4416445586482        538.3951289753306        614.9268390788297        687.193354464817         754.990420024058         818.6934832447282        878.4738351027468
21.059431524547822        457.0855911735191        538.0117624841962        614.5327907098541        686.7987647816861        754.6045292632826        818.323194513931         878.1241452777725
21.18863049095609         456.7295377883899        537.6283959930618        614.1387423408786        686.4041750985551        754.2186385025071        817.9529057831336        877.7744554527982
21.317829457364358        456.37348440326076       537.2450295019273        613.744693971903         686.0095854154242        753.8327477417316        817.5826170523363        877.4247656278238
21.44702842377263         456.02445336708627       536.8698536052829        613.3595145681205        685.6242888403765        753.4563459562669        817.2218197997096        877.0844012963315
21.576227390180897        455.67542233091166       536.4946777086383        612.974335164338         685.2389922653286        753.0799441708019        816.8610225470827        876.744036964839
21.705426356589168        455.3263912947371        536.1195018119938        612.5891557605554        684.8536956902809        752.7035423853371        816.5002252944558        876.4036726333464
21.83462532299744         454.9859685661311        535.7541019104066        612.2144102501038        684.4793344058776        752.3383665695288        816.1507488359698        876.0745450077533
21.9638242894057          454.645545837525         535.3887020088192        611.8396647396521        684.1049731214741        751.9731907537204        815.8012723774835        875.74541738216
22.09302325581397         454.30512310891896       535.0233021072319        611.4649192292005        683.7306118370708        751.608014937912         815.4517959189974        875.4162897565667
22.22222222222224         453.9725620951534        534.6667913853141        611.0997113193046        683.3662525098129        751.2530897844973        815.1126349390195        875.0973760310519
22.35142118863051         453.6400010813878        534.3102806633963        610.7345034094085        683.0018931825549        750.8981646310825        814.7734739590414        874.7784623055369
22.48062015503878         453.3074400676222        533.9537699414785        610.3692954995125        682.637533855297         750.5432394776677        814.4343129790635        874.459548580022
22.60981912144705         452.9833194974449        533.6067715234946        610.0142896991804        682.2838560615504        750.1992422896794        814.106130497369         874.1514849203318
22.73901808785532         452.6591989272675        533.2597731055105        609.6592838988483        681.9301782678039        749.855245101691         813.7779480156744        873.8434212606413
22.868217054263592        452.33507835709014       532.9127746875265        609.3042780985162        681.5765004740573        749.5112479137027        813.4497655339799        873.5353576009509
22.99741602067186         452.0182025291993        532.574089578238         608.9582349953116        681.2321919779013        749.1767995503113        813.1311170060662        873.2366490109422
23.126614987080124        451.7013267013084        532.2354044689496        608.6121918921069        680.8878834817452        748.8423511869198        812.8124684781524        872.9379404209333
23.25581395348839         451.38445087341756       531.8967193596611        608.2661487889022        680.5435749855892        748.5079028235284        812.4938199502385        872.6392318309245
23.385012919896663        451.07533611433837       531.5668095901763        607.929505389297         680.2090848902506        748.1834529526636        812.1851449064578        872.3503025749675
23.51421188630493         450.76622135525906       531.2368998206914        607.5928619896916        679.8745947949118        747.8590030817988        811.876469862677         872.0613733190104
23.643410852713203        450.45710659617976       530.9069900512065        607.2562185900864        679.5401046995731        747.5345532109341        811.5677948188963        871.7724440630533
23.772609819121474        450.1545021777339        530.5845011951751        606.9275927941293        679.2140049358951        747.2186354411249        811.2675966993761        871.4917823922261
23.901808785529735        449.85189775928797       530.2620123391436        606.5989669981722        678.8879051722171        746.9027176713157        810.9673985798557        871.2111207213989
24.031007751938002        449.54929334084204       529.9395234831121        606.270341202215         678.561805408539         746.5867999015065        810.6672004603354        870.9304590505716
24.160206718346274        449.25400391162515       529.6253253660268        605.9506822462987        678.245090087067         746.2804171043088        810.3764692921307        870.6590309628624
24.289405684754545        448.9587144824082        529.3111272489414        605.6310232903822        677.9283747655948        745.974034307111         810.0857381239258        870.3876028751532
24.418604651162813        448.66342505319125       528.996929131856         605.3113643344659        677.6116594441227        745.6676515099132        809.7950069557211        870.116174787444
24.547803617571084        448.3746802834552        528.6903871717288        605.0000063075855        677.303583919541         745.3699978368655        809.5128947403066        869.8531044262236
24.67700258397935         448.08593551371905       528.3838452116016        604.6886482807053        676.9955083949592        745.0723441638178        809.230782524892         869.5900340650031
24.806201550387616        447.7971907439829        528.0773032514745        604.3772902538249        676.6874328703775        744.77469049077          808.9486703094774        869.3269637037827
24.935400516795887        447.51406214173664       527.7772255478598        604.0728987146096        676.3866006607326        744.4843666732312        808.6738170273059        869.0709569638196
25.064599483204155        447.23093353949025       527.4771478442449        603.7685071753942        676.0857684510876        744.1940428556921        808.3989637451342        868.8149502238565
25.193798449612423        446.9478049372439        527.17707014063          603.4641156361789        675.7849362414427        743.9037190381532        808.1241104629627        868.5589434838935
25.322997416020694        446.67173498283995       526.8851693272633        603.168448955039         675.4930769545969        743.6223870444373        807.8580927457904        868.3114820834043
25.45219638242896         446.39566502843593       526.5932685138966        602.872782273899         675.2012176677509        743.3410550507214        807.592075028618         868.0640206829148
25.581395348837233        446.1195950740319        526.3013677005299        602.577115592759         674.909358380905         743.0597230570055        807.3260573114455        867.8165592824254
25.7105943152455          445.8496818401314        526.0165420898182        602.2890003461378        674.6252964159746        742.7862394963605        807.0677806918144        867.5766057873091
25.83979328165377         445.57976860623074       525.7317164791065        602.0008850995165        674.3412344510441        742.5127559357155        806.8095040721831        867.3366522921926
25.968992248062037        445.3098553723301        525.4468908683947        601.7127698528952        674.0571724861137        742.2392723750705        806.551227452552         867.0966987970762
26.098191214470308        445.0471015503671        525.1701858170951        601.4332555155249        673.7819340887676        741.9746375456347        806.3016698683257        866.8652146591145
26.227390180878576        444.784347728404         524.8934807657954        601.1537411781545        673.5066956914213        741.7100027161987        806.0521122840993        866.6337305211525
26.356589147286847        444.52159390644096       524.6167757144958        600.8742268407841        673.2314572940752        741.4453678867628        805.8025546998729        866.4022463831906
26.48578811369512         444.2644884673695        524.3464943171745        600.6014658097812        672.9630820356552        741.1875421894122        805.5596234258165        866.1771032241833
26.614987080103386        444.0073830282981        524.076212919853         600.3287047787782        672.6947067772351        740.9297164920614        805.3166921517601        865.9519600651759
26.744186046511654        443.75027758922664       523.8059315225315        600.0559437477752        672.426331518815         740.6718907947107        805.0737608777036        865.7268169061684
26.873385012919922        443.4995376094947        523.5426956149771        599.7904971934955        672.1653456652421        740.4213819811739        804.8379567299403        865.508512013336
27.002583979328186        443.2487976297628        523.2794597074226        599.5250506392158        671.904359811669         740.1708731676368        804.6021525821767        865.2902071205034
27.131782945736447        442.9980576500309        523.016223799868         599.2596040849361        671.643373958096         739.9203643540999        804.3663484344132        865.0719022276709
27.26098191214472         442.7536429229906        522.7600401534825        599.0015901771804        671.3900040658267        739.6775046066933        804.1381061495678        864.8609701729621
27.390180878552986        442.50922819595024       522.5038565070968        598.7435762694247        671.1366341735572        739.4346448592867        803.9098638647222        864.6500381182531
27.519379844961257        442.2648134689099        522.2476728607112        598.4855623616689        670.8832642812879        739.19178511188          803.6816215798766        864.439106063544
27.648578811369532        442.02653158063066       521.9982466719027        598.2345916474524        670.6370459041209        738.9560503028117        803.4603643049213        864.2349218500955
27.777777777777796        441.78824969235137       521.7488204830943        597.9836209332357        670.3908275269538        738.7203154937434        803.239107029966         864.0307376366468
27.906976744186068        441.54996780407214       521.4993942942858        597.7326502190191        670.1446091497868        738.4845806846752        803.0178497550107        863.8265534231982
28.03617571059434         441.3172253700371        521.2561735811063        597.488208610723         669.9050554318555        738.2555125886361        802.8031456800417        863.6287081961099
28.165374677002607        441.08448293600196       521.0129528679267        597.2437670024268        669.6655017139242        738.0264444925969        802.5884416050725        863.4308629690214
28.29457364341088         440.85174050196684       520.7697321547472        596.9993253941307        669.4259479959928        737.7973763965578        802.3737375301034        863.2330177419329
28.423772609819146        440.6209622958065        520.5285989263906        596.7568009546354        669.1879916532456        737.5694697552461        802.1596525901322        863.0351603492948
28.552971576227417        440.39018408964614       520.287465698034         596.5142765151402        668.9500353104984        737.3415631139344        801.9455676501607        862.8373029566565
28.68217054263568         440.1594058834858        520.0463324696774        596.2717520756449        668.7120789677512        737.1136564726228        801.7314827101892        862.6394455640182
28.811369509043956        439.9344913491735        519.811831110877         596.0363084328854        668.4814343109048        736.8931245831524        801.5246993576969        862.4487025382967
28.940568475452224        439.70957681486124       519.5773297520767        595.8008647901258        668.2507896540584        736.6725926936818        801.3179160052046        862.2579595125752
29.069767441860492        439.48466228054895       519.3428283932764        595.5654211473662        668.020144997212         736.4520608042114        801.1111326527123        862.0672164868537
29.19896640826876         439.2658716110228        519.1152105624276        595.3372728199936        667.7969824187917        736.2390313131191        800.9117379205018        861.883633902975
29.328165374677024        439.04708094149663       518.8875927315787        595.1091244926208        667.5738198403712        736.0260018220266        800.7123431882912        861.7000513190964
29.45736434108529         438.8282902719705        518.6599749007299        594.8809761652482        667.3506572619509        735.8129723309341        800.5129484560807        861.5164687352177
29.586563307493563        438.6151596455937        518.4387914984042        594.6596391905144        667.1344735979408        735.6069226703136        800.3204035760951        861.3394997401572
29.715762273901827        438.40202901921674       518.2176080960784        594.4383022157806        666.9182899339305        735.400873009693         800.1278586961096        861.1625307450967
29.844961240310095        438.18889839283986       517.9964246937526        594.2169652410469        666.7021062699203        735.1948233490724        799.935313816124         860.9855617500361
29.974160206718366        437.9816210334193        517.7817677184611        594.0025105858716        666.492956520058         734.9957803426618        799.7496089472468        860.8151541367604
30.103359173126634        437.7743436739986        517.5671107431695        593.7880559306963        666.2838067701956        734.796737336251         799.5639040783695        860.6447465234846
30.23255813953491         437.5670663145779        517.3524537678778        593.573601275521         666.0746570203332        734.5976943298402        799.3781992094923        860.4743389102089
30.36175710594318         437.36545051821105       517.1441751698345        593.3658793228626        665.8723583798385        734.4054295985807        799.1990682412808        860.3102028219149
30.49095607235145         437.1638347218441        516.9358965717912        593.1581573702041        665.6700597393436        734.213164867321         799.0199372730691        860.1460667336208
30.62015503875972         436.9622189254772        516.7276179737479        592.9504354175457        665.4677610988489        734.0209001360614        798.8408063048574        859.9819306453268
30.74935400516799         436.76636024830054       516.525644424292         592.7492754633829        665.2720857111425        733.8351606208842        798.6679915836999        859.8238135256433
30.878552971576255        436.5705015711238        516.323670874836         592.54811550922          665.076410323436         733.6494211057068        798.4951768625422        859.6656964059597
31.00775193798452         436.3746428939471        516.1216973253801        592.3469555550572        664.8807349357295        733.4636815905294        798.3223621413845        859.5075792862762
31.136950904392787        436.18421205082393       515.9257368500716        592.1520325319088        664.691339011777         733.2841167599167        798.1555164870244        859.3551460009128
31.266149870801048        435.99378120770075       515.7297763747631        591.9571095087605        664.5019430878244        733.1045519293039        797.9886708326643        859.2027127155492
31.39534883720932         435.80335036457757       515.5338158994547        591.7621864856121        664.312547163872         732.9249870986911        797.8218251783042        859.0502794301857
31.524547803617597        435.61830250681896       515.343619709111         591.5732042045461        664.1291333564911        732.7513141999101        797.6606840250346        858.9032830594855
31.653746770025872        435.43325464906036       515.1534235187671        591.3842219234799        663.9457195491103        732.5776413011289        797.499542871765         858.7562866887852
31.782945736434144        435.24820679130175       514.9632273284233        591.1952396424139        663.7623057417295        732.4039684023478        797.3384017184954        858.609290318085
31.91214470284241         435.0682449360809        514.778526002259         591.0119552213944        663.5846530726734        732.2359783740803        797.1827572422842        858.4675190243496
32.04134366925067         434.88828308085994       514.5938246760946        590.8286708003749        663.4070004036172        732.0679883458128        797.0271127660728        858.3257477306141
32.17054263565894         434.708321225639         514.4091233499304        590.6453863793554        663.229347734561         731.8999983175453        796.8714682898616        858.1839764368788
32.29974160206721         434.5333355345274        514.2297674537932        590.4676440523322        663.0573062444786        731.7375431051564        796.7211672730347        858.0472671873227
32.428940568475475        434.35834984341574       514.0504115576559        590.2899017253088        662.8852647543962        731.5750878927674        796.5708662562076        857.9105579377665
32.55813953488374         434.1833641523041        513.8710556615187        590.1121593982856        662.7132232643138        731.4126326803786        796.4205652393806        857.7738486882104
32.68733850129202         434.0130580693133        513.6968495738031        589.9397511608371        662.5465610098686        731.2554553146673        796.2753274521897        857.6419057960389
32.81653746770028         433.8427519863224        513.5226434860875        589.7673429233885        662.3798987554234        731.0982779489559        796.1300896649986        857.5099629038673
32.945736434108554        433.67244590333155       513.348437398372         589.59493468594          662.2132365009782        730.9411005832446        795.9848518778076        857.3780200116956
33.07493540051682         433.5069071490213        513.1794125796773        589.4278670545541        662.0519563045395        730.789201361383         795.8446709421559        857.2508348907937
33.20413436692508         433.34136839471097       513.0103877609826        589.2607994231682        661.8906761081008        730.6373021395211        795.7044900065039        857.1236497698917
33.33333333333336         433.1758296404007        512.8413629422878        589.0937317917824        661.7293959116621        730.4854029176594        795.564309070852         856.9964646489897
33.462532299741625        433.01498386541823       512.677514368893         588.9320346684339        661.5735100970318        730.3387610636634        795.4291348600581        856.8739673792724
33.59173126614989         432.85413809043564       512.5136657954981        588.7703375450852        661.4176242824013        730.1921192096671        795.293960649264         856.7514701095548
33.72093023255816         432.69329231545305       512.3498172221033        588.6086404217367        661.261738467771         730.045477355671         795.15878643847          856.6289728398374
33.850129198966435        432.53726878092533       512.1912248096512        588.4523515596239        661.1112506035469        729.9040794668332        795.0286008414239        856.5111486121457
33.979328165374696        432.38124524639755       512.0326323971991        588.296062697511         660.9607627393226        729.7626815779953        794.8984152443777        856.3933243844539
34.108527131782964        432.22522171186984       511.87403998474696       588.1397738353983        660.8102748750985        729.6212836891575        794.7682296473315        856.2755001567621
34.237726098191246        432.0738575824471        511.72056271257674       587.988760257922         660.6650631239453        729.4850222957067        794.6429403919986        856.1622681304768
34.36692506459951         431.9224934530243        511.56708544040646       587.8377466804455        660.519851372792         729.3487609022559        794.5176511366657        856.0490361041916
34.49612403100778         431.7711293236015        511.4136081682362        587.6867331029691        660.3746396216388        729.2124995088051        794.3923618813328        855.9358040779064
34.62532299741605         431.62439658334347       511.2651669698651        587.5408914046832        660.2345949362565        729.0812725075419        794.2718773187323        855.8270825288118
34.75452196382431         431.47766384308534       511.11672577149403       587.3950497063971        660.094550250874         728.9500455062787        794.1513927561316        855.7183609797172
34.88372093023257         431.33093110282726       510.96828457312296       587.2492080081112        659.9545055654916        728.8188185050154        794.030908193531         855.6096394306227
35.01291989664084         431.1887345171466        510.8247871225771        587.10842870253          659.8195099918601        728.6924992151661        793.9150951497521        855.5052911902036
35.14211886304911         431.0465379314658        510.6812896720312        586.9676493969487        659.6845144182286        728.5661799253166        793.799282105973         855.4009429497843
35.27131782945738         430.9043413457851        510.53779222148535       586.8268700913674        659.5495188445971        728.4398606354672        793.683469062194         855.296594709365
35.40051679586565         430.76667119970836       510.399144506495         586.6910182980887        659.4194004504179        728.3182503661534        793.5721156293091        855.1964053004642
35.529715762273916        430.62900105363155       510.2604967915046        586.55516650481          659.2892820562388        728.1966400968395        793.460762196424         855.0962158915634
35.658914728682184        430.49133090755475       510.1218490765142        586.4193147115313        659.1591636620597        728.0750298275256        793.3494087635388        854.9960264826625
35.78811369509045         430.3580877685584        509.9879483085478        586.288253141131         659.0337527255447        727.9579441170567        793.2423265985295        854.8998087844359
35.91731266149873         430.22484462956197       509.8540475405813        586.1571915707308        658.9083417890297        727.8408584065878        793.13524443352          854.803591086209
36.046511627906995        430.09160149056555       509.7201467726148        586.0261300003305        658.7829308525147        727.7237726961189        793.0281622685106        854.7073733879822
36.17571059431526         429.96284987807417       509.59091444325105       585.8997508748162        658.6621241710583        727.6111179509498        792.9252602975291        854.6150327463488
36.30490956072353         429.8340982655828        509.46168211388726       585.7733717493018        658.5413174896017        727.4984632057807        792.8223583265474        854.5226921047152
36.4341085271318          429.7053466530914        509.3324497845235        585.6469926237874        658.4205108081452        727.3858084606117        792.7194563555657        854.4303514630817
36.56330749354007         429.5808525547246        509.20768619385075       585.5251267396095        658.3041512886311        727.2774215238538        792.6205580317442        854.3416962170883
36.69250645994833         429.45635845635775       509.0829226031779        585.4032608554315        658.187791769117         727.1690345870959        792.5216597079225        854.2530409710946
36.82170542635661         429.3318643579909        508.95815901250506       585.2813949712537        658.0714322496029        727.0606476503381        792.4227613841009        854.1643857251009
36.95090439276488         429.2115347044004        508.837818513342         585.1640313645728        657.9595111169004        726.9565036749628        792.3278219134256        854.0793524430857
37.080103359173144        429.09120505080983       508.7174780141788        585.0466677578918        657.847589984198         726.8523596995875        792.2328824427502        853.9943191610702
37.20930232558142         428.9708753972193        508.59713751501573       584.9293041512108        657.7356688514955        726.7482157242122        792.1379429720749        853.9092858790548
37.338501291989694        428.85461541663824       508.481232571225         584.8164582237048        657.628170699255         726.6482621962317        792.0468794065266        853.827769943175
37.467700258397954        428.73835543605713       508.3653276274342        584.7036122961987        657.5206725470143        726.5483086682513        791.9558158409782        853.7462540072951
37.59689922480622         428.622095455476         508.2494226836435        584.5907663686926        657.4131743947737        726.4483551402708        791.8647522754297        853.6647380714152
37.7260981912145          428.5100500875126        508.13798948858386       584.4824218729829        657.3100510676095        726.3525276808638        791.7774955691174        853.5866745460811
37.85529715762276         428.3980047195491        508.02655629352415       584.374077377273         657.2069277404452        726.2567002214566        791.690238862805         853.5086110207468
37.984496124031025        428.28595935158563       507.91512309846445       584.2657328815633        657.103804413281         726.1608727620496        791.6029821564927        853.4305474954125
38.1136950904393          428.1780479051564        507.8080736015216        584.1617882714442        657.0049339515824        726.0690392317199        791.5194031084087        853.3558183363934
38.24289405684756         428.0701364587271        507.70102410457866       584.0578436613249        656.9060634898839        725.9772057013901        791.4358240603246        853.2810891773743
38.37209302325582         427.96222501229784       507.59397460763574       583.9538990512058        656.8071930281853        725.8853721710602        791.3522450122407        853.2063600183551
38.5012919896641          427.8584846485537        507.49125756152614       583.8542497128209        656.7124530794222        725.797420967599         791.2722577032392        853.1349113625668
38.630490956072364        427.75474428480953       507.3885405154165        583.7546003744359        656.617713130659         725.7094697641377        791.1922703942375        853.0634627067782
38.75968992248063         427.6510039210654        507.2858234693068        583.6549510360509        656.5229731818958        725.6215185606763        791.112283085236         852.9920140509897
38.8888888888889          427.55131626708237       507.18728866931144       583.5594535503342        656.4322562533042        725.537380042141         791.0358495974639        852.9238282389281
39.01808785529717         427.4516286130993        507.08875386931595       583.4639560646175        656.3415393247126        725.4532415236055        790.9594161096916        852.8556424268662
39.147286821705436        427.3519409591162        506.9902190693205        583.3684585789008        656.250822396121         725.36910300507          790.8829826219194        852.7874566148045
39.2764857881137          427.2561583508496        506.8956755051762        583.2769192828705        656.163945652998         725.2886125335217        790.8099547934385        852.7223978851091
39.40568475452197         427.1603757425829        506.8011319410318        583.1853799868401        656.0770689098749        725.2081220619733        790.7369269649573        852.6573391554135
39.53488372093024         427.0645931343163        506.70658837688745       583.0938406908097        655.9901921667519        725.127631590425         790.6638991364762        852.592280425718
39.66408268733851         426.9726178290185        506.61595509930544       583.0061874070565        655.907104174601         725.0507533908461        790.594247462021         852.5303193013956
39.79328165374678         426.88064252372055       506.52532182172337       582.9185341233034        655.8240161824501        724.9738751912671        790.5245957875658        852.468358177073
39.92248062015505         426.7886672184227        506.4346885441413        582.8308808395502        655.7409281902992        724.8969969916881        790.4549441131105        852.4063970527505
40.05167958656332         426.70041697975364       506.34790778988076       582.7470546851563        655.6615625769308        724.8236544628033        790.3885848563189        852.3474482389114
40.18087855297159         426.61216674108454       506.2611270356202        582.6632285307624        655.5821969635622        724.7503119339186        790.322225599527         852.2884994250721
40.31007751937987         426.5239165024155        506.17434628135965       582.5794023763684        655.5028313501937        724.6769694050339        790.2558663427352        852.2295506112329
40.439276485788135        426.43943988439906       506.091445319698         582.4994030854258        655.4271797439177        724.6071489535511        790.1927825315893        852.1735964148867
40.568475452196395        426.35496326638264       506.0085443580363        582.4194037944832        655.3515281376416        724.5373285020684        790.1296987204431        852.1176422185403
40.69767441860467         426.2704866483662        505.92564339637465       582.3394045035405        655.2758765313655        724.4675080505856        790.0666149092971        852.0616880221938
40.82687338501294         426.1897435384363        505.846493649524         582.2631072698529        655.2038377834893        724.4011308006927        790.0067432818025        852.0086756031195
40.956072351421206        426.1090004285063        505.7673439026733        582.1868100361652        655.1317990356132        724.3347535507999        789.9468716543078        851.955663184045
41.08527131782948         426.0282573185763        505.68819415582266       582.1105128024775        655.059760287737         724.268376300907         789.8870000268131        851.9026507649705
41.21447028423775         425.9511960949424        505.6127898162299        582.0379362359455        654.991355353768         724.2054598591567        789.8303518070778        851.8525834193665
41.343669250646016        425.8741348713084        505.5373854766371        581.9653596694134        654.9229504197988        724.1425434174063        789.7737035873423        851.8025160737624
41.47286821705428         425.79707364767444       505.4619811370443        581.8927831028814        654.8545454858297        724.079626975656         789.7170553676068        851.7524487281584
41.60206718346256         425.7236770597109        505.39032784978957       581.8239682662039        654.7898172652441        724.0202040929199        789.6636477294575        851.7053267253423
41.73126614987083         425.65028047174724       505.3186745625348        581.7551534295264        654.7250890446584        723.9607812101838        789.610240091308         851.6582047225261
41.860465116279094        425.57688388378364       505.2470212752801        581.686338592849         654.6603608240727        723.9013583274476        789.5568324531586        851.61108271971
41.98966408268736         425.507153137273         505.1791912012           581.6213608627013        654.5993632852477        723.8454594666341        789.506676823049         851.566902744992
42.11886304909562         425.4374223907623        505.11136112711984       581.5563831325535        654.5383657464226        723.7895606058205        789.4565211929392        851.5227227702738
42.24806201550388         425.3676916442517        505.0435310530397        581.4914054024058        654.4773682075977        723.7336617450069        789.4063655628296        851.4785427955557
42.37726098191216         425.30168046746957       504.97953451941834       581.4302288409016        654.420024880328         723.6811798390645        789.3593402436845        851.4371794630066
42.50645994832042         425.2356692906874        504.9155379857969        581.3690522793974        654.3626815530582        723.628697933122         789.3123149245394        851.3958161304574
42.63565891472869         425.16965811390526       504.85154145217547       581.3078757178931        654.3053382257885        723.5762160271795        789.2652896053942        851.3544527979083
42.76485788113696         425.1073358751643        504.7913153633049        581.2504222351907        654.2515745156797        723.5270837511716        789.221333965219         851.315851225193
42.89405684754522         425.0450136364233        504.7310892744342        581.1929687524882        654.1978108055708        723.4779514751636        789.1773783250437        851.2772496524775
43.02325581395349         424.9826913976823        504.6708631855636        581.1355152697859        654.144047095462         723.4288191991557        789.1334226848685        851.2386480797621
43.152454780361765        424.92409824239985       504.61435238119697       581.0816941676087        654.0937519107475        723.3829175053017        789.0924194529094        851.2026968961723
43.28165374677004         424.8655050871173        504.55784157683024       581.0278730654314        654.0434567260329        723.3370158114477        789.0514162209504        851.1667457125822
43.41085271317831         424.80691193183475       504.5013307724636        580.9740519632542        653.9931615413183        723.2911141175937        789.0104129889913        851.130794528992
43.540051679586576        424.751935858404         504.44842410651347       580.9237572728103        653.9462365297353        723.2483516306786        788.9722721891975        851.097403977411
43.66925064599484         424.6969597849732        504.3955174405633        580.8734625823664        653.8993115181522        723.2055891437635        788.9341313894035        851.0640134258297
43.79844961240311         424.6419837115425        504.3426107746132        580.8231678919225        653.8523865065692        723.1628266568484        788.8959905896096        851.0306228742485
43.927648578811386        424.59072511282113       504.2933654321241        580.7764347843367        653.8088491671509        723.1232031201195        788.8606964827122        850.9997670450063
44.056847545219654        424.53946651409973       504.244120089635         580.7297016767511        653.7653118277326        723.0835795833905        788.8254023758147        850.9689112157639
44.18604651162792         424.4882079153784        504.1948747471459        580.6829685691654        653.7217744883143        723.0439560466615        788.7901082689173        850.9380553865216
44.31524547803619         424.4404477389386        504.14911387482283       580.6396134311525        653.6814348366568        723.0072829184477        788.7574798680432        850.9095649529861
44.44444444444445         424.3926875624987        504.10335300249966       580.5962582931395        653.6410951849992        722.9706097902339        788.724851467169         850.8810745194504
44.573643410852725        424.3449273860588        504.0575921301765        580.5529031551265        653.6007555333417        722.9339366620201        788.6922230662947        850.8525840859148
44.70284237726099         424.30083858773736       504.01544840071887       580.5130115030825        653.5636723911749        722.900260785831         788.6623009269529        850.8264939682114
44.832041343669246        424.2567497894158        503.9733046712612        580.4731198510383        653.5265892490081        722.866584909642         788.632378787611         850.8004038505078
44.96124031007752         424.2126609910942        503.93116094180357       580.4332281989942        653.4895061068413        722.832909033453         788.6024566482691        850.7743137328042
45.090439276485796        424.17197533984586       503.89235683298347       580.3965346742004        653.4554304620575        722.8019983598075        788.5750235736402        850.7504209589518
45.21963824289407         424.13128968859746       503.8535527241633        580.3598411494065        653.4213548172736        722.7710876861619        788.5475904990112        850.7265281850994
45.348837209302346        424.0906040373491        503.81474861534315       580.3231476246126        653.3872791724897        722.7401770125164        788.5201574243823        850.702635411247
45.47803617571061         424.053551675535         503.7794660705413        580.289814012095         653.3563595765959        722.7121646554256        788.4953290890633        850.6810389094983
45.60723514211887         424.01649931372083       503.74418352573934       580.2564803995774        653.325439980702         722.6841522983348        788.4705007537441        850.6594424077495
45.736434108527135        423.97944695190665       503.7089009809374        580.2231467870598        653.2945203848082        722.656139941244         788.4456724184249        850.6378459060006
45.86563307493541         423.94564301502004       503.6767345215696        580.1927853957573        653.2663928739078        722.6306878836502        788.42313800208          850.6182634066308
45.99483204134368         423.9118390781333        503.6445680622017        580.1624240044546        653.2382653630074        722.6052358260565        788.400603585735         850.5986809072609
46.12403100775194         423.87803514124664       503.6124016028338        580.132062613152         653.210137852107         722.5797837684628        788.37806916939          850.5790984078911
46.25322997416021         423.84769020099486       503.58353386252094       580.1048243261871        653.1849220077784        722.5569861898548        788.3579042451897        850.5615925546253
46.382428940568474        423.817345260743         503.55466612220806       580.0775860392221        653.1597061634498        722.5341886112467        788.3377393209894        850.5440867013594
46.51162790697674         423.7870003204912        503.5257983818952        580.050347752257         653.1344903191211        722.5113910326386        788.3175743967892        850.5265808480935
46.640826873385016        423.7597809467204        503.4998969400894        580.025906685161         653.1118725760592        722.4909573391006        788.2995167598693        850.5109179891152
46.770025839793284        423.7325615729496        503.47399549828356       580.0014656180648        653.0892548329972        722.4705236455626        788.2814591229494        850.4952551301369
46.89922480620155         423.70534219917874       503.44809405647777       579.9770245509686        653.0666370899352        722.4500899520247        788.2634014860295        850.4795922711586
47.02842377260983         423.681469782678         503.4253580869755        579.9555780917382        653.046807799275         722.4321979821017        788.2476128677465        850.4659158351019
47.157622739018095        423.65759736617724       503.40262211747313       579.9341316325078        653.0269785086148        722.4143060121786        788.2318242494633        850.4522393990452
47.28682170542636         423.6337249496765        503.3798861479708        579.9126851732774        653.0071492179545        722.3964140422555        788.2160356311803        850.4385629629885
47.41602067183463         423.61292780143856       503.36011963216754       579.894092202238         652.9899890165279        722.3809530542065        788.2024082615775        850.4267682289944
47.545219638242905        423.5921306532006        503.3403531163642        579.8754992311985        652.9728288151013        722.3654920661575        788.1887808919745        850.4149734950003
47.674418604651166        423.5713335049627        503.3205866005609        579.8569062601591        652.9556686136747        722.3500310781085        788.1751535223716        850.4031787610062
47.80361757105943         423.55386074032265       503.3040789058645        579.8414151643802        652.9413843650565        722.3371686506061        788.1638199174571        850.3933693587413
47.9328165374677          423.53638797568254       503.28757121116814       579.8259240686012        652.9271001164383        722.3243062231038        788.1524863125425        850.3835599564762
48.06201550387597         423.51891521104244       503.27106351647177       579.8104329728222        652.9128158678201        722.3114437956015        788.141152707628         850.3737505542111
48.19121447028424         423.504371065932         503.25739715899374       579.7976232091087        652.9010111292446        722.3008186129524        788.1317919234939        850.3656478246928
48.320413436692505        423.4898269208215        503.2437308015157        579.7848134453951        652.889206390669         722.2901934303032        788.1224311393598        850.3575450951744
48.44961240310078         423.475282775711         503.2300644440377        579.7720036816816        652.8774016520933        722.2795682476542        788.1130703552258        850.349442365656
48.57881136950905         423.4642856964377        503.219788897528         579.7623803939402        652.8685327989872        722.2715825665093        788.1060311793455        850.3433453412199
48.708010335917315        423.45328861716433       503.2095133510183        579.7527571061988        652.8596639458808        722.2635968853643        788.0989920034651        850.3372483167836
48.83720930232559         423.442291537891         503.1992378045086        579.7431338184575        652.8507950927745        722.2556112042195        788.0919528275848        850.3311512923474
48.96640826873386         423.4342878847053        503.19178401444674       579.7361532930935        652.8443563138985        722.2498075778742        788.0868317856444        850.3267112889
49.095607235142126        423.4262842315197        503.18433022438484       579.7291727677294        652.8379175350223        722.2440039515288        788.081710743704         850.3222712854525
49.2248062015504          423.418280578334         503.176876434323         579.7221922423654        652.8314787561461        722.2382003251835        788.0765897017636        850.317831282005
49.35400516795867         423.41337496889184       503.1723254290308        579.7179214580584        652.8275264244513        722.2346272836819        788.0734296157885        850.3150874389585
49.48320413436692         423.4084693594496        503.1677744237386        579.7136506737514        652.8235740927564        722.2310542421802        788.0702695298132        850.3123435959117
49.6124031007752          423.40356375000744       503.1632234184464        579.7093798894444        652.8196217610615        722.2274812006787        788.0671094438379        850.309599752865
49.741602067183464        423.40208551182417       503.1618968715657        579.7081420661076        652.8184731922787        722.226439258481         788.0661853799265        850.3087962235066
49.87080103359173         423.4006072736408        503.1605703246849        579.7069042427707        652.8173246234958        722.2253973162834        788.065261316015         850.3079926941481
50                        423.39912903545746       503.1592437778041        579.7056664194339        652.816176054713         722.2243553740858        788.0643372521035        850.3071891647895
